0 0.15625 0.34375 0.025 0.06875
0 0.79609375 0.365625 0.0265625 0.078125
0 0.33203125 0.25234375 0.0109375 0.03125
0 0.2546875 0.26328125 0.0125 0.034375
0 0.1421875 0.30703125 0.0203125 0.053125
1 0.60234375 0.2375 0.0078125 0.025
0 0.18671875 0.28046875 0.0171875 0.0421875
0 0.4015625 0.24765625 0.009375 0.028125
0 0.2890625 0.38125 0.0328125 0.0875
0 0.54296875 0.39375 0.0375 0.09375
0 0.6640625 0.25234375 0.009375 0.0296875
0 0.49296875 0.24453125 0.009375 0.0265625
1 0.9125 0.2765625 0.0125 0.0359375
0 0.5828125 0.246875 0.009375 0.028125
1 0.28203125 0.2453125 0.009375 0.028125
1 0.37421875 0.2390625 0.0078125 0.025
0 0.7421875 0.2640625 0.0125 0.034375
1 0.70625 0.24609375 0.009375 0.025
0 0.809375 0.28125 0.0140625 0.0359375
1 0.17109375 0.25859375 0.0109375 0.03125
1 0.48828125 0.23515625 0.0078125 0.025
1 0.8125 0.25859375 0.0109375 0.0296875
0 0.8671875 0.3328125 0.0171875 0.059375
1 0.60390625 0.62734375 0.0796875 0.2046875