0 0.103125 0.375 0.009375 0.01875
0 0.12109375 0.36796875 0.0078125 0.0171875
0 0.80703125 0.4109375 0.01875 0.021875
0 0.678125 0.39921875 0.0140625 0.01875
0 0.578125 0.38984375 0.0125 0.0140625
0 0.5078125 0.37890625 0.0109375 0.0125
0 0.45078125 0.36875 0.009375 0.009375
0 0.41484375 0.36171875 0.009375 0.009375
1 0.74140625 0.646875 0.0734375 0.1453125
1 0.2953125 0.49140625 0.034375 0.0671875
1 0.0890625 0.4359375 0.01875 0.0390625
1 0.08515625 0.4046875 0.0109375 0.0265625
1 0.1625 0.38828125 0.009375 0.025
1 0.17578125 0.36015625 0.0078125 0.01875
1 0.25 0.3671875 0.0078125 0.01875
1 0.2234375 0.378125 0.009375 0.0203125
1 0.21953125 0.36328125 0.00625 0.01875