1 0.82734375 0.3375 0.021875 0.0484375
0 0.5515625 0.49609375 0.0609375 0.13125
0 0.95234375 0.29140625 0.0109375 0.0234375
1 0.87578125 0.3671875 0.0265625 0.0625
0 0.61640625 0.4203125 0.040625 0.0921875
0 0.77109375 0.27421875 0.0109375 0.0234375
0 0.6265625 0.31875 0.0203125 0.0484375
1 0.89296875 0.29453125 0.0125 0.028125
0 0.85234375 0.28046875 0.0109375 0.0234375
1 0.796875 0.2890625 0.0125 0.03125
1 0.96484375 0.3015625 0.0140625 0.028125
0 0.6234375 0.29140625 0.015625 0.0375
1 0.83359375 0.2890625 0.0125 0.0296875
0 0.63125 0.3703125 0.0265625 0.0671875
0 0.64609375 0.27734375 0.0125 0.028125
1 0.928125 0.40390625 0.034375 0.0765625
0 0.33828125 0.678125 0.109375 0.2359375
0 0.7 0.27265625 0.0109375 0.025
1 0.778125 0.30625 0.015625 0.0375
0 0.628125 0.34375 0.021875 0.0578125
1 0.7796875 0.29453125 0.0125 0.03125