0 0.01875 0.30234375 0.0125 0.0296875
0 0.76875 0.10859375 0.0109375 0.025
0 0.671875 0.1296875 0.0109375 0.025
0 0.8703125 0.290625 0.0484375 0.0984375
0 0.59375 0.48671875 0.06875 0.1546875
0 0.11640625 0.26484375 0.009375 0.0234375
0 0.59375 0.14609375 0.009375 0.0234375
1 0.528125 0.14765625 0.00625 0.0140625
1 0.21484375 0.2265625 0.00625 0.0171875
0 0.5375 0.1546875 0.0078125 0.0203125
1 0.009375 0.2859375 0.00625 0.0140625
0 0.48515625 0.16015625 0.00625 0.01875
0 0.196875 0.2375 0.0078125 0.0203125
0 0.3671875 0.18984375 0.00625 0.0171875
1 0.053125 0.278125 0.009375 0.021875
1 0.13203125 0.25234375 0.0078125 0.0171875
1 0.6375 0.12890625 0.009375 0.01875
1 0.83671875 0.08984375 0.0078125 0.01875
0 0.0359375 0.27421875 0.0046875 0.0125
1 0.13515625 0.246875 0.0046875 0.0125
1 0.71640625 0.1125 0.0078125 0.0171875
1 0.25625 0.21171875 0.00625 0.0140625
0 0.3140625 0.203125 0.00625 0.0171875
1 0.3734375 0.18359375 0.00625 0.015625
1 0.46171875 0.15859375 0.0046875 0.0109375
0 0.0734375 0.2625 0.0046875 0.0109375
1 0.57109375 0.140625 0.0078125 0.0171875
1 0.45 0.16328125 0.00625 0.0171875
0 0.11796875 0.24765625 0.0046875 0.0140625
0 0.42109375 0.17578125 0.0078125 0.0171875
0 0.26328125 0.2171875 0.0078125 0.0171875
1 0.29453125 0.20234375 0.00625 0.0171875
0 0.36328125 0.18125 0.0046875 0.0109375
1 0.35 0.1828125 0.0046875 0.0125
1 0.21953125 0.2234375 0.0046875 0.0109375
1 0.08046875 0.2640625 0.00625 0.0140625
1 0.40546875 0.171875 0.0046875 0.0125
0 0.40703125 0.16875 0.003125 0.0109375
0 0.18125 0.23046875 0.0046875 0.0109375
1 0.17421875 0.234375 0.0046875 0.0125