0 0.56484375 0.63515625 0.04375 0.065625
0 0.14921875 0.475 0.015625 0.021875
0 0.31875 0.48046875 0.0078125 0.0109375
0 0.33359375 0.47734375 0.0078125 0.009375
0 0.3328125 0.4890625 0.0109375 0.015625
0 0.3625 0.478125 0.00625 0.0078125
0 0.40234375 0.503125 0.0125 0.0171875
0 0.421875 0.48671875 0.00625 0.0078125
0 0.4734375 0.49296875 0.00625 0.0078125
0 0.51328125 0.5 0.00625 0.0078125
0 0.5171875 0.5140625 0.009375 0.0140625
0 0.48671875 0.525 0.0140625 0.021875
0 0.578125 0.55078125 0.01875 0.0265625
0 0.54453125 0.50625 0.00625 0.0078125
0 0.58046875 0.51328125 0.00625 0.009375
0 0.69453125 0.5390625 0.009375 0.0140625
0 0.7328125 0.56015625 0.0140625 0.0203125
0 0.79140625 0.58515625 0.021875 0.028125
0 0.82109375 0.565625 0.0125 0.0171875
0 0.73203125 0.61875 0.0375 0.0484375
0 0.346875 0.578125 0.04375 0.05625
0 0.3359375 0.51796875 0.01875 0.028125
1 0.6484375 0.8515625 0.1234375 0.1734375
1 0.26953125 0.71796875 0.103125 0.1359375
1 0.146875 0.46640625 0.0109375 0.0171875
1 0.25 0.47265625 0.0078125 0.0125
1 0.3890625 0.48828125 0.009375 0.0125
1 0.42734375 0.5078125 0.0125 0.0171875
1 0.5140625 0.509375 0.009375 0.0125
1 0.61328125 0.5265625 0.0109375 0.015625
1 0.665625 0.5375 0.0109375 0.015625
1 0.31484375 0.5328125 0.0265625 0.0375