0 0.8453125 0.284375 0.0171875 0.0609375
0 0.6984375 0.240625 0.0109375 0.0359375
0 0.79140625 0.2515625 0.0109375 0.0421875
0 0.828125 0.2640625 0.0140625 0.0515625
0 0.65234375 0.240625 0.0078125 0.03125
0 0.81328125 0.3140625 0.021875 0.071875
0 0.4890625 0.2453125 0.0078125 0.025
0 0.55 0.24609375 0.0078125 0.028125
1 0.8671875 0.2203125 0.015625 0.0359375
1 0.87734375 0.18828125 0.00625 0.0203125
0 0.88828125 0.18125 0.00625 0.0203125
0 0.5046875 0.23046875 0.00625 0.0203125
1 0.71015625 0.221875 0.009375 0.028125
1 0.61171875 0.22890625 0.0078125 0.0234375
0 0.7484375 0.24453125 0.0109375 0.0375
0 0.925 0.17890625 0.00625 0.0203125
1 0.5671875 0.22734375 0.00625 0.021875
1 0.7875 0.21875 0.009375 0.0296875
0 0.5546875 0.2203125 0.0046875 0.01875
1 0.69375 0.2046875 0.00625 0.0203125
0 0.6765625 0.2015625 0.0046875 0.01875
0 0.8125 0.1875 0.0046875 0.01875
0 0.47890625 0.240625 0.00625 0.0234375
1 0.60078125 0.21640625 0.0046875 0.0171875
0 0.6140625 0.21015625 0.0046875 0.0171875
1 0.640625 0.21015625 0.0046875 0.01875
1 0.79453125 0.19453125 0.00625 0.0203125
1 0.93828125 0.1828125 0.0046875 0.0234375
0 0.7 0.4390625 0.0296875 0.1234375
1 0.58046875 0.2296875 0.00625 0.0234375
1 0.578125 0.221875 0.003125 0.0203125
1 0.74609375 0.1984375 0.00625 0.01875
0 0.74296875 0.19375 0.0046875 0.0171875
0 0.34921875 0.75703125 0.0515625 0.19375