0 0.8578125 0.31171875 0.0125 0.0328125
0 0.15078125 0.3140625 0.015625 0.0421875
1 0.34296875 0.30859375 0.0140625 0.040625
0 0.72734375 0.296875 0.009375 0.028125
0 0.3703125 0.2875 0.0109375 0.0296875
1 0.425 0.29921875 0.0125 0.0359375
1 0.78984375 0.58046875 0.0578125 0.15625
1 0.4 0.50078125 0.05 0.128125
1 0.27265625 0.3265625 0.0171875 0.0484375
1 0.92578125 0.340625 0.015625 0.04375
1 0.8125 0.3203125 0.0125 0.0359375
0 0.48671875 0.2859375 0.0078125 0.0265625
0 0.60625 0.28828125 0.009375 0.0265625
1 0.5171875 0.296875 0.0109375 0.0328125
0 0.2578125 0.296875 0.0125 0.0359375
1 0.24140625 0.4125 0.0296875 0.0859375
1 0.71171875 0.3078125 0.0125 0.0328125
1 0.6140625 0.29921875 0.0109375 0.03125