0 0.6359375 0.32265625 0.00625 0.0234375
1 0.34453125 0.559375 0.046875 0.1515625
1 0.6546875 0.34375 0.0078125 0.028125
0 0.57734375 0.31015625 0.0046875 0.021875
0 0.13828125 0.2484375 0.0046875 0.0203125
1 0.18515625 0.2640625 0.0046875 0.021875
1 0.08203125 0.25 0.0078125 0.025
1 0.88359375 0.40390625 0.0109375 0.0390625
1 0.53984375 0.3171875 0.00625 0.025
1 0.36796875 0.28515625 0.0046875 0.0203125
0 0.48515625 0.29140625 0.003125 0.01875
0 0.321875 0.2671875 0.003125 0.01875
0 0.2375 0.259375 0.0046875 0.0203125
1 0.77734375 0.37109375 0.0078125 0.0328125
0 0.79609375 0.35703125 0.0078125 0.0265625
1 0.44765625 0.29765625 0.0046875 0.021875
0 0.70078125 0.33671875 0.0078125 0.025
0 0.41484375 0.27578125 0.003125 0.01875
1 0.28046875 0.275 0.0046875 0.021875