1 0.42578125 0.5953125 0.0640625 0.1875
1 0.17109375 0.428125 0.040625 0.11875
1 0.128125 0.2484375 0.0140625 0.0390625
1 0.2296875 0.25546875 0.0140625 0.0375
1 0.31484375 0.2640625 0.0125 0.0375
1 0.44921875 0.28515625 0.0125 0.040625
1 0.53984375 0.296875 0.0125 0.0421875
1 0.64296875 0.30703125 0.0125 0.0390625
1 0.72109375 0.3109375 0.0109375 0.0359375
1 0.77265625 0.309375 0.0109375 0.03125
1 0.8 0.309375 0.009375 0.028125
0 0.24609375 0.24140625 0.0109375 0.03125
0 0.35390625 0.253125 0.009375 0.0296875
0 0.4609375 0.26875 0.0109375 0.03125
0 0.509375 0.27421875 0.009375 0.03125
0 0.5734375 0.28046875 0.0078125 0.0296875
0 0.6234375 0.284375 0.0078125 0.028125
0 0.65234375 0.28515625 0.0078125 0.028125
0 0.68515625 0.28515625 0.0078125 0.025
0 0.7 0.284375 0.00625 0.025
0 0.70546875 0.2828125 0.00625 0.025
0 0.696875 0.27734375 0.00625 0.0203125
0 0.72421875 0.2734375 0.0046875 0.01875
0 0.76484375 0.27890625 0.0046875 0.0171875
0 0.86015625 0.29453125 0.00625 0.0171875
0 0.91953125 0.3015625 0.00625 0.01875
1 0.8921875 0.303125 0.0078125 0.021875
1 0.78359375 0.29140625 0.0078125 0.0234375
1 0.78671875 0.28671875 0.0046875 0.0203125
1 0.81171875 0.290625 0.00625 0.0203125
0 0.6953125 0.2734375 0.0046875 0.0171875
0 0.809375 0.2859375 0.0046875 0.01875
1 0.80234375 0.2984375 0.00625 0.0234375
1 0.8046875 0.303125 0.00625 0.0265625
1 0.9390625 0.309375 0.00625 0.0203125
0 0.93828125 0.30234375 0.0046875 0.01875
0 0.88828125 0.29765625 0.0046875 0.01875
0 0.12578125 0.2328125 0.0109375 0.03125