0 0.61953125 0.2640625 0.0265625 0.0578125
0 0.75390625 0.20234375 0.0234375 0.05
1 0.18984375 0.43125 0.0296875 0.0625
0 0.3953125 0.2625 0.0109375 0.0234375
0 0.33125 0.346875 0.021875 0.0484375
0 0.346875 0.284375 0.0125 0.0265625
1 0.13828125 0.409375 0.021875 0.0453125
1 0.63125 0.17578125 0.0109375 0.0234375
1 0.2234375 0.334375 0.0125 0.028125
0 0.275 0.3484375 0.0171875 0.0390625
0 0.46484375 0.2359375 0.009375 0.0203125
0 0.459375 0.31953125 0.0265625 0.0578125
0 0.5375 0.21015625 0.0109375 0.0234375
1 0.80390625 0.134375 0.0125 0.028125
1 0.72109375 0.1515625 0.0109375 0.025
0 0.7296875 0.1640625 0.0140625 0.0296875
1 0.3609375 0.26875 0.009375 0.0203125
1 0.45 0.2328125 0.009375 0.0203125
1 0.73203125 0.28984375 0.0375 0.0828125
1 0.54375 0.2015625 0.009375 0.0203125
0 0.3 0.309375 0.0140625 0.0296875
0 0.771875 0.1625 0.0125 0.034375
1 0.4015625 0.39921875 0.0421875 0.084375
0 0.671875 0.1734375 0.0125 0.0265625
1 0.29296875 0.29765625 0.0078125 0.025
0 0.27109375 0.33203125 0.015625 0.0328125
1 0.165625 0.37265625 0.015625 0.034375
0 0.60546875 0.19140625 0.0109375 0.0234375
0 0.78828125 0.17421875 0.0140625 0.040625