0 0.3046875 0.55078125 0.0140625 0.01875
0 0.43515625 0.62734375 0.0421875 0.0578125
0 0.46796875 0.55703125 0.01875 0.028125
0 0.48359375 0.5265625 0.009375 0.0140625
0 0.4734375 0.5203125 0.0078125 0.0109375
0 0.490625 0.5140625 0.00625 0.0109375
0 0.52109375 0.509375 0.0046875 0.009375
0 0.55 0.5265625 0.0125 0.0171875
0 0.58203125 0.503125 0.00625 0.0078125
0 0.63515625 0.4984375 0.00625 0.0078125
0 0.6765625 0.496875 0.0046875 0.009375
0 0.7109375 0.49609375 0.00625 0.009375
0 0.74921875 0.49453125 0.00625 0.0109375
0 0.88046875 0.4953125 0.0109375 0.015625
0 0.9265625 0.51171875 0.01875 0.0234375
0 0.909375 0.59140625 0.0515625 0.059375
0 0.728125 0.5390625 0.0203125 0.0296875
0 0.675 0.51171875 0.009375 0.0140625
0 0.63203125 0.53125 0.015625 0.021875
0 0.66796875 0.65625 0.0546875 0.08125
1 0.2296875 0.83125 0.1125 0.159375
1 0.30859375 0.5421875 0.009375 0.015625
1 0.40625 0.52734375 0.0078125 0.0125
1 0.4328125 0.5796875 0.025 0.0375
1 0.54296875 0.51328125 0.0078125 0.0125
1 0.57421875 0.52578125 0.0125 0.01875
1 0.78359375 0.5015625 0.0109375 0.015625
1 0.84375 0.5015625 0.0125 0.0171875
1 0.671875 0.5078125 0.0078125 0.0125