0 0.284375 0.36875 0.0234375 0.0484375
0 0.88359375 0.25703125 0.0109375 0.0234375
0 0.29453125 0.31484375 0.0125 0.0296875
0 0.3171875 0.334375 0.0171875 0.0375
0 0.15625 0.43359375 0.034375 0.0671875
0 0.24453125 0.303125 0.0109375 0.025
1 0.46171875 0.3875 0.0296875 0.0640625
0 0.08671875 0.30625 0.0109375 0.0234375
0 0.17890625 0.29765625 0.009375 0.0234375
1 0.38203125 0.29375 0.0109375 0.025
1 0.30625 0.2875 0.009375 0.021875
0 0.8 0.26015625 0.009375 0.0203125
1 0.76484375 0.26875 0.009375 0.021875
1 0.40234375 0.49609375 0.0515625 0.1109375
1 0.590625 0.26328125 0.0078125 0.01875
1 0.5140625 0.2625 0.00625 0.0171875
0 0.6015625 0.2609375 0.00625 0.0171875
1 0.2359375 0.28671875 0.009375 0.01875
0 0.55703125 0.25859375 0.00625 0.0140625
1 0.6046875 0.75 0.0671875 0.1609375
1 0.47421875 0.3328125 0.01875 0.0421875
1 0.03515625 0.3015625 0.009375 0.0203125
1 0.00078125 0.2890625 0.0015625 0.015625
1 0.86015625 0.26953125 0.0125 0.028125
1 0.146875 0.2953125 0.0078125 0.01875
1 0.48203125 0.2609375 0.00625 0.015625
1 0.54921875 0.26328125 0.0078125 0.01875
1 0.4484375 0.30625 0.0140625 0.03125
0 0.72265625 0.26171875 0.0109375 0.025
0 0.4625 0.25625 0.00625 0.0140625
1 0.684375 0.265625 0.009375 0.0203125
1 0.63828125 0.2640625 0.0078125 0.01875
0 0.509375 0.25703125 0.00625 0.0140625
0 0.67734375 0.2609375 0.0078125 0.0203125
1 0.24296875 0.2671875 0.00625 0.0140625
1 0.05 0.28359375 0.00625 0.0140625
1 0.10234375 0.27890625 0.00625 0.0140625