0 0.15859375 0.3484375 0.0140625 0.0375
0 0.08203125 0.38671875 0.0171875 0.046875
0 0.15546875 0.4984375 0.04375 0.1046875
0 0.44140625 0.446875 0.046875 0.1171875
0 0.6625 0.2203125 0.0125 0.0359375
0 0.49765625 0.24296875 0.009375 0.028125
0 0.58125 0.2296875 0.0109375 0.03125
0 0.73203125 0.33359375 0.03125 0.0921875
1 0.6234375 0.21015625 0.0109375 0.028125
1 0.5171875 0.22890625 0.009375 0.0265625
0 0.240625 0.315625 0.0125 0.034375
1 0.73515625 0.19609375 0.009375 0.03125
1 0.19140625 0.31796875 0.009375 0.0296875
0 0.4046875 0.26484375 0.0109375 0.028125
1 0.0734375 0.36328125 0.0109375 0.034375
0 0.31171875 0.28984375 0.0109375 0.0296875
0 0.73515625 0.221875 0.0140625 0.0421875
1 0.28515625 0.28828125 0.0078125 0.0265625
1 0.40078125 0.2546875 0.00625 0.025
1 0.84140625 0.19140625 0.0140625 0.0390625
1 0.48515625 0.77890625 0.046875 0.146875
0 0.8046875 0.27109375 0.01875 0.0703125