0 0.70546875 0.25234375 0.0140625 0.03125
0 0.32421875 0.309375 0.0171875 0.0375
0 0.07421875 0.4140625 0.0328125 0.06875
1 0.2953125 0.39453125 0.0359375 0.075
0 0.5765625 0.26328125 0.0140625 0.03125
0 0.2015625 0.35 0.021875 0.0484375
1 0.61484375 0.275 0.015625 0.0359375
1 0.8375 0.26015625 0.0171875 0.040625
0 0.45078125 0.28203125 0.0140625 0.0328125
1 0.721875 0.26484375 0.0171875 0.0375
1 0.5125 0.28984375 0.0171875 0.040625
0 0.846875 0.246875 0.015625 0.034375
1 0.34453125 0.3453125 0.025 0.05625
1 0.31875 0.4828125 0.0515625 0.1171875
1 0.4203125 0.3125 0.0203125 0.0453125
1 0.5890625 0.65703125 0.1 0.2171875