0 0.22578125 0.3875 0.0265625 0.0625
0 0.3609375 0.3484375 0.01875 0.0453125
1 0.49375 0.40390625 0.028125 0.0703125
1 0.48515625 0.48203125 0.04375 0.1078125
1 0.6125 0.29765625 0.009375 0.0234375
1 0.53984375 0.37109375 0.0234375 0.05625
0 0.47265625 0.32890625 0.0140625 0.0375
0 0.41953125 0.2890625 0.0078125 0.0203125
1 0.6421875 0.30546875 0.0109375 0.0265625
0 0.04765625 0.48203125 0.040625 0.103125
1 0.63984375 0.3421875 0.0171875 0.0421875
1 0.6640625 0.32890625 0.015625 0.0359375
1 0.65859375 0.31484375 0.0109375 0.0296875
0 0.51171875 0.3125 0.0125 0.0296875
0 0.50078125 0.30078125 0.009375 0.025
1 0.58515625 0.2921875 0.0078125 0.0203125
0 0.3875 0.27734375 0.00625 0.0140625
1 0.5515625 0.2890625 0.0078125 0.0203125
0 0.496875 0.321875 0.0125 0.03125
0 0.8125 0.27109375 0.0046875 0.0109375
0 0.475 0.29296875 0.0078125 0.0203125
1 0.67109375 0.26640625 0.0046875 0.0109375
0 0.85234375 0.2703125 0.0046875 0.0109375
1 0.90078125 0.2734375 0.0046875 0.0125
0 0.42265625 0.2765625 0.00625 0.0140625
1 0.7125 0.26953125 0.0046875 0.0109375
0 0.88125 0.2703125 0.0046875 0.0109375
1 0.86796875 0.27421875 0.0046875 0.0125
1 0.83125 0.2734375 0.0046875 0.0125
0 0.465625 0.2734375 0.00625 0.0140625
0 0.3734375 0.284375 0.00625 0.0171875
0 0.471875 0.2703125 0.003125 0.0109375
0 0.7296875 0.26796875 0.0046875 0.0109375
1 0.54765625 0.265625 0.0046875 0.0109375
1 0.51328125 0.26796875 0.00625 0.0140625
0 0.74609375 0.26875 0.0046875 0.0109375
0 0.834375 0.271875 0.0046875 0.0109375
0 0.49140625 0.29453125 0.0078125 0.021875
0 0.3640625 0.28046875 0.00625 0.015625
0 0.453125 0.290625 0.0078125 0.0203125
0 0.7640625 0.26953125 0.0046875 0.0109375
1 0.4484375 0.28125 0.00625 0.0171875
1 0.45703125 0.2796875 0.00625 0.0171875
0 0.665625 0.26484375 0.003125 0.009375
1 0.47734375 0.28515625 0.00625 0.015625
1 0.521875 0.28671875 0.0078125 0.0171875
1 0.53125 0.271875 0.00625 0.0140625
1 0.73671875 0.27109375 0.0046875 0.0109375
1 0.56875 0.26484375 0.0046875 0.0109375
1 0.62578125 0.265625 0.0046875 0.009375
1 0.50078125 0.27734375 0.00625 0.0140625
1 0.52890625 0.26640625 0.0046875 0.0109375
1 0.78828125 0.2734375 0.00625 0.0109375
0 0.46328125 0.26875 0.003125 0.0109375
1 0.5171875 0.27421875 0.00625 0.0140625
0 0.4515625 0.275 0.0046875 0.0140625
1 0.69375 0.26875 0.0046875 0.0109375
0 0.70078125 0.26640625 0.0046875 0.009375
0 0.4765625 0.2703125 0.00625 0.0140625
0 0.55546875 0.2640625 0.003125 0.0109375
1 0.5171875 0.26640625 0.003125 0.0125
0 0.521875 0.2640625 0.003125 0.009375
1 0.6453125 0.265625 0.0046875 0.0109375
1 0.60703125 0.7203125 0.0953125 0.2171875
0 0.49453125 0.265625 0.003125 0.0078125
0 0.509375 0.3046875 0.009375 0.025
1 0.59375 0.26484375 0.0046875 0.009375
0 0.63046875 0.265625 0.0046875 0.009375
0 0.475 0.27265625 0.0046875 0.0109375
1 0.51953125 0.26953125 0.0046875 0.0125
0 0.59140625 0.26328125 0.003125 0.0109375