0 0.31171875 0.6609375 0.0546875 0.1578125
0 0.41171875 0.4953125 0.0265625 0.078125
0 0.45078125 0.4390625 0.0171875 0.053125
0 0.47890625 0.41171875 0.0125 0.040625
0 0.49375 0.3953125 0.0109375 0.03125
0 0.4890625 0.38671875 0.0078125 0.028125
0 0.4421875 0.3875 0.0078125 0.0265625
0 0.3625 0.40234375 0.009375 0.028125
0 0.27578125 0.41796875 0.0109375 0.0296875
0 0.16953125 0.43515625 0.0125 0.0359375
1 0.77734375 0.5984375 0.053125 0.1390625
1 0.66875 0.48046875 0.0265625 0.08125
1 0.62734375 0.4296875 0.01875 0.05625
1 0.60859375 0.403125 0.0125 0.0390625
1 0.5984375 0.3875 0.0109375 0.0328125
1 0.584375 0.378125 0.009375 0.028125
1 0.52734375 0.371875 0.0078125 0.025
1 0.45390625 0.3796875 0.00625 0.021875
1 0.3703125 0.39375 0.0078125 0.0234375
1 0.29375 0.409375 0.0078125 0.0265625
1 0.20390625 0.4234375 0.009375 0.03125
1 0.08828125 0.4421875 0.0109375 0.0359375