0 0.38046875 0.4609375 0.0296875 0.0640625
0 0.76171875 0.334375 0.015625 0.0359375
0 0.57890625 0.3765625 0.0203125 0.046875
0 0.3390625 0.59296875 0.0578125 0.125
0 0.66640625 0.3515625 0.01875 0.040625
0 0.26640625 0.8375 0.0625 0.14375
0 0.4828125 0.41171875 0.0203125 0.046875
0 0.88671875 0.315625 0.01875 0.0375
1 0.88046875 0.34765625 0.025 0.0546875
1 0.3375 0.3515625 0.00625 0.0109375
1 0.28828125 0.36875 0.00625 0.0140625
1 0.4625 0.3296875 0.00625 0.0140625
1 0.26328125 0.37265625 0.0046875 0.0125
1 0.27734375 0.36796875 0.0046875 0.0125
1 0.64765625 0.4171875 0.028125 0.0625
0 0.43125 0.33359375 0.00625 0.0109375
1 0.734375 0.48671875 0.0515625 0.1078125
1 0.74765625 0.371875 0.0265625 0.0578125
0 0.40234375 0.34375 0.00625 0.0140625
0 0.359375 0.353125 0.00625 0.0140625
0 0.32421875 0.36015625 0.0046875 0.0109375
0 0.3015625 0.36171875 0.00625 0.015625
1 0.26484375 0.37109375 0.0046875 0.0140625
1 0.37109375 0.3453125 0.0046875 0.0109375
1 0.42421875 0.33359375 0.0046875 0.0109375
0 0.4125 0.3359375 0.0046875 0.0109375
0 0.44609375 0.33515625 0.00625 0.0140625
1 0.45078125 0.3296875 0.0046875 0.0109375