0 0.1984375 0.45078125 0.0359375 0.0640625
0 0.78515625 0.421875 0.015625 0.0265625
0 0.1796875 0.39921875 0.0234375 0.0453125
0 0.1390625 0.38203125 0.0203125 0.0375
0 0.3421875 0.3546875 0.009375 0.0171875
0 0.1 0.36875 0.0171875 0.0328125
0 0.11484375 0.34375 0.009375 0.021875
0 0.65546875 0.4015625 0.0140625 0.025
0 0.1671875 0.3421875 0.009375 0.0203125
0 0.50390625 0.37421875 0.009375 0.0171875
0 0.58515625 0.38828125 0.009375 0.01875
0 0.4234375 0.36328125 0.00625 0.015625
1 0.3703125 0.40234375 0.021875 0.040625
1 0.71640625 0.42109375 0.015625 0.0296875
1 0.903125 0.46875 0.0234375 0.04375
1 0.6625 0.5359375 0.05 0.0859375
1 0.48203125 0.38125 0.0140625 0.025
1 0.31796875 0.384375 0.0171875 0.03125
1 0.48984375 0.45 0.0328125 0.0578125
1 0.23359375 0.3546875 0.0109375 0.021875
1 0.36015625 0.3578125 0.009375 0.01875
1 0.4140625 0.3671875 0.009375 0.0171875
1 0.25 0.36953125 0.0140625 0.0265625
1 0.57421875 0.39609375 0.0125 0.025
1 0.3046875 0.35234375 0.0109375 0.021875
1 0.2578125 0.35390625 0.0109375 0.0203125