0 0.65390625 0.45859375 0.0265625 0.06875
0 0.08203125 0.46015625 0.025 0.0546875
0 0.7828125 0.43125 0.025 0.05625
0 0.30703125 0.40546875 0.0125 0.034375
0 0.47578125 0.5546875 0.0453125 0.1125
0 0.921875 0.41953125 0.0203125 0.0484375
1 0.1875 0.4078125 0.0140625 0.034375
0 0.259375 0.37421875 0.0078125 0.0203125
0 0.22890625 0.43046875 0.0171875 0.0390625
0 0.071875 0.378125 0.0078125 0.0171875
0 0.353125 0.38828125 0.0109375 0.028125
0 0.13359375 0.8078125 0.059375 0.16875
0 0.20546875 0.3734375 0.00625 0.01875
1 0.0515625 0.38671875 0.0109375 0.0265625
1 0.1375 0.38515625 0.009375 0.021875
0 0.32109375 0.38046875 0.0078125 0.0234375
1 0.20390625 0.3875 0.0078125 0.0234375
1 0.22578125 0.39453125 0.009375 0.025
1 0.03984375 0.4328125 0.0109375 0.040625
1 0.96484375 0.64609375 0.0203125 0.05