0 0.19609375 0.628125 0.0203125 0.025
0 0.3515625 0.61640625 0.03125 0.0390625
0 0.41640625 0.55546875 0.0140625 0.0171875
0 0.41640625 0.546875 0.0109375 0.0125
0 0.43984375 0.53359375 0.0078125 0.0109375
0 0.475 0.52109375 0.00625 0.009375
0 0.484375 0.54296875 0.015625 0.0203125
0 0.56796875 0.5390625 0.0234375 0.0296875
0 0.53984375 0.503125 0.0078125 0.009375
0 0.5953125 0.4875 0.00625 0.009375
0 0.62890625 0.49765625 0.0125 0.0171875
0 0.63828125 0.4765625 0.0078125 0.009375
0 0.6734375 0.46953125 0.0078125 0.0109375
0 0.71328125 0.4609375 0.009375 0.0125
0 0.85546875 0.4375 0.015625 0.01875
0 0.9203125 0.4484375 0.028125 0.0328125
0 0.96796875 0.63515625 0.0640625 0.1296875
0 0.6796875 0.53515625 0.034375 0.0453125
1 0.26171875 0.6765625 0.04375 0.0578125
1 0.221875 0.609375 0.0140625 0.01875
1 0.340625 0.56875 0.0109375 0.015625
1 0.51015625 0.53828125 0.0171875 0.021875
1 0.49140625 0.52421875 0.0109375 0.0140625
1 0.62890625 0.4921875 0.0125 0.0171875
1 0.7484375 0.4640625 0.015625 0.01875
1 0.81640625 0.4515625 0.0171875 0.021875