0 0.38515625 0.55546875 0.040625 0.103125
1 0.80546875 0.5625 0.05625 0.1390625
0 0.46953125 0.478125 0.0296875 0.075
1 0.8421875 0.3796875 0.021875 0.0484375
1 0.9078125 0.4046875 0.028125 0.06875
0 0.07578125 0.465625 0.0109375 0.028125
1 0.4125 0.4359375 0.0171875 0.0390625
0 0.3765625 0.4609375 0.021875 0.0515625
1 0.734375 0.3734375 0.015625 0.0359375
0 0.19765625 0.49609375 0.025 0.059375
0 0.80546875 0.35390625 0.0125 0.0265625
1 0.5609375 0.39609375 0.0109375 0.028125
1 0.62734375 0.41953125 0.021875 0.0515625
0 0.14296875 0.4578125 0.009375 0.0296875
0 0.69296875 0.36875 0.0109375 0.025
1 0.6515625 0.38359375 0.0125 0.03125
0 0.925 0.34140625 0.0125 0.03125
1 0.1640625 0.475 0.01875 0.0421875
0 0.5796875 0.384375 0.009375 0.0234375
1 0.521875 0.42265625 0.0171875 0.0421875
1 0.259375 0.4484375 0.0109375 0.0265625
1 0.290625 0.45625 0.0171875 0.0390625
1 0.3625 0.4296875 0.0140625 0.03125
1 0.825 0.36640625 0.0171875 0.0375
1 0.4609375 0.4109375 0.0109375 0.0265625
0 0.109375 0.79765625 0.0578125 0.196875
1 0.7171875 0.453125 0.03125 0.0765625
0 0.3671875 0.41953125 0.009375 0.0234375
0 0.259375 0.43671875 0.0078125 0.0265625
1 0.14921875 0.4640625 0.0125 0.0328125