0 0.459375 0.3046875 0.0140625 0.0453125
1 0.4265625 0.378125 0.0265625 0.0796875
0 0.19453125 0.27890625 0.0203125 0.059375
0 0.34140625 0.29453125 0.0171875 0.0515625
0 0.50703125 0.30625 0.0140625 0.0390625
1 0.6953125 0.34453125 0.0125 0.0375
1 0.8671875 0.3453125 0.00625 0.0203125
1 0.62265625 0.375 0.01875 0.0578125
1 0.9296875 0.36640625 0.00625 0.0203125
1 0.68125 0.32734375 0.0109375 0.03125
0 0.534375 0.28359375 0.009375 0.028125
1 0.64453125 0.30703125 0.009375 0.028125
1 0.765625 0.315625 0.00625 0.0171875
1 0.6515625 0.2921875 0.00625 0.021875
0 0.89140625 0.34609375 0.0046875 0.015625
1 0.671875 0.3640625 0.015625 0.046875
1 0.35234375 0.41171875 0.0328125 0.1015625
0 0.5375 0.30078125 0.0109375 0.034375
0 0.58203125 0.2703125 0.00625 0.0171875
0 0.54765625 0.2671875 0.00625 0.0203125
1 0.721875 0.3046875 0.00625 0.01875
0 0.8203125 0.3265625 0.0046875 0.015625
1 0.68359375 0.296875 0.00625 0.01875
0 0.68828125 0.29140625 0.0046875 0.015625
1 0.828125 0.33359375 0.00625 0.0203125
0 0.51796875 0.26875 0.00625 0.0234375
1 0.62578125 0.2953125 0.0078125 0.025
1 0.484375 0.64765625 0.0609375 0.1953125
0 0.54453125 0.29375 0.009375 0.0296875
1 0.63125 0.28984375 0.00625 0.0203125
0 0.75078125 0.3078125 0.0046875 0.015625
0 0.63125 0.27890625 0.0046875 0.0171875