1 0.7328125 0.31015625 0.01875 0.0640625
0 0.47421875 0.37109375 0.0171875 0.078125
0 0.41640625 0.3421875 0.015625 0.065625
1 0.6046875 0.290625 0.015625 0.05
0 0.22578125 0.3171875 0.0109375 0.04375
0 0.4953125 0.4296875 0.0265625 0.109375
1 0.89765625 0.36484375 0.03125 0.090625
0 0.19375 0.28359375 0.00625 0.03125
0 0.178125 0.30234375 0.0078125 0.0359375
0 0.246875 0.26640625 0.00625 0.0234375
1 0.34140625 0.25625 0.0046875 0.025
1 0.490625 0.28125 0.009375 0.0421875
1 0.46796875 0.23046875 0.003125 0.01875
1 0.371875 0.2796875 0.00625 0.0359375
1 0.421875 0.23828125 0.0046875 0.0203125
0 0.46953125 0.575 0.0484375 0.1734375
1 0.73359375 0.20625 0.0046875 0.0203125
1 0.7953125 0.19765625 0.003125 0.01875
1 0.63046875 0.21640625 0.0046875 0.0203125
0 0.346875 0.32890625 0.0140625 0.05625
0 0.74296875 0.1953125 0.0046875 0.015625
1 0.378125 0.24765625 0.00625 0.021875
0 0.70859375 0.20234375 0.0046875 0.0171875
0 0.6515625 0.2078125 0.0046875 0.0171875
0 0.30546875 0.2515625 0.0046875 0.0203125
0 0.728125 0.19921875 0.0046875 0.0171875
0 0.92890625 0.17109375 0.003125 0.0109375
0 0.7671875 0.1828125 0.003125 0.0109375
0 0.3703125 0.23984375 0.0046875 0.01875
1 0.3328125 0.27421875 0.00625 0.03125
1 0.9171875 0.1734375 0.003125 0.0109375
0 0.79375 0.18046875 0.003125 0.0109375
1 0.771875 0.2015625 0.0046875 0.0203125
1 0.68515625 0.21484375 0.00625 0.01875
0 0.75234375 0.19375 0.003125 0.015625
1 0.51953125 0.22421875 0.0046875 0.01875
0 0.4375 0.22890625 0.003125 0.01875
0 0.5796875 0.2140625 0.003125 0.0171875
0 0.75546875 0.1921875 0.003125 0.0140625
1 0.32734375 0.26640625 0.00625 0.028125
1 0.559375 0.2203125 0.0046875 0.0203125
0 0.6234375 0.2109375 0.003125 0.0171875
0 0.23828125 0.784375 0.059375 0.115625
0 0.68359375 0.20546875 0.003125 0.0171875
1 0.8828125 0.175 0.003125 0.0109375
0 0.5078125 0.21953125 0.003125 0.0171875
1 0.8125 0.19296875 0.0046875 0.0171875
1 0.81796875 0.18515625 0.003125 0.0140625
1 0.82265625 0.190625 0.003125 0.015625
1 0.8328125 0.17890625 0.003125 0.0125
0 0.83203125 0.175 0.0015625 0.0109375