0 0.92734375 0.534375 0.021875 0.0453125
1 0.59453125 0.6171875 0.0625 0.1265625
0 0.18203125 0.31796875 0.0203125 0.040625
1 0.3125 0.403125 0.034375 0.065625
1 0.85390625 0.5796875 0.040625 0.0734375
0 0.2703125 0.32109375 0.0171875 0.0328125
0 0.04609375 0.4984375 0.059375 0.1390625
1 0.78828125 0.51875 0.028125 0.0546875
0 0.78046875 0.446875 0.0125 0.0234375
0 0.72578125 0.42421875 0.0109375 0.021875
1 0.625 0.40390625 0.0109375 0.025
1 0.53359375 0.38203125 0.0125 0.028125
0 0.809375 0.4640625 0.015625 0.03125
0 0.39921875 0.34140625 0.0125 0.025
0 0.86328125 0.49453125 0.0171875 0.034375
0 0.3453125 0.33203125 0.0125 0.0265625
1 0.68359375 0.44140625 0.0171875 0.0375
0 0.4859375 0.35625 0.009375 0.0203125
0 0.60703125 0.38828125 0.009375 0.0203125
1 0.346875 0.3546875 0.01875 0.0375
1 0.73984375 0.478125 0.0203125 0.040625
1 0.28671875 0.36015625 0.0234375 0.046875
1 0.42109375 0.48203125 0.046875 0.0890625
1 0.43046875 0.3625 0.015625 0.0328125
0 0.6703125 0.40625 0.0109375 0.021875
0 0.54921875 0.375 0.0125 0.025