0 0.79609375 0.3796875 0.0578125 0.1234375
1 0.71640625 0.1671875 0.00625 0.0140625
0 0.671875 0.1671875 0.0046875 0.0109375
1 0.61640625 0.1796875 0.0046875 0.0125
0 0.31171875 0.67265625 0.0875 0.196875
1 0.71015625 0.14921875 0.003125 0.009375
1 0.615625 0.19921875 0.00625 0.0171875
1 0.64765625 0.17109375 0.0046875 0.0109375
1 0.7421875 0.16796875 0.0046875 0.0125
1 0.696875 0.146875 0.003125 0.0078125
1 0.665625 0.1640625 0.0046875 0.0109375
1 0.6796875 0.1578125 0.0046875 0.0109375
0 0.70703125 0.153125 0.0046875 0.0109375
0 0.684375 0.16171875 0.0046875 0.0109375
1 0.67890625 0.18203125 0.00625 0.0171875
1 0.5734375 0.190625 0.0046875 0.0109375
1 0.64765625 0.184375 0.00625 0.0140625
0 0.5921875 0.18671875 0.0046875 0.0125
1 0.596875 0.18515625 0.0046875 0.0109375
0 0.62578125 0.1796875 0.0046875 0.0109375
1 0.6359375 0.17421875 0.0046875 0.0109375
1 0.72890625 0.13671875 0.003125 0.0078125
0 0.721875 0.15 0.003125 0.009375
0 0.65390625 0.17265625 0.0046875 0.0109375
0 0.69296875 0.16953125 0.00625 0.0140625
0 0.7390625 0.15625 0.0046875 0.0140625
1 0.59765625 0.18046875 0.003125 0.009375
1 0.60546875 0.19765625 0.0046875 0.0140625
1 0.63203125 0.16796875 0.003125 0.0078125
1 0.6625 0.1578125 0.003125 0.009375
0 0.56875 0.1953125 0.0046875 0.0109375
1 0.565625 0.19140625 0.003125 0.0109375
1 0.56796875 0.209375 0.00625 0.015625
0 0.56484375 0.2078125 0.00625 0.0140625
0 0.60546875 0.1921875 0.0046875 0.0140625
0 0.64765625 0.18125 0.0046875 0.0125