0 0.809375 0.23359375 0.0125 0.0265625
0 0.715625 0.2453125 0.0125 0.028125
1 0.178125 0.4359375 0.0375 0.0796875
0 0.6453125 0.2515625 0.0125 0.028125
0 0.096875 0.3640625 0.0203125 0.0421875
0 0.84296875 0.2265625 0.0109375 0.0265625
1 0.23203125 0.50234375 0.05625 0.1109375
1 0.25078125 0.3515625 0.021875 0.0453125
0 0.21484375 0.3265625 0.015625 0.0328125
0 0.76015625 0.24140625 0.0140625 0.028125
1 0.559375 0.27265625 0.0140625 0.03125
0 0.86875 0.22109375 0.0109375 0.025
1 0.4765625 0.28671875 0.015625 0.0328125
1 0.6265625 0.26640625 0.0140625 0.03125
0 0.88515625 0.21640625 0.009375 0.0203125
1 0.20234375 0.3875 0.028125 0.0609375
1 0.85078125 0.24921875 0.0171875 0.0375
1 0.75390625 0.2578125 0.015625 0.034375
1 0.32421875 0.32421875 0.01875 0.0390625
0 0.53359375 0.26328125 0.0109375 0.025
1 0.4 0.30234375 0.0171875 0.0375
0 0.86875 0.196875 0.00625 0.0140625
0 0.4265625 0.27890625 0.0125 0.0265625
0 0.3234375 0.29921875 0.0140625 0.0296875
1 0.69609375 0.70078125 0.1078125 0.2125
0 0.88828125 0.209375 0.0078125 0.01875
0 0.88203125 0.20625 0.0078125 0.0171875
0 0.875 0.2046875 0.009375 0.01875
0 0.8625 0.2015625 0.0078125 0.015625