0 0.42109375 0.4734375 0.028125 0.059375
0 0.53046875 0.43984375 0.0171875 0.0390625
0 0.53203125 0.4140625 0.0140625 0.03125
0 0.59609375 0.40234375 0.0125 0.0265625
0 0.64375 0.3890625 0.009375 0.021875
0 0.66171875 0.38125 0.0078125 0.0203125
0 0.6734375 0.375 0.00625 0.01875
0 0.6421875 0.37109375 0.00625 0.0140625
0 0.61953125 0.36953125 0.00625 0.0140625
0 0.88203125 0.35859375 0.0046875 0.0109375
0 0.19765625 0.55859375 0.05 0.1
1 0.7890625 0.42421875 0.01875 0.0390625
1 0.7828125 0.40390625 0.0125 0.03125
1 0.825 0.39296875 0.0109375 0.0265625
1 0.8265625 0.38125 0.009375 0.021875
1 0.80703125 0.375 0.009375 0.0203125
1 0.7671875 0.36953125 0.0078125 0.01875
1 0.77890625 0.36171875 0.0046875 0.0140625
1 0.69375 0.365625 0.0046875 0.0140625
1 0.70078125 0.3640625 0.00625 0.0140625
1 0.721875 0.3671875 0.00625 0.015625
1 0.7390625 0.36328125 0.0046875 0.0140625
1 0.903125 0.37265625 0.009375 0.0203125
1 0.86875 0.36875 0.0078125 0.01875
1 0.83984375 0.365625 0.0078125 0.015625
1 0.809375 0.3625 0.00625 0.0140625
1 0.1234375 0.41015625 0.021875 0.0515625