0 0.58671875 0.5234375 0.0671875 0.16875
0 0.9171875 0.3109375 0.040625 0.1
0 0.828125 0.24453125 0.0234375 0.0609375
0 0.725 0.22890625 0.0171875 0.046875
0 0.6515625 0.21875 0.0140625 0.0375
0 0.57109375 0.21875 0.0125 0.0328125
0 0.47109375 0.22578125 0.009375 0.0296875
0 0.3703125 0.23984375 0.009375 0.0265625
0 0.2765625 0.25703125 0.0078125 0.0234375
0 0.21796875 0.2625 0.0078125 0.021875
0 0.2078125 0.25703125 0.00625 0.01875
0 0.21875 0.24921875 0.0046875 0.0171875
0 0.24453125 0.23671875 0.0046875 0.0171875
0 0.28515625 0.2265625 0.0046875 0.0140625
0 0.68828125 0.15859375 0.0046875 0.0140625
0 0.72578125 0.15390625 0.0046875 0.0140625
0 0.78046875 0.14765625 0.0046875 0.0171875
0 0.8703125 0.1375 0.00625 0.01875
1 0.903125 0.1921875 0.0171875 0.0453125
1 0.7484375 0.1875 0.0125 0.034375
1 0.62421875 0.19453125 0.0109375 0.028125
1 0.51171875 0.2046875 0.0078125 0.025
1 0.4171875 0.21953125 0.0078125 0.0234375
1 0.33515625 0.2328125 0.0078125 0.0203125
1 0.3078125 0.2328125 0.00625 0.01875
1 0.3125 0.22578125 0.00625 0.0171875
1 0.334375 0.2203125 0.0046875 0.0140625
1 0.375 0.2140625 0.0046875 0.0140625
1 0.47265625 0.19765625 0.0046875 0.0140625
1 0.52578125 0.1875 0.0046875 0.0125
1 0.57578125 0.178125 0.0046875 0.0140625
1 0.63203125 0.17109375 0.0046875 0.0140625
1 0.696875 0.1625 0.0046875 0.015625
1 0.76171875 0.15546875 0.00625 0.0171875
1 0.809375 0.15234375 0.00625 0.01875
1 0.8609375 0.15078125 0.0078125 0.021875
1 0.909375 0.14921875 0.00625 0.025