1 0.23125 0.553125 0.065625 0.1453125
1 0.02421875 0.30625 0.0078125 0.021875
1 0.05546875 0.29921875 0.0078125 0.01875
1 0.46875 0.24921875 0.0046875 0.0140625
0 0.86796875 0.24375 0.0078125 0.01875
0 0.80625 0.24140625 0.0078125 0.0171875
1 0.50859375 0.246875 0.00625 0.0140625
1 0.875 0.2515625 0.0109375 0.025
0 0.75703125 0.23203125 0.0046875 0.0140625
1 0.7046875 0.23671875 0.0046875 0.0140625
1 0.7265625 0.24609375 0.00625 0.0171875
1 0.53828125 0.24375 0.0046875 0.0140625
1 0.3484375 0.25703125 0.00625 0.0140625
1 0.703125 0.24375 0.00625 0.0171875
1 0.81328125 0.25078125 0.009375 0.021875
0 0.90859375 0.24453125 0.00625 0.0203125
0 0.78203125 0.23984375 0.00625 0.0171875
1 0.76796875 0.2484375 0.0078125 0.01875
0 0.83125 0.24296875 0.0078125 0.0171875
0 0.76796875 0.23828125 0.0046875 0.0140625
1 0.08125 0.2828125 0.0046875 0.0140625
1 0.07578125 0.2921875 0.00625 0.0171875
1 0.0875 0.2890625 0.00625 0.015625
0 0.76328125 0.2375 0.00625 0.0140625
0 0.00390625 0.2953125 0.00625 0.015625
1 0.690625 0.24140625 0.0046875 0.015625
0 0.00625 0.2921875 0.0046875 0.0171875
0 0.00703125 0.2875 0.0046875 0.0140625
0 0.0203125 0.28359375 0.00625 0.0140625
0 0.053125 0.27890625 0.0046875 0.0140625
1 0.07578125 0.28046875 0.0046875 0.0140625
1 0.09765625 0.275 0.00625 0.0140625
0 0.0953125 0.27265625 0.003125 0.0109375
1 0.11875 0.2734375 0.00625 0.0140625
1 0.14140625 0.26875 0.0046875 0.0109375
1 0.146875 0.26953125 0.0046875 0.0125
1 0.17890625 0.2671875 0.00625 0.0140625
0 0.1875 0.2640625 0.0046875 0.0109375
1 0.20390625 0.26484375 0.0046875 0.0125
0 0.23125 0.259375 0.003125 0.0125
1 0.23515625 0.2625 0.00625 0.0140625
0 0.26796875 0.25859375 0.00625 0.0140625
1 0.27109375 0.2609375 0.00625 0.0140625
1 0.3046875 0.25859375 0.00625 0.0140625
0 0.303125 0.25546875 0.003125 0.0109375
0 0.3359375 0.2546875 0.0046875 0.0109375
1 0.38046875 0.25625 0.00625 0.0140625
0 0.37890625 0.25390625 0.003125 0.0109375
0 0.4 0.253125 0.0046875 0.0109375
1 0.41953125 0.253125 0.00625 0.015625
0 0.42578125 0.25078125 0.0046875 0.0140625
0 0.45234375 0.2484375 0.0046875 0.0140625
0 0.47421875 0.24609375 0.00625 0.0140625
0 0.4953125 0.24453125 0.00625 0.0140625
0 0.521875 0.240625 0.00625 0.0140625
0 0.54453125 0.23828125 0.0046875 0.0125
1 0.5578125 0.240625 0.0046875 0.0140625
1 0.56875 0.23828125 0.0046875 0.0125
1 0.57734375 0.23671875 0.0046875 0.0125
0 0.5796875 0.234375 0.003125 0.0109375
1 0.59921875 0.23515625 0.0046875 0.0109375
0 0.61953125 0.23203125 0.0046875 0.0125
1 0.62265625 0.23359375 0.0046875 0.0109375
1 0.64140625 0.2328125 0.0046875 0.0109375
0 0.66171875 0.23125 0.0046875 0.0125
1 0.6640625 0.23359375 0.0046875 0.0109375
1 0.6859375 0.23359375 0.00625 0.0140625
1 0.69296875 0.23984375 0.0046875 0.015625
1 0.70078125 0.23515625 0.00625 0.0140625
0 0.6984375 0.23046875 0.0046875 0.0125
0 0.73125 0.23046875 0.00625 0.0140625