0 0.16171875 0.37734375 0.0078125 0.0203125
0 0.2046875 0.503125 0.0328125 0.0703125
0 0.284375 0.37578125 0.0078125 0.01875
0 0.378125 0.4515625 0.01875 0.0453125
0 0.4015625 0.371875 0.00625 0.01875
0 0.475 0.4203125 0.0125 0.034375
0 0.49765625 0.36796875 0.00625 0.0171875
0 0.5734375 0.4 0.0109375 0.025
0 0.590625 0.36484375 0.00625 0.0171875
0 0.65390625 0.38828125 0.009375 0.0234375
0 0.66015625 0.365625 0.00625 0.01875
0 0.7078125 0.38125 0.0078125 0.021875
0 0.72734375 0.3703125 0.0078125 0.01875
0 0.88203125 0.34921875 0.0078125 0.0109375
0 0.78828125 0.35 0.00625 0.009375
0 0.6796875 0.3515625 0.00625 0.009375
0 0.48828125 0.3484375 0.00625 0.009375
1 0.9 0.37734375 0.0109375 0.025
1 0.709375 0.534375 0.0390625 0.084375
1 0.675 0.459375 0.021875 0.0515625
1 0.86796875 0.3921875 0.0125 0.0265625
1 0.78828125 0.40625 0.0140625 0.034375
1 0.21640625 0.36640625 0.009375 0.0203125
1 0.8484375 0.36953125 0.0109375 0.0203125
1 0.78828125 0.36328125 0.009375 0.0203125
1 0.31171875 0.36484375 0.0078125 0.0203125
1 0.5609375 0.35703125 0.00625 0.0171875
1 0.6359375 0.35625 0.00625 0.01875
1 0.11953125 0.36640625 0.00625 0.01875
1 0.41171875 0.3625 0.00625 0.01875
1 0.49453125 0.35859375 0.00625 0.015625
1 0.6921875 0.42734375 0.015625 0.0375
1 0.7171875 0.3578125 0.00625 0.01875