0 0.53671875 0.55 0.0734375 0.16875
0 0.53984375 0.34296875 0.0328125 0.0765625
0 0.47578125 0.29453125 0.0203125 0.0484375
0 0.396875 0.28515625 0.015625 0.0375
0 0.27421875 0.3203125 0.0140625 0.034375
0 0.15078125 0.359375 0.015625 0.0359375
0 0.04921875 0.38984375 0.015625 0.034375
0 0.0734375 0.33984375 0.00625 0.015625
0 0.13046875 0.3203125 0.00625 0.015625
0 0.19921875 0.29921875 0.00625 0.015625
0 0.25546875 0.28125 0.00625 0.015625
0 0.49921875 0.2109375 0.00625 0.0140625
0 0.640625 0.17109375 0.00625 0.0171875
0 0.70703125 0.15390625 0.00625 0.0171875
0 0.7734375 0.1359375 0.00625 0.0171875
0 0.86171875 0.1171875 0.009375 0.021875
1 0.75078125 0.2375 0.0296875 0.0609375
1 0.59921875 0.23515625 0.01875 0.040625
1 0.4984375 0.24375 0.0125 0.03125
1 0.3875 0.275 0.0109375 0.0265625
1 0.25078125 0.31171875 0.0109375 0.0265625
1 0.1515625 0.34296875 0.0109375 0.028125
1 0.078125 0.3609375 0.0109375 0.025
1 0.0359375 0.36796875 0.009375 0.0234375
1 0.05078125 0.35234375 0.0078125 0.0171875
1 0.10546875 0.334375 0.0078125 0.0171875
1 0.1703125 0.31328125 0.0078125 0.0171875
1 0.2296875 0.29375 0.00625 0.015625
1 0.27734375 0.278125 0.00625 0.0171875
1 0.325 0.2625 0.00625 0.0171875
1 0.37734375 0.24609375 0.00625 0.015625
1 0.4265625 0.23046875 0.00625 0.01875
1 0.4859375 0.21484375 0.00625 0.0171875
1 0.53671875 0.19921875 0.00625 0.0171875
1 0.6140625 0.178125 0.00625 0.0171875
1 0.6875 0.16171875 0.0078125 0.0203125
1 0.75546875 0.14765625 0.0078125 0.0203125
1 0.83828125 0.13203125 0.0109375 0.025