0 0.134375 0.409375 0.0171875 0.04375
1 0.625 0.30859375 0.0265625 0.0671875
1 0.0640625 0.4140625 0.0140625 0.0375
0 0.33125 0.31796875 0.0109375 0.03125
0 0.353125 0.36953125 0.0203125 0.0578125
0 0.4625 0.48046875 0.0453125 0.1203125
1 0.0875 0.36640625 0.0078125 0.0203125
0 0.2578125 0.378125 0.01875 0.0484375
1 0.478125 0.30703125 0.01875 0.0484375
0 0.4296875 0.38984375 0.028125 0.0765625
0 0.375 0.29140625 0.009375 0.0265625
1 0.82421875 0.375 0.0484375 0.1203125
0 0.33828125 0.28515625 0.0078125 0.0203125
1 0.27890625 0.30703125 0.0078125 0.021875
1 0.2 0.328125 0.0078125 0.0203125
0 0.225 0.315625 0.0078125 0.01875
1 0.16875 0.375 0.0140625 0.0359375
0 0.1546875 0.33984375 0.0078125 0.01875
1 0.2453125 0.31484375 0.0078125 0.0203125
1 0.24765625 0.33984375 0.0125 0.03125
1 0.29765625 0.3078125 0.009375 0.0234375
0 0.29765625 0.79921875 0.053125 0.1609375
1 0.29140625 0.3171875 0.0109375 0.028125
0 0.2859375 0.2984375 0.00625 0.01875
1 0.1453125 0.34609375 0.0078125 0.01875
0 0.37109375 0.28203125 0.00625 0.021875
1 0.34765625 0.32734375 0.0140625 0.0390625
0 0.07734375 0.365625 0.00625 0.01875