1 0.378125 0.54140625 0.0765625 0.1734375
1 0.1734375 0.34296875 0.05 0.115625
1 0.1734375 0.16484375 0.015625 0.0375
1 0.2734375 0.19453125 0.0140625 0.034375
1 0.353125 0.22109375 0.0125 0.0328125
1 0.47890625 0.26875 0.0140625 0.0359375
1 0.56484375 0.2984375 0.0140625 0.0375
1 0.6625 0.33046875 0.0140625 0.0359375
1 0.73671875 0.35078125 0.0125 0.03125
1 0.7859375 0.3609375 0.0109375 0.028125
1 0.8125 0.36484375 0.009375 0.0234375
1 0.80234375 0.3453125 0.0078125 0.0203125
1 0.80703125 0.340625 0.00625 0.0203125
1 0.81875 0.36171875 0.009375 0.025
0 0.29140625 0.18515625 0.0109375 0.028125
0 0.39453125 0.21875 0.0109375 0.0265625
0 0.49609375 0.25546875 0.0109375 0.028125
0 0.54140625 0.27109375 0.0109375 0.028125
0 0.6015625 0.29140625 0.0109375 0.028125
0 0.64921875 0.30390625 0.009375 0.0265625
0 0.6765625 0.31171875 0.009375 0.025
0 0.70859375 0.31953125 0.0078125 0.021875
0 0.72421875 0.321875 0.0078125 0.0203125
0 0.72890625 0.32109375 0.00625 0.01875
0 0.7515625 0.31640625 0.00625 0.015625
0 0.78828125 0.33046875 0.00625 0.015625
1 0.903125 0.3796875 0.00625 0.0171875
1 0.83046875 0.3515625 0.00625 0.0171875
1 0.94609375 0.39609375 0.00625 0.0140625
0 0.96796875 0.39296875 0.0046875 0.0125
0 0.95390625 0.390625 0.0046875 0.0140625
0 0.92890625 0.38359375 0.00625 0.015625
0 0.87578125 0.3640625 0.00625 0.0140625