0 0.425 0.2359375 0.0109375 0.028125
0 0.53125 0.265625 0.009375 0.025
0 0.5578125 0.271875 0.009375 0.0234375
1 0.69140625 0.3140625 0.009375 0.0203125
0 0.17109375 0.15625 0.0109375 0.028125
0 0.58984375 0.2796875 0.009375 0.021875
1 0.44140625 0.259375 0.0140625 0.034375
1 0.234375 0.190625 0.0140625 0.034375
0 0.38125 0.2234375 0.0109375 0.028125
1 0.35859375 0.2328125 0.015625 0.0359375
1 0.65703125 0.3125 0.0109375 0.0265625
0 0.28046875 0.1890625 0.0109375 0.0265625
0 0.484375 0.253125 0.0109375 0.0265625
1 0.884375 0.3625 0.00625 0.0140625
1 0.93125 0.37734375 0.00625 0.0140625
1 0.60703125 0.30390625 0.0109375 0.028125
1 0.965625 0.38984375 0.00625 0.0140625
1 0.68046875 0.30078125 0.0078125 0.0171875
1 0.85 0.35546875 0.00625 0.015625
1 0.9046875 0.36875 0.0046875 0.0125
0 0.75 0.3171875 0.00625 0.015625
1 0.8765625 0.36171875 0.00625 0.0140625
1 0.14921875 0.16484375 0.015625 0.034375
0 0.81171875 0.3375 0.00625 0.0140625
1 0.80703125 0.3421875 0.00625 0.0171875
1 0.86953125 0.36171875 0.00625 0.015625
1 0.2203125 0.4203125 0.0609375 0.1375
0 0.6109375 0.28125 0.0078125 0.0203125
0 0.6046875 0.28046875 0.0078125 0.0203125
0 0.796875 0.33359375 0.00625 0.0140625
0 0.81796875 0.33828125 0.00625 0.0140625
0 0.67109375 0.290625 0.00625 0.0140625
1 0.5359375 0.2859375 0.0140625 0.034375
1 0.70703125 0.30703125 0.00625 0.0171875
1 0.77109375 0.3296875 0.00625 0.015625
0 0.63671875 0.27734375 0.00625 0.015625
1 0.6828125 0.31484375 0.0109375 0.025
1 0.6859375 0.29921875 0.0078125 0.0171875
0 0.71015625 0.303125 0.00625 0.015625
1 0.5328125 0.74609375 0.103125 0.23125
0 0.9453125 0.38125 0.0046875 0.0125
0 0.9 0.36328125 0.00625 0.0140625
0 0.86328125 0.3515625 0.00625 0.0140625
0 0.83046875 0.340625 0.00625 0.0140625
0 0.609375 0.27109375 0.0046875 0.0171875