0 0.56015625 0.34609375 0.0328125 0.071875
1 0.88359375 0.384375 0.0328125 0.06875
0 0.50234375 0.27265625 0.01875 0.0421875
0 0.46640625 0.259375 0.0171875 0.0390625
0 0.41171875 0.24609375 0.015625 0.034375
0 0.5453125 0.31640625 0.025 0.059375
0 0.53125 0.28984375 0.021875 0.0484375
0 0.56015625 0.40625 0.0453125 0.1
0 0.3953125 0.21484375 0.0109375 0.0234375
1 0.78125 0.328125 0.0234375 0.05
1 0.71484375 0.29921875 0.0171875 0.040625
1 0.59609375 0.2625 0.0140625 0.0328125
0 0.47421875 0.53203125 0.0796875 0.1671875
1 0.521875 0.24609375 0.0125 0.028125
1 0.4796875 0.2328125 0.0109375 0.0265625
1 0.590625 0.23203125 0.0078125 0.0203125
1 0.7828125 0.240625 0.00625 0.0140625
1 0.56484375 0.2328125 0.009375 0.021875
1 0.83984375 0.253125 0.0078125 0.015625
1 0.6484375 0.278125 0.0171875 0.0375
0 0.5171875 0.2203125 0.0078125 0.01875
1 0.94296875 0.27109375 0.0078125 0.0171875
0 0.44921875 0.21796875 0.0078125 0.0203125
1 0.609375 0.225 0.00625 0.0171875
1 0.99765625 0.28125 0.0046875 0.015625
1 0.59375 0.22109375 0.00625 0.0140625
1 0.8734375 0.259375 0.00625 0.0140625
1 0.81328125 0.246875 0.00625 0.0140625
0 0.4953125 0.21953125 0.0078125 0.0203125
0 0.35078125 0.215625 0.0109375 0.025
0 0.5359375 0.2171875 0.00625 0.015625
0 0.26875 0.70234375 0.0875 0.203125
1 0.49453125 0.23125 0.0109375 0.025
0 0.5296875 0.21328125 0.00625 0.015625
0 0.53203125 0.21875 0.0078125 0.0171875
0 0.3484375 0.228125 0.0125 0.028125
1 0.61015625 0.2296875 0.0078125 0.0171875