0 0.7921875 0.3375 0.0109375 0.0296875
0 0.8640625 0.3515625 0.0125 0.03125
0 0.7703125 0.33203125 0.009375 0.025
1 0.84453125 0.36953125 0.015625 0.040625
1 0.16875 0.43125 0.0328125 0.0796875
0 0.7203125 0.3171875 0.0078125 0.0203125
1 0.721875 0.34453125 0.0140625 0.0328125
0 0.01640625 0.2671875 0.0078125 0.0171875
1 0.1203125 0.37890625 0.025 0.0578125
1 0.67109375 0.32578125 0.0109375 0.025
1 0.19140625 0.271875 0.0046875 0.0140625
1 0.53671875 0.296875 0.0078125 0.0171875
1 0.0765625 0.32109375 0.0140625 0.0359375
1 0.09140625 0.34609375 0.01875 0.046875
1 0.0671875 0.303125 0.0109375 0.028125
1 0.6484375 0.31484375 0.009375 0.0203125
0 0.8140625 0.2734375 0.0046875 0.0125
1 0.46796875 0.29140625 0.00625 0.0171875
1 0.5375 0.740625 0.0859375 0.2109375
1 0.1234375 0.27109375 0.00625 0.0171875
1 0.60234375 0.30546875 0.0078125 0.0203125
0 0.87578125 0.28125 0.0046875 0.0140625
1 0.28671875 0.54453125 0.0578125 0.134375
0 0.1328125 0.2671875 0.0046875 0.0125
1 0.90703125 0.2765625 0.0046875 0.0125
0 0.66015625 0.3078125 0.00625 0.0171875
1 0.3953125 0.2859375 0.00625 0.0140625
1 0.33046875 0.28046875 0.0046875 0.0140625
0 0.5421875 0.29296875 0.00625 0.015625
1 0.075 0.2765625 0.0078125 0.0203125
0 0.43671875 0.284375 0.00625 0.0140625
1 0.89296875 0.2734375 0.0046875 0.009375
0 0.83203125 0.2765625 0.0046875 0.0125
0 0.24375 0.2703125 0.0046875 0.0140625
1 0.88046875 0.271875 0.0046875 0.0109375
0 0.87578125 0.271875 0.0046875 0.0109375
0 0.3828125 0.27890625 0.0046875 0.0140625
0 0.33671875 0.27578125 0.00625 0.0140625
0 0.28828125 0.2734375 0.0046875 0.0125
0 0.8109375 0.26796875 0.0046875 0.0109375
1 0.3890625 0.26484375 0.003125 0.00625
1 0.06171875 0.2953125 0.009375 0.025
0 0.59296875 0.2984375 0.00625 0.0171875
1 0.175 0.259375 0.0046875 0.0109375
1 0.884375 0.271875 0.0046875 0.0109375
1 0.26171875 0.275 0.00625 0.0140625
0 0.0625 0.26640625 0.00625 0.015625
0 0.821875 0.26796875 0.0046875 0.0109375
0 0.48828125 0.28984375 0.00625 0.0140625
0 0.9171875 0.275 0.003125 0.0109375
0 0.19921875 0.26796875 0.00625 0.0140625
0 0.84296875 0.26953125 0.003125 0.009375
1 0.06015625 0.2875 0.009375 0.021875
1 0.37578125 0.26015625 0.003125 0.00625