0 0.05625 0.3828125 0.0203125 0.046875
0 0.90625 0.28046875 0.009375 0.0203125
0 0.8515625 0.2859375 0.009375 0.021875
1 0.7 0.30234375 0.0109375 0.028125
0 0.828125 0.29921875 0.0109375 0.028125
0 0.23125 0.31015625 0.009375 0.021875
0 0.11875 0.35078125 0.0140625 0.034375
1 0.3875 0.5984375 0.0640625 0.1609375
1 0.29140625 0.44453125 0.0328125 0.0828125
1 0.76484375 0.32890625 0.015625 0.0375
1 0.79609375 0.27734375 0.0078125 0.0171875
1 0.33359375 0.3015625 0.0109375 0.025
1 0.5140625 0.2796875 0.00625 0.015625
1 0.2875 0.3828125 0.01875 0.05625
0 0.28046875 0.29765625 0.009375 0.0203125
0 0.18359375 0.325 0.0125 0.0265625
0 0.50703125 0.2765625 0.00625 0.0140625
1 0.40390625 0.290625 0.0078125 0.0203125
1 0.871875 0.27265625 0.0078125 0.0171875
1 0.4484375 0.28671875 0.0078125 0.01875
1 0.6578125 0.26171875 0.0046875 0.0125
1 0.70234375 0.2515625 0.0046875 0.0125
1 0.8046875 0.23671875 0.0046875 0.0109375
0 0.475 0.28046875 0.00625 0.015625
1 0.6296875 0.26640625 0.00625 0.0140625
1 0.5734375 0.27109375 0.00625 0.0140625
0 0.821875 0.290625 0.009375 0.025
1 0.71875 0.2890625 0.0109375 0.025
1 0.7515625 0.24453125 0.0046875 0.0109375
1 0.728125 0.24765625 0.0046875 0.0109375
1 0.8484375 0.23359375 0.0046875 0.0109375
1 0.36171875 0.296875 0.009375 0.021875
1 0.27734375 0.33046875 0.0109375 0.0359375
1 0.67890625 0.25625 0.0046875 0.0140625
1 0.9 0.2328125 0.0046875 0.0109375
0 0.7453125 0.240625 0.0046875 0.0109375
1 0.29375 0.31328125 0.0125 0.0296875
0 0.8328125 0.23046875 0.0046875 0.0109375
0 0.878125 0.2296875 0.0046875 0.0109375
0 0.43671875 0.2828125 0.00625 0.015625
0 0.69453125 0.246875 0.0046875 0.0125
0 0.33671875 0.290625 0.0078125 0.01875
0 0.64609375 0.25546875 0.0046875 0.0125
0 0.665625 0.2515625 0.0046875 0.0109375
1 0.74765625 0.28359375 0.009375 0.0203125
0 0.38828125 0.28671875 0.00625 0.0171875
0 0.80078125 0.23203125 0.003125 0.009375
0 0.78671875 0.2328125 0.0046875 0.009375
0 0.61875 0.259375 0.0046875 0.0109375
1 0.284375 0.3484375 0.0140625 0.0421875
1 0.48125 0.2828125 0.00625 0.0171875
0 0.72109375 0.24453125 0.003125 0.009375
1 0.77578125 0.24140625 0.0046875 0.0109375
1 0.54609375 0.275 0.00625 0.0140625
1 0.59609375 0.26875 0.00625 0.015625
0 0.5328125 0.2734375 0.0046875 0.0140625
0 0.76640625 0.2359375 0.003125 0.009375
0 0.55859375 0.26953125 0.00625 0.0140625