0 0.60859375 0.3859375 0.009375 0.0203125
0 0.74609375 0.38671875 0.009375 0.021875
0 0.16171875 0.73359375 0.103125 0.1765625
0 0.2484375 0.53828125 0.0390625 0.08125
0 0.184375 0.4921875 0.028125 0.053125
0 0.109375 0.4734375 0.0234375 0.0453125
1 0.6046875 0.38671875 0.009375 0.01875
1 0.740625 0.3875 0.009375 0.0203125
1 0.15078125 0.43984375 0.0171875 0.03125
1 0.27109375 0.428125 0.0171875 0.0328125
1 0.33515625 0.43046875 0.0171875 0.034375
1 0.43046875 0.4421875 0.0234375 0.04375
1 0.5984375 0.46640625 0.03125 0.0609375