1 0.50703125 0.17109375 0.003125 0.0109375
1 0.58359375 0.1453125 0.003125 0.0109375
1 0.4703125 0.18203125 0.003125 0.009375
1 0.54375 0.15859375 0.003125 0.009375
1 0.6703125 0.11640625 0.0046875 0.0109375
0 0.3578125 0.2234375 0.003125 0.0078125
1 0.353125 0.221875 0.003125 0.0078125
1 0.3796875 0.21328125 0.003125 0.0078125
0 0.38828125 0.2125 0.003125 0.009375
0 0.41875 0.20234375 0.003125 0.009375
1 0.40859375 0.20390625 0.003125 0.0078125
1 0.43828125 0.19296875 0.003125 0.009375
0 0.453125 0.18984375 0.003125 0.0109375
0 0.48984375 0.17890625 0.003125 0.009375
0 0.5296875 0.165625 0.003125 0.009375
0 0.571875 0.15078125 0.0046875 0.0109375
0 0.665625 0.1203125 0.0046875 0.0109375
0 0.771875 0.08515625 0.0046875 0.0109375
1 0.7703125 0.08671875 0.003125 0.009375
1 0.328125 0.23125 0.003125 0.00625