0 0.4390625 0.29765625 0.0140625 0.053125
0 0.3359375 0.290625 0.0125 0.0453125
0 0.603125 0.39375 0.0265625 0.1015625
0 0.5328125 0.325 0.0171875 0.06875
0 0.06484375 0.3171875 0.0140625 0.0453125
0 0.2109375 0.29765625 0.0125 0.0421875
1 0.88125 0.35 0.0265625 0.090625
1 0.4125 0.2625 0.009375 0.0390625
1 0.26015625 0.2734375 0.009375 0.0359375
1 0.08984375 0.2953125 0.009375 0.0375
1 0.7046875 0.28984375 0.015625 0.059375
1 0.5515625 0.26640625 0.0125 0.0453125
0 0.59453125 0.60390625 0.053125 0.2015625