0 0.415625 0.4140625 0.0140625 0.034375
0 0.34453125 0.4765625 0.0328125 0.065625
0 0.4421875 0.39375 0.009375 0.021875
0 0.45625 0.3828125 0.00625 0.01875
0 0.4640625 0.375 0.00625 0.0140625
0 0.46953125 0.37109375 0.003125 0.0109375
0 0.4734375 0.3671875 0.003125 0.009375
1 0.56640625 0.4 0.0109375 0.021875
1 0.6875 0.4984375 0.0359375 0.0671875
1 0.5953125 0.42421875 0.0171875 0.034375
1 0.55 0.38828125 0.0078125 0.0171875
1 0.53984375 0.38046875 0.00625 0.0140625
1 0.5328125 0.37578125 0.00625 0.0125
1 0.52734375 0.371875 0.0046875 0.009375
1 0.5234375 0.36953125 0.003125 0.009375
1 0.52109375 0.36640625 0.003125 0.0078125