0 0.3265625 0.26640625 0.0078125 0.021875
0 0.03828125 0.27265625 0.0078125 0.0234375
1 0.21484375 0.27734375 0.0078125 0.0265625
0 0.1453125 0.26875 0.0078125 0.0203125
0 0.3640625 0.2640625 0.00625 0.0203125
1 0.34921875 0.27421875 0.0078125 0.025
1 0.434375 0.26953125 0.00625 0.0234375
1 0.4984375 0.24609375 0.0046875 0.0140625
0 0.38984375 0.2609375 0.0046875 0.01875
0 0.2875 0.2671875 0.0078125 0.0203125
0 0.2359375 0.2671875 0.0078125 0.021875
1 0.47109375 0.26484375 0.00625 0.0203125
1 0.46328125 0.2515625 0.0046875 0.015625
0 0.90390625 0.25703125 0.003125 0.0125
0 0.7140625 0.2515625 0.003125 0.0125
1 0.7203125 0.25625 0.0046875 0.0140625
1 0.48125 0.2609375 0.0046875 0.01875
1 0.28359375 0.27734375 0.0078125 0.0265625
1 0.8125 0.2609375 0.0046875 0.0140625
1 0.684375 0.25390625 0.0046875 0.0140625
1 0.56015625 0.246875 0.003125 0.0109375
0 0.42421875 0.24453125 0.003125 0.0125
0 0.39453125 0.2515625 0.0046875 0.0140625
0 0.8703125 0.2578125 0.0046875 0.0140625
1 0.47734375 0.25625 0.0046875 0.015625
1 0.08671875 0.49453125 0.053125 0.1234375
0 0.734375 0.253125 0.0046875 0.0140625
1 0.59375 0.2484375 0.003125 0.0125
0 0.92109375 0.25703125 0.003125 0.0125
1 0.85078125 0.26171875 0.0046875 0.0140625
1 0.0328125 0.2828125 0.009375 0.0265625
1 0.6265625 0.2484375 0.003125 0.0125
0 0.79296875 0.25625 0.0046875 0.0140625
0 0.54921875 0.24375 0.003125 0.0109375
1 0.6484375 0.25 0.003125 0.0125
1 0.1265625 0.27890625 0.0078125 0.0265625
1 0.528125 0.24609375 0.003125 0.0125
1 0.45078125 0.703125 0.084375 0.225
0 0.846875 0.25703125 0.0046875 0.0140625
0 0.81875 0.25703125 0.0046875 0.0140625
1 0.890625 0.2625 0.0046875 0.0140625
0 0.68984375 0.25078125 0.003125 0.0125
0 0.6453125 0.24765625 0.003125 0.0125
0 0.403125 0.259375 0.0046875 0.0171875
0 0.40390625 0.25703125 0.0046875 0.0171875
0 0.40078125 0.2484375 0.0046875 0.0140625
1 0.46484375 0.24921875 0.0046875 0.015625
0 0.46328125 0.24453125 0.003125 0.0125
1 0.478125 0.2484375 0.0046875 0.0140625
0 0.50390625 0.24296875 0.003125 0.0109375
0 0.596875 0.24453125 0.003125 0.0109375
1 0.7671875 0.25859375 0.0046875 0.0140625
0 0.76328125 0.25546875 0.0046875 0.0140625
0 0.8890625 0.25703125 0.003125 0.0109375