0 0.89609375 0.240625 0.0125 0.0265625
1 0.5328125 0.3296875 0.021875 0.046875
0 0.190625 0.4015625 0.03125 0.065625
0 0.76796875 0.25078125 0.0109375 0.0265625
0 0.4265625 0.29765625 0.015625 0.034375
1 0.85859375 0.26484375 0.015625 0.0328125
0 0.6453125 0.26015625 0.0109375 0.028125
1 0.4796875 0.47890625 0.04375 0.1078125
1 0.628125 0.29609375 0.0171875 0.0375
0 0.32421875 0.33671875 0.0203125 0.0453125
0 0.51875 0.26953125 0.0109375 0.028125
1 0.72578125 0.2765625 0.015625 0.034375
1 0.46640625 0.38125 0.028125 0.0640625
0 0.8328125 0.2453125 0.0125 0.0265625