0 0.15234375 0.31328125 0.01875 0.0625
0 0.88671875 0.35859375 0.009375 0.03125
0 0.490625 0.30625 0.009375 0.0359375
0 0.3578125 0.30546875 0.0125 0.0453125
0 0.584375 0.3125 0.009375 0.0328125
1 0.5734375 0.34375 0.0140625 0.0484375
1 0.73203125 0.3546875 0.0109375 0.040625
1 0.43125 0.578125 0.046875 0.1640625
1 0.9234375 0.38671875 0.0125 0.0390625
0 0.7734375 0.33828125 0.0078125 0.028125
1 0.44921875 0.37734375 0.0203125 0.075
1 0.64609375 0.259375 0.0015625 0.0109375
0 0.6796875 0.32421875 0.0078125 0.03125
1 0.60703125 0.2609375 0.0015625 0.0109375
1 0.31953125 0.23203125 0.003125 0.0125
1 0.3265625 0.21875 0.003125 0.009375
1 0.3109375 0.228125 0.003125 0.0109375
1 0.3484375 0.23125 0.003125 0.0109375
1 0.63125 0.2515625 0.0015625 0.0109375
0 0.390625 0.23359375 0.0015625 0.009375
1 0.37265625 0.23671875 0.003125 0.0125
1 0.2765625 0.2265625 0.003125 0.0125
0 0.27421875 0.2234375 0.003125 0.0109375