1 0.525 0.4875 0.0421875 0.0890625
0 0.1375 0.265625 0.01875 0.040625
0 0.07890625 0.415625 0.065625 0.1203125
0 0.915625 0.5125 0.025 0.05
1 0.590625 0.41171875 0.021875 0.0453125
1 0.321875 0.2984375 0.0140625 0.03125
0 0.03046875 0.65859375 0.0609375 0.1484375
0 0.63203125 0.39921875 0.0171875 0.034375
1 0.38203125 0.29296875 0.0109375 0.021875
0 0.75390625 0.44609375 0.0203125 0.040625
1 0.51875 0.3546875 0.015625 0.03125
0 0.625 0.38125 0.0140625 0.0296875
0 0.28984375 0.27109375 0.0109375 0.025
1 0.303125 0.31171875 0.01875 0.0390625
1 0.50234375 0.36640625 0.0171875 0.0375
0 0.61015625 0.3546875 0.009375 0.0203125
0 0.08828125 0.3234375 0.03125 0.0671875
0 0.24375 0.26640625 0.0125 0.025
0 0.24296875 0.253125 0.009375 0.021875
1 0.340625 0.2765625 0.009375 0.0203125
0 0.22890625 0.24375 0.009375 0.0203125
0 0.334375 0.26328125 0.0078125 0.015625
1 0.80703125 0.7640625 0.096875 0.1875
0 0.2015625 0.2640625 0.015625 0.03125
1 0.30859375 0.26640625 0.0078125 0.0171875
1 0.353125 0.27109375 0.00625 0.015625
0 0.46875 0.2984375 0.00625 0.0140625
1 0.53828125 0.3359375 0.0078125 0.0203125
0 0.271875 0.24765625 0.0078125 0.0171875
1 0.52421875 0.3203125 0.00625 0.015625
1 0.490625 0.309375 0.00625 0.0140625
0 0.60390625 0.3484375 0.0078125 0.0171875
0 0.5859375 0.3390625 0.0078125 0.015625
1 0.37109375 0.2984375 0.0125 0.0265625
1 0.85625 0.41640625 0.00625 0.015625
1 0.5375 0.3296875 0.00625 0.0171875
0 0.5578125 0.328125 0.00625 0.0140625
1 0.45390625 0.2984375 0.00625 0.0140625
1 0.31640625 0.3375 0.0265625 0.0484375
0 0.6234375 0.36796875 0.0109375 0.0234375
1 0.53203125 0.34609375 0.0109375 0.0234375
1 0.3125 0.2640625 0.0078125 0.0171875
1 0.375 0.384375 0.0328125 0.0609375
1 0.775 0.5015625 0.034375 0.0640625