0 0.7625 0.2546875 0.0109375 0.03125
0 0.78046875 0.4640625 0.0484375 0.121875
0 0.6640625 0.240625 0.009375 0.0265625
0 0.565625 0.23203125 0.00625 0.0234375
0 0.915625 0.296875 0.015625 0.0453125
1 0.94609375 0.2640625 0.0125 0.0328125
0 0.47734375 0.61015625 0.0734375 0.19375
0 0.475 0.22734375 0.00625 0.021875
1 0.70234375 0.23046875 0.0078125 0.021875
1 0.81484375 0.24375 0.009375 0.025
1 0.965625 0.2375 0.0078125 0.0171875
0 0.40703125 0.21484375 0.00625 0.0171875
1 0.5234375 0.2078125 0.0046875 0.0140625
0 0.8421875 0.27109375 0.0125 0.0359375
1 0.61015625 0.2234375 0.00625 0.0203125
1 0.52890625 0.21875 0.00625 0.0203125
1 0.89296875 0.23125 0.00625 0.015625
0 0.43828125 0.20390625 0.0046875 0.0140625
1 0.50234375 0.21171875 0.00625 0.01875
1 0.7625 0.21953125 0.0046875 0.0140625
0 0.41875 0.2203125 0.00625 0.0203125
1 0.65703125 0.21640625 0.0046875 0.0125
1 0.71171875 0.21640625 0.0046875 0.0125
0 0.4140625 0.20859375 0.0046875 0.015625
0 0.8828125 0.22421875 0.0046875 0.0140625
0 0.56796875 0.2078125 0.0046875 0.0125
0 0.73046875 0.21171875 0.003125 0.0109375
1 0.56171875 0.21015625 0.0046875 0.0140625
0 0.62109375 0.21015625 0.003125 0.0125
1 0.60546875 0.21328125 0.003125 0.0140625
1 0.821875 0.22421875 0.0046875 0.0140625
1 0.5046875 0.20703125 0.0046875 0.0171875
0 0.671875 0.2109375 0.003125 0.0109375
0 0.78125 0.215625 0.003125 0.0125
0 0.51953125 0.20546875 0.003125 0.0109375
0 0.84375 0.2203125 0.003125 0.0140625
0 0.4765625 0.20234375 0.003125 0.0125
0 0.925 0.228125 0.0046875 0.0140625