0 0.81953125 0.51484375 0.0203125 0.06875
0 0.67734375 0.5515625 0.0328125 0.0953125
0 0.44296875 0.63359375 0.0515625 0.1515625
0 0.85390625 0.44609375 0.0109375 0.03125
0 0.5828125 0.44921875 0.0171875 0.053125
0 0.79453125 0.46015625 0.0125 0.04375
1 0.68671875 0.42890625 0.0125 0.0375
0 0.84609375 0.43046875 0.0078125 0.028125
0 0.85703125 0.4203125 0.00625 0.0234375
0 0.7890625 0.4125 0.00625 0.0203125
0 0.346875 0.40703125 0.015625 0.05
1 0.77734375 0.39375 0.0046875 0.0140625
0 0.7109375 0.3953125 0.00625 0.01875
1 0.32109375 0.3640625 0.0078125 0.025
1 0.69375 0.38671875 0.0046875 0.0140625
1 0.64921875 0.38671875 0.00625 0.0171875
1 0.74609375 0.421875 0.009375 0.03125
0 0.22421875 0.37109375 0.0125 0.0421875
0 0.20859375 0.35703125 0.0109375 0.0296875
1 0.68515625 0.3890625 0.00625 0.0171875
0 0.33203125 0.36171875 0.0078125 0.0203125
0 0.93203125 0.43828125 0.009375 0.025
1 0.43828125 0.37109375 0.00625 0.0203125
1 0.5109375 0.4140625 0.0125 0.0421875
1 0.58203125 0.37890625 0.0046875 0.015625
0 0.50234375 0.3734375 0.003125 0.0140625
1 0.3671875 0.365625 0.0078125 0.0234375
1 0.84375 0.4078125 0.0046875 0.0171875
1 0.71875 0.4046875 0.00625 0.0234375
0 0.91171875 0.5015625 0.0171875 0.053125
0 0.253125 0.35546875 0.00625 0.021875
1 0.63984375 0.3875 0.0046875 0.0171875
1 0.92578125 0.41953125 0.00625 0.0171875
0 0.4234375 0.36953125 0.0046875 0.0140625
1 0.6625 0.39375 0.0078125 0.021875
1 0.48984375 0.37421875 0.00625 0.0171875
0 0.81796875 0.40859375 0.00625 0.0203125
0 0.46484375 0.36953125 0.0046875 0.015625
0 0.78828125 0.4015625 0.0046875 0.0171875
0 0.78515625 0.39375 0.003125 0.0140625
1 0.31171875 0.36875 0.0109375 0.03125
1 0.83671875 0.4015625 0.0046875 0.0140625
0 0.7265625 0.39453125 0.0046875 0.015625
1 0.815625 0.39765625 0.0046875 0.015625
1 0.8921875 0.41953125 0.00625 0.021875
0 0.91015625 0.41171875 0.0046875 0.0140625
1 0.53203125 0.37734375 0.0046875 0.0171875
1 0.38125 0.3890625 0.0125 0.0390625