1 0.14140625 0.21640625 0.003125 0.0109375
0 0.0703125 0.22421875 0.003125 0.01015625
0 0.084375 0.22578125 0.003125 0.01015625
0 0.08984375 0.22109375 0.00234375 0.01015625
0 0.10703125 0.22265625 0.00390625 0.01171875
1 0.1234375 0.21875 0.003125 0.01015625
1 0.1265625 0.21640625 0.00234375 0.0109375
1 0.1640625 0.21328125 0.003125 0.01171875
0 0.159375 0.2109375 0.003125 0.00859375
1 0.18203125 0.2078125 0.00234375 0.01015625
1 0.19453125 0.2078125 0.00234375 0.01015625
1 0.20234375 0.20546875 0.003125 0.0109375
0 0.2046875 0.2015625 0.003125 0.01171875
0 0.1890625 0.21015625 0.003125 0.0109375