0 0.23828125 0.6171875 0.05 0.11875
1 0.6328125 0.46015625 0.0359375 0.078125
0 0.3546875 0.47734375 0.0296875 0.0671875
0 0.659375 0.35 0.0140625 0.03125
1 0.77265625 0.35078125 0.0171875 0.040625
0 0.5671875 0.375 0.0109375 0.03125
0 0.73984375 0.33125 0.0140625 0.0296875
0 0.85546875 0.31640625 0.0125 0.028125
1 0.64296875 0.40390625 0.021875 0.0515625
1 0.703125 0.371875 0.0203125 0.0453125
0 0.46328125 0.4140625 0.0203125 0.0453125
1 0.8359375 0.3328125 0.0171875 0.0359375
1 0.7125 0.5765625 0.065625 0.1421875