0 0.22890625 0.31484375 0.028125 0.075
0 0.5109375 0.39296875 0.0265625 0.0765625
0 0.740625 0.42109375 0.021875 0.059375
0 0.80703125 0.40625 0.015625 0.0453125
0 0.7890625 0.37734375 0.0125 0.034375
0 0.73515625 0.3453125 0.009375 0.028125
0 0.66640625 0.31640625 0.0078125 0.0234375
0 0.5921875 0.2890625 0.0078125 0.0203125
0 0.51015625 0.2640625 0.00625 0.0203125
0 0.42265625 0.240625 0.00625 0.0203125
0 0.3328125 0.21953125 0.0078125 0.0203125
0 0.24765625 0.20234375 0.0078125 0.0234375
0 0.16875 0.190625 0.009375 0.0265625
1 0.321875 0.28984375 0.0203125 0.053125
1 0.47578125 0.3328125 0.01875 0.053125
1 0.60625 0.3546875 0.0171875 0.0484375
1 0.66796875 0.35625 0.0140625 0.040625
1 0.67890625 0.34296875 0.0109375 0.0328125
1 0.65546875 0.32578125 0.009375 0.0296875
1 0.6109375 0.30546875 0.0078125 0.0265625
1 0.5578125 0.2859375 0.0078125 0.025
1 0.4953125 0.26640625 0.0078125 0.0234375
1 0.42734375 0.24765625 0.0078125 0.021875
1 0.35859375 0.23125 0.0078125 0.025
1 0.29453125 0.2203125 0.009375 0.025
1 0.2375 0.2125 0.009375 0.028125
1 0.196875 0.21328125 0.0109375 0.0359375
1 0.21875 0.25078125 0.01875 0.0484375
1 0.18125 0.22421875 0.0125 0.0390625