0 0.16328125 0.384375 0.0203125 0.065625
0 0.69140625 0.37421875 0.0078125 0.028125
0 0.8 0.37890625 0.0078125 0.028125
0 0.33046875 0.3625 0.0125 0.0453125
0 0.57734375 0.36875 0.0078125 0.03125
1 0.55078125 0.4296875 0.01875 0.065625
0 0.9265625 0.3875 0.0078125 0.025
1 0.7171875 0.403125 0.0109375 0.0375
1 0.53359375 0.50078125 0.03125 0.109375
1 0.62421875 0.4046875 0.0125 0.04375
1 0.83203125 0.409375 0.0109375 0.034375
0 0.4609375 0.3625 0.009375 0.0359375
1 0.775 0.80078125 0.0234375 0.05625
0 0.21171875 0.26328125 0.0015625 0.0078125
0 0.22421875 0.2640625 0.0015625 0.00625
0 0.22890625 0.26484375 0.0015625 0.00625