0 0.38125 0.60859375 0.0578125 0.153125
1 0.8484375 0.521875 0.0296875 0.0765625
0 0.61640625 0.43203125 0.01875 0.0546875
0 0.61171875 0.49140625 0.0296875 0.08125
1 0.25234375 0.36328125 0.0171875 0.0484375
0 0.3375 0.4421875 0.0265625 0.0765625
0 0.4625 0.3734375 0.0109375 0.0375
0 0.39921875 0.33515625 0.009375 0.0265625
1 0.7671875 0.45390625 0.01875 0.0515625
1 0.7265625 0.425 0.0140625 0.040625
1 0.2859375 0.3359375 0.0125 0.0375
1 0.88515625 0.6734375 0.0625 0.1484375
1 0.69375 0.39921875 0.009375 0.0296875
1 0.64375 0.359375 0.00625 0.0171875
0 0.4046875 0.34765625 0.0109375 0.03125
0 0.59921875 0.38359375 0.009375 0.03125
1 0.6109375 0.33984375 0.0046875 0.0125
1 0.67109375 0.38125 0.0078125 0.0265625
0 0.5171875 0.325 0.0046875 0.0140625
1 0.6375 0.353125 0.0046875 0.0171875
0 0.5859375 0.3453125 0.003125 0.0140625
0 0.590625 0.35859375 0.0078125 0.021875
1 0.653125 0.3703125 0.0078125 0.021875
1 0.4171875 0.3234375 0.00625 0.0203125
0 0.44375 0.40390625 0.0171875 0.0515625
0 0.50390625 0.3234375 0.0046875 0.0140625
0 0.596875 0.36953125 0.0078125 0.025
0 0.5453125 0.328125 0.0046875 0.0140625
0 0.44765625 0.3375 0.00625 0.0234375
1 0.56640625 0.3296875 0.003125 0.0125
1 0.52265625 0.321875 0.0046875 0.0125
1 0.28359375 0.31875 0.0078125 0.028125
0 0.51015625 0.34375 0.00625 0.0203125
0 0.5078125 0.32734375 0.00625 0.0171875
0 0.52890625 0.34296875 0.0046875 0.01875
0 0.5703125 0.33359375 0.0046875 0.0140625
1 0.359375 0.3171875 0.0078125 0.021875
1 0.48359375 0.315625 0.0046875 0.0140625
0 0.60625 0.40390625 0.0125 0.0390625
1 0.0703125 0.37265625 0.0265625 0.06875
1 0.2828125 0.3078125 0.0078125 0.028125
1 0.453125 0.32578125 0.00625 0.0203125
1 0.45625 0.3203125 0.0046875 0.0171875
1 0.45234375 0.315625 0.0046875 0.0171875
0 0.52421875 0.33515625 0.0046875 0.015625
0 0.5890625 0.3515625 0.0046875 0.01875
0 0.584375 0.34140625 0.003125 0.0140625
0 0.5828125 0.3375 0.003125 0.0125
1 0.63203125 0.34921875 0.0046875 0.015625
1 0.62734375 0.3453125 0.0046875 0.0140625