1 0.23515625 0.3796875 0.0265625 0.090625
0 0.11484375 0.19375 0.0078125 0.021875
1 0.06640625 0.3015625 0.01875 0.0703125
0 0.190625 0.20234375 0.00625 0.0203125
0 0.865625 0.33046875 0.003125 0.0140625
1 0.8453125 0.32890625 0.0046875 0.015625
1 0.34453125 0.21640625 0.003125 0.0140625
1 0.30234375 0.22109375 0.00625 0.01875
1 0.4890625 0.24140625 0.003125 0.0125
1 0.68984375 0.284375 0.003125 0.0140625
1 0.47109375 0.23828125 0.003125 0.0140625
1 0.49765625 0.240625 0.003125 0.0109375
0 0.2484375 0.20546875 0.0046875 0.0171875
1 0.1578125 0.209375 0.0078125 0.025
1 0.2265625 0.21640625 0.0078125 0.0234375
0 0.8359375 0.3234375 0.003125 0.0140625
0 0.1640625 0.19921875 0.00625 0.0203125
1 0.66640625 0.27578125 0.003125 0.0109375
1 0.6515625 0.271875 0.003125 0.0109375
0 0.28359375 0.203125 0.003125 0.0140625
0 0.78125 0.309375 0.003125 0.0140625
1 0.68203125 0.28125 0.003125 0.0109375
0 0.22265625 0.20546875 0.00625 0.01875
1 0.4015625 0.49921875 0.0390625 0.1296875
0 0.4078125 0.225 0.003125 0.0140625
1 0.50703125 0.2421875 0.003125 0.0109375
0 0.675 0.27578125 0.003125 0.0109375
0 0.2546875 0.2 0.0046875 0.0140625
0 0.23984375 0.20546875 0.0046875 0.0171875
0 0.728125 0.29140625 0.003125 0.0109375
1 0.4328125 0.23203125 0.003125 0.0140625
1 0.27421875 0.21953125 0.00625 0.0203125
0 0.4453125 0.23125 0.003125 0.0125
0 0.43046875 0.22890625 0.003125 0.0140625
0 0.3875 0.221875 0.003125 0.0140625
0 0.45234375 0.23046875 0.003125 0.0109375
1 0.32421875 0.2140625 0.003125 0.0140625
0 0.92109375 0.3421875 0.003125 0.0140625
1 0.596875 0.259375 0.003125 0.0109375
0 0.6390625 0.26796875 0.0015625 0.009375
1 0.40078125 0.22734375 0.003125 0.015625
1 0.57265625 0.253125 0.003125 0.0109375
1 0.89921875 0.340625 0.0046875 0.015625
1 0.75078125 0.303125 0.0046875 0.0171875
1 0.79609375 0.31640625 0.0046875 0.015625
1 0.546875 0.2484375 0.003125 0.0109375
0 0.46640625 0.23203125 0.0015625 0.0109375
0 0.3515625 0.21640625 0.003125 0.0140625
1 0.6234375 0.26484375 0.003125 0.0109375
1 0.7078125 0.2921875 0.003125 0.0140625
0 0.759375 0.303125 0.003125 0.0125
1 0.69609375 0.2875 0.003125 0.0125
0 0.70546875 0.28359375 0.003125 0.0109375
0 0.49609375 0.2375 0.003125 0.0109375
0 0.80703125 0.315625 0.003125 0.0140625
1 0.31328125 0.21484375 0.003125 0.015625
0 0.56328125 0.25078125 0.0015625 0.0109375
1 0.525 0.24453125 0.003125 0.0109375
1 0.0671875 0.1984375 0.0078125 0.028125
0 0.74140625 0.296875 0.003125 0.0125
0 0.60078125 0.25859375 0.003125 0.0109375
0 0.7484375 0.3 0.0015625 0.0125
1 0.66640625 0.78671875 0.0359375 0.140625
1 0.32109375 0.21875 0.0046875 0.0171875
1 0.31484375 0.2203125 0.0046875 0.0171875
0 0.3171875 0.20859375 0.003125 0.0125
0 0.2453125 0.20234375 0.003125 0.015625