0 0.39765625 0.4625 0.0421875 0.084375
0 0.159375 0.5421875 0.0765625 0.159375
1 0.68203125 0.45 0.01875 0.040625
0 0.334375 0.3796875 0.025 0.05625
1 0.91796875 0.56171875 0.0296875 0.0625
1 0.6828125 0.62421875 0.0578125 0.1203125
0 0.4609375 0.3390625 0.009375 0.0203125
0 0.865625 0.5 0.0171875 0.0390625
0 0.9140625 0.50078125 0.0125 0.028125
0 0.82734375 0.46796875 0.0125 0.028125
1 0.63984375 0.421875 0.015625 0.034375
1 0.8359375 0.4609375 0.009375 0.0203125
0 0.71328125 0.4125 0.009375 0.0203125
0 0.9328125 0.49375 0.009375 0.0203125
1 0.47578125 0.36875 0.0140625 0.03125
1 0.6109375 0.4859375 0.034375 0.0703125
1 0.9078125 0.48671875 0.0109375 0.0234375
0 0.33359375 0.3453125 0.01875 0.040625
0 0.35234375 0.3296875 0.0140625 0.03125
1 0.575 0.37421875 0.0109375 0.021875
0 0.6390625 0.384375 0.0078125 0.0171875
1 0.89296875 0.4875 0.0109375 0.021875
1 0.76640625 0.496875 0.0234375 0.05
0 0.771875 0.4578125 0.0125 0.0328125
1 0.6796875 0.40546875 0.009375 0.0203125
0 0.796875 0.44375 0.0078125 0.0171875
0 0.40078125 0.3296875 0.0109375 0.025
1 0.7203125 0.4265625 0.0109375 0.025
1 0.8046875 0.453125 0.0109375 0.025
0 0.57265625 0.365625 0.0078125 0.0171875
1 0.66015625 0.415625 0.0125 0.028125
1 0.75625 0.43203125 0.0109375 0.0234375
1 0.6140625 0.3828125 0.009375 0.01875
1 0.52421875 0.42421875 0.021875 0.0484375
1 0.4828125 0.3875 0.0171875 0.0375
1 0.49296875 0.3609375 0.0140625 0.03125
0 0.8671875 0.46875 0.0109375 0.0234375