0 0.3921875 0.38984375 0.0109375 0.021875
0 0.31953125 0.409375 0.0125 0.028125
0 0.25625 0.4359375 0.0171875 0.034375
0 0.2046875 0.475 0.0265625 0.05
0 0.09921875 0.5640625 0.0484375 0.0875
0 0.44140625 0.37421875 0.009375 0.01875
0 0.47734375 0.36328125 0.0078125 0.0171875
0 0.446875 0.35859375 0.00625 0.0109375
0 0.46796875 0.359375 0.00625 0.0125
0 0.4875 0.3578125 0.0046875 0.0140625
0 0.490625 0.35859375 0.0046875 0.0140625
1 0.52890625 0.446875 0.025 0.05
1 0.6296875 0.525 0.05 0.0921875
1 0.515625 0.3796875 0.0109375 0.021875
1 0.50390625 0.415625 0.0171875 0.0359375
1 0.4953125 0.39609375 0.0140625 0.028125
1 0.528125 0.35078125 0.00625 0.0140625
1 0.5703125 0.35 0.00625 0.0109375
1 0.56875 0.36640625 0.0109375 0.0203125
1 0.58671875 0.35703125 0.00625 0.015625
1 0.5890625 0.3515625 0.00625 0.015625
1 0.4828125 0.3515625 0.0046875 0.0125