0 0.1671875 0.5453125 0.071875 0.1125
0 0.2953125 0.48671875 0.04375 0.06875
0 0.3578125 0.45234375 0.0296875 0.046875
0 0.390625 0.43515625 0.021875 0.034375
0 0.4109375 0.42734375 0.0171875 0.028125
0 0.42578125 0.42109375 0.0140625 0.025
0 0.434375 0.41640625 0.0109375 0.0203125
0 0.4421875 0.41171875 0.009375 0.0171875
0 0.446875 0.4078125 0.0078125 0.015625
0 0.4515625 0.4046875 0.00625 0.0140625
1 0.72734375 0.6703125 0.071875 0.1125
1 0.64609375 0.565625 0.0453125 0.0703125
1 0.6015625 0.5078125 0.0296875 0.0484375
1 0.57421875 0.47578125 0.021875 0.0359375
1 0.56171875 0.45859375 0.01875 0.03125
1 0.5515625 0.4484375 0.015625 0.0265625
1 0.54296875 0.440625 0.0125 0.021875
1 0.5375 0.43359375 0.009375 0.01875
1 0.53203125 0.42890625 0.009375 0.01875
1 0.528125 0.42421875 0.0078125 0.015625
1 0.525 0.42109375 0.0078125 0.0140625