0 0.37109375 0.68359375 0.04375 0.05625
0 0.4109375 0.63671875 0.028125 0.0359375
0 0.43125 0.6125 0.0203125 0.028125
0 0.44453125 0.59765625 0.015625 0.0203125
0 0.45234375 0.58828125 0.0125 0.01875
0 0.45546875 0.58203125 0.009375 0.0140625
0 0.46015625 0.57734375 0.0078125 0.0125
0 0.46328125 0.5734375 0.00625 0.0109375
0 0.465625 0.5703125 0.00625 0.009375
0 0.4671875 0.56796875 0.00625 0.0078125
0 0.459375 0.56953125 0.00625 0.0078125
0 0.440625 0.57421875 0.00625 0.009375
0 0.42109375 0.58046875 0.00625 0.009375
0 0.36953125 0.59453125 0.00625 0.009375
0 0.3109375 0.6140625 0.0078125 0.0125
0 0.2828125 0.6296875 0.009375 0.0125
0 0.2765625 0.63515625 0.0125 0.01875
0 0.24765625 0.63359375 0.0078125 0.0125
0 0.2453125 0.63828125 0.009375 0.0140625
0 0.22265625 0.6421875 0.0078125 0.0109375
0 0.21328125 0.64609375 0.009375 0.0125
0 0.1828125 0.66875 0.015625 0.0203125
1 0.709375 0.59609375 0.04375 0.0546875
1 0.64375 0.57578125 0.0296875 0.0390625
1 0.60390625 0.56640625 0.0203125 0.028125
1 0.58203125 0.5625 0.0171875 0.0234375
1 0.56796875 0.5578125 0.0140625 0.01875
1 0.55390625 0.55703125 0.0109375 0.015625
1 0.5453125 0.55546875 0.0078125 0.0125
1 0.54140625 0.55234375 0.00625 0.0109375
1 0.5375 0.5515625 0.00625 0.009375
1 0.53359375 0.5515625 0.00625 0.009375
1 0.525 0.5515625 0.00625 0.009375
1 0.5 0.5578125 0.0046875 0.0078125
1 0.47734375 0.56328125 0.0046875 0.0078125
1 0.44296875 0.571875 0.0046875 0.0078125
1 0.41328125 0.58046875 0.00625 0.0078125
1 0.38828125 0.58828125 0.00625 0.0078125
1 0.33671875 0.6046875 0.00625 0.0109375
1 0.28046875 0.6234375 0.00625 0.009375
1 0.21640625 0.64140625 0.00625 0.009375
1 0.17109375 0.65703125 0.0078125 0.0109375
1 0.16015625 0.66953125 0.0109375 0.0171875
1 0.15234375 0.6640625 0.0078125 0.0125
1 0.153125 0.6734375 0.0109375 0.0171875
1 0.1421875 0.671875 0.009375 0.0140625
1 0.1390625 0.66875 0.0078125 0.0140625
1 0.13359375 0.671875 0.0078125 0.0140625