0 0.7921875 0.28984375 0.015625 0.0546875
0 0.82890625 0.25234375 0.0109375 0.0390625
0 0.86328125 0.2171875 0.0078125 0.025
0 0.7125 0.3765625 0.0265625 0.0890625
0 0.87265625 0.20703125 0.00625 0.0203125
0 0.8859375 0.19375 0.0046875 0.0171875
0 0.85 0.2296875 0.009375 0.0296875
0 0.88984375 0.18984375 0.003125 0.0140625
0 0.38125 0.71953125 0.0734375 0.2375
0 0.89296875 0.18515625 0.003125 0.0140625
0 0.8796875 0.19921875 0.0046875 0.01875
0 0.89609375 0.1828125 0.003125 0.0140625
0 0.89921875 0.18125 0.003125 0.0109375