1 0.61953125 0.34921875 0.021875 0.0625
0 0.3328125 0.45078125 0.0359375 0.1078125
0 0.27890625 0.3640625 0.0234375 0.065625
0 0.9453125 0.259375 0.009375 0.025
0 0.2859375 0.3203125 0.0140625 0.046875
0 0.25390625 0.25234375 0.00625 0.0203125
0 0.3578125 0.2609375 0.0078125 0.025
0 0.31875 0.29609375 0.0125 0.0375
0 0.10234375 0.2515625 0.00625 0.021875
0 0.8484375 0.25390625 0.0078125 0.021875
1 0.4546875 0.25546875 0.00625 0.0234375
1 0.49375 0.28515625 0.0109375 0.0359375
1 0.865625 0.265625 0.009375 0.028125
1 0.95859375 0.27265625 0.0109375 0.03125
0 0.30390625 0.2578125 0.00625 0.021875
0 0.75546875 0.24765625 0.00625 0.01875
0 0.19296875 0.25 0.00625 0.021875
0 0.38984375 0.271875 0.009375 0.0296875
1 0.77578125 0.259375 0.009375 0.025
1 0.4953125 0.31328125 0.0140625 0.046875
1 0.12578125 0.2328125 0.0046875 0.0125
1 0.215625 0.2421875 0.0046875 0.0171875
0 0.62734375 0.240625 0.0046875 0.0171875
1 0.6984375 0.25234375 0.0078125 0.021875
0 0.23125 0.22734375 0.003125 0.0109375
1 0.11640625 0.24296875 0.00625 0.01875
1 0.5359375 0.24296875 0.0046875 0.0171875
1 0.51328125 0.26875 0.009375 0.028125
0 0.28515625 0.771875 0.0375 0.109375
0 0.5265625 0.23671875 0.0046875 0.015625
0 0.3890625 0.22890625 0.003125 0.0125
0 0.08359375 0.22890625 0.003125 0.0109375
1 0.38359375 0.2484375 0.00625 0.0203125
0 0.303125 0.22578125 0.003125 0.0109375
1 0.38515625 0.234375 0.003125 0.0125
1 0.4828125 0.23515625 0.0046875 0.0171875
1 0.35859375 0.23359375 0.003125 0.0140625
1 0.24296875 0.23125 0.003125 0.0125
1 0.64140625 0.24921875 0.00625 0.0203125
1 0.18515625 0.2328125 0.0046875 0.0109375
1 0.5890625 0.24765625 0.0046875 0.01875
1 0.29296875 0.23046875 0.003125 0.0125
0 0.26328125 0.22734375 0.003125 0.0109375
0 0.471875 0.23046875 0.0046875 0.0140625
1 0.3265625 0.23125 0.003125 0.0140625
0 0.571875 0.23828125 0.003125 0.0140625
0 0.1984375 0.228125 0.003125 0.0109375
0 0.13984375 0.228125 0.003125 0.0109375
1 0.42421875 0.234375 0.003125 0.0140625
0 0.6921875 0.24296875 0.0046875 0.0171875
1 0.30390625 0.24296875 0.00625 0.0203125
0 0.36328125 0.22734375 0.0015625 0.0109375