0 0.10859375 0.5796875 0.0671875 0.128125
0 0.35 0.490625 0.0328125 0.0734375
0 0.48359375 0.4515625 0.0265625 0.05
0 0.60703125 0.4359375 0.0171875 0.0390625
0 0.69140625 0.42890625 0.0140625 0.03125
0 0.7 0.41484375 0.0109375 0.025
0 0.76171875 0.41171875 0.0125 0.025
0 0.81328125 0.40859375 0.009375 0.021875
0 0.83828125 0.4046875 0.009375 0.0203125
0 0.8265625 0.39453125 0.00625 0.015625
0 0.80703125 0.39140625 0.00625 0.015625
0 0.85625 0.40078125 0.0078125 0.0171875
1 0.39140625 0.37890625 0.0140625 0.0359375
1 0.91796875 0.4421875 0.0171875 0.03125
1 0.8890625 0.3953125 0.00625 0.0140625
1 0.8984375 0.3953125 0.0078125 0.015625
1 0.91796875 0.39921875 0.00625 0.015625
1 0.92890625 0.43046875 0.00625 0.028125