0 0.53828125 0.40703125 0.0234375 0.05625
0 0.4640625 0.50390625 0.0375 0.096875
1 0.81875 0.46328125 0.040625 0.096875
0 0.59140625 0.36640625 0.015625 0.0390625
1 0.73828125 0.34609375 0.0171875 0.0390625
0 0.23203125 0.7765625 0.09375 0.2203125
0 0.609375 0.3484375 0.0125 0.03125
0 0.7046875 0.30078125 0.00625 0.0171875
0 0.84140625 0.3 0.009375 0.021875
1 0.6578125 0.33046875 0.009375 0.025
1 0.59375 0.3015625 0.0046875 0.015625
1 0.525 0.3109375 0.003125 0.0109375
0 0.76875 0.303125 0.0078125 0.01875
1 0.559375 0.325 0.0078125 0.01875
1 0.66328125 0.29921875 0.0046875 0.0140625
1 0.90078125 0.31171875 0.0140625 0.0328125
0 0.71640625 0.30546875 0.0078125 0.0171875
1 0.65078125 0.30390625 0.0046875 0.0140625
1 0.5484375 0.3203125 0.00625 0.015625
0 0.5 0.33984375 0.009375 0.021875
0 0.48046875 0.328125 0.00625 0.015625
1 0.58359375 0.309375 0.0046875 0.015625
1 0.6390625 0.30859375 0.00625 0.0171875
1 0.5921875 0.32890625 0.0078125 0.0203125
1 0.5453125 0.309375 0.0046875 0.0109375
1 0.82109375 0.3125 0.0109375 0.028125
1 0.55390625 0.3046875 0.003125 0.0109375
1 0.56328125 0.3046875 0.0046875 0.0109375
1 0.56796875 0.3140625 0.0046875 0.015625
1 0.68359375 0.31484375 0.0078125 0.0203125
1 0.7296875 0.33203125 0.0125 0.03125
1 0.64375 0.3140625 0.0078125 0.0171875
0 0.47421875 0.33515625 0.00625 0.0171875
1 0.75390625 0.3140625 0.009375 0.021875
1 0.56953125 0.30234375 0.003125 0.0109375
0 0.4953125 0.32265625 0.0046875 0.0140625
0 0.5421875 0.34375 0.009375 0.025
0 0.51328125 0.3140625 0.0046875 0.0125
0 0.52265625 0.31796875 0.0046875 0.0125
1 0.75078125 0.37734375 0.0234375 0.053125
0 0.72265625 0.29140625 0.00625 0.0140625
0 0.5328125 0.31328125 0.0046875 0.0125
0 0.4796875 0.315625 0.003125 0.0109375