0 0.3046875 0.33984375 0.0171875 0.0484375
0 0.9140625 0.3125 0.0078125 0.0234375
0 0.321875 0.2875 0.009375 0.0296875
0 0.3421875 0.3109375 0.0125 0.0375
0 0.16875 0.3859375 0.0265625 0.065625
0 0.275 0.26953125 0.0078125 0.025
1 0.47734375 0.3828125 0.021875 0.0625
0 0.11796875 0.25 0.0078125 0.0234375
0 0.21015625 0.2546875 0.00625 0.0234375
1 0.41171875 0.27890625 0.0078125 0.025
1 0.3375 0.2625 0.00625 0.021875
0 0.83046875 0.30390625 0.00625 0.0203125
1 0.79453125 0.3078125 0.00625 0.021875
1 0.40390625 0.4828125 0.0375 0.109375
1 0.62265625 0.278125 0.0046875 0.01875
1 0.546875 0.26640625 0.0046875 0.0171875
0 0.63359375 0.278125 0.0046875 0.0171875
1 0.26796875 0.2515625 0.00625 0.01875
0 0.590625 0.26875 0.003125 0.0140625
1 0.56953125 0.7625 0.0453125 0.159375
1 0.49765625 0.33046875 0.0140625 0.0421875
1 0.0671875 0.2390625 0.00625 0.0203125
1 0.0328125 0.221875 0.0046875 0.015625
1 0.8890625 0.321875 0.009375 0.028125
1 0.17890625 0.24765625 0.00625 0.01875
1 0.515625 0.2609375 0.0046875 0.015625
1 0.58203125 0.271875 0.0046875 0.01875
1 0.47578125 0.30078125 0.009375 0.03125
0 0.753125 0.2953125 0.0078125 0.025
0 0.496875 0.25390625 0.0046875 0.0140625
1 0.715625 0.29375 0.00625 0.0203125
1 0.6703125 0.2859375 0.00625 0.01875
0 0.54296875 0.2609375 0.0046875 0.0140625
0 0.70859375 0.28828125 0.00625 0.0203125
1 0.278125 0.23359375 0.0046875 0.0140625
1 0.084375 0.2234375 0.0046875 0.0140625
1 0.1375 0.22578125 0.0046875 0.0140625