1 0.3140625 0.46484375 0.046875 0.1015625
1 0.028125 0.38984375 0.028125 0.0640625
0 0.86953125 0.3 0.0109375 0.028125
0 0.87734375 0.30546875 0.0140625 0.03125
1 0.82578125 0.3328125 0.01875 0.04375
1 0.75859375 0.3140625 0.015625 0.0359375
1 0.153125 0.4140625 0.034375 0.0765625
0 0.9109375 0.31484375 0.015625 0.0359375
0 0.884375 0.2953125 0.0109375 0.0265625
1 0.76953125 0.28828125 0.0109375 0.025
1 0.7421875 0.29296875 0.009375 0.025
1 0.4875 0.5703125 0.06875 0.1546875
0 0.0328125 0.278125 0.00625 0.0140625
1 0.853125 0.271875 0.00625 0.015625
1 0.6453125 0.265625 0.0046875 0.0140625
1 0.04453125 0.28046875 0.00625 0.015625
1 0.7359375 0.30078125 0.0109375 0.028125
1 0.4765625 0.2671875 0.0046875 0.0140625
1 0.82578125 0.278125 0.0078125 0.0203125
1 0.78671875 0.26484375 0.00625 0.0140625
1 0.8171875 0.26796875 0.00625 0.015625
1 0.09609375 0.27734375 0.0046875 0.0140625
0 0.06328125 0.27578125 0.0046875 0.0140625
1 0.84375 0.27421875 0.00625 0.0171875
0 0.86875 0.2671875 0.00625 0.0140625
1 0.80390625 0.28203125 0.00625 0.0203125
0 0.91328125 0.2703125 0.00625 0.015625
0 0.08671875 0.27421875 0.00625 0.0140625
0 0.1046875 0.271875 0.0046875 0.0140625
0 0.128125 0.26875 0.0046875 0.0125
1 0.13203125 0.275 0.00625 0.0140625
1 0.1578125 0.271875 0.0046875 0.0109375
0 0.15859375 0.26640625 0.0046875 0.0109375
1 0.17890625 0.26875 0.0046875 0.0125
1 0.196875 0.2671875 0.003125 0.0109375
0 0.19453125 0.2640625 0.003125 0.0109375
1 0.2203125 0.26484375 0.0046875 0.0125
0 0.2375 0.2625 0.0046875 0.0109375
1 0.24765625 0.26328125 0.0046875 0.0109375
1 0.27734375 0.2625 0.0046875 0.0109375
0 0.27890625 0.26015625 0.003125 0.0109375
1 0.30390625 0.2625 0.0046875 0.0109375
0 0.00078125 0.2796875 0.0015625 0.015625
0 0.31875 0.26015625 0.003125 0.0109375
1 0.3296875 0.2625 0.0046875 0.0109375
1 0.34921875 0.2625 0.0046875 0.0109375
1 0.3578125 0.26328125 0.0046875 0.0109375
1 0.3640625 0.265625 0.0046875 0.0109375
0 0.3546875 0.259375 0.003125 0.0109375
1 0.37890625 0.26640625 0.0046875 0.0125
0 0.38671875 0.259375 0.0046875 0.0109375
0 0.40546875 0.2609375 0.0046875 0.0125
1 0.41015625 0.2671875 0.0046875 0.0125
0 0.4125 0.2625 0.0046875 0.0140625
0 0.42265625 0.2625 0.0046875 0.0140625
0 0.44140625 0.26328125 0.0046875 0.0140625
1 0.44375 0.2671875 0.00625 0.0140625
0 0.465625 0.2640625 0.00625 0.0140625
0 0.48828125 0.2640625 0.00625 0.0140625
1 0.51640625 0.26640625 0.00625 0.0140625
0 0.51796875 0.26328125 0.003125 0.0109375
0 0.5421875 0.26328125 0.00625 0.015625
1 0.55625 0.26640625 0.00625 0.015625
0 0.56875 0.2625 0.00625 0.0140625
1 0.58984375 0.26640625 0.00625 0.0140625
1 0.615625 0.265625 0.00625 0.0140625
0 0.61640625 0.26171875 0.003125 0.0125
0 0.65859375 0.26171875 0.0046875 0.0125
1 0.6890625 0.2640625 0.00625 0.015625
0 0.70703125 0.2609375 0.0046875 0.0125
1 0.72734375 0.2640625 0.0046875 0.0140625
1 0.7578125 0.265625 0.0046875 0.0140625
0 0.7609375 0.2625 0.00625 0.0140625