0 0.61875 0.4546875 0.0203125 0.04375
0 0.59609375 0.48828125 0.0296875 0.0640625
1 0.75625 0.46015625 0.0171875 0.0375
1 0.78515625 0.48515625 0.021875 0.04375
1 0.81953125 0.6109375 0.046875 0.0984375
0 0.43125 0.5359375 0.0515625 0.1046875
0 0.65703125 0.41171875 0.009375 0.0203125
0 0.61953125 0.43203125 0.0140625 0.034375
0 0.80859375 0.43828125 0.009375 0.0203125
1 0.840625 0.84765625 0.0828125 0.1765625
1 0.81953125 0.53359375 0.0296875 0.0625
1 0.95703125 0.48359375 0.0125 0.0296875
0 0.70546875 0.41875 0.009375 0.0203125
0 0.6140625 0.40859375 0.009375 0.0234375
0 0.7546875 0.4265625 0.009375 0.01875
1 0.7203125 0.43046875 0.0109375 0.025
1 0.83828125 0.45078125 0.0109375 0.021875
1 0.9015625 0.46796875 0.0109375 0.025
1 0.77421875 0.4375 0.0109375 0.025
0 0.61484375 0.4203125 0.0125 0.0296875
1 0.7265625 0.44140625 0.0125 0.0296875
0 0.8765625 0.45234375 0.009375 0.0203125
1 0.64921875 0.38203125 0.00625 0.0125
1 0.6375 0.37890625 0.0046875 0.009375
0 0.63515625 0.38125 0.0046875 0.0109375
0 0.62265625 0.3765625 0.0046875 0.0109375
1 0.615625 0.37265625 0.0046875 0.009375
1 0.59765625 0.37109375 0.0046875 0.009375
0 0.60078125 0.37421875 0.0046875 0.0109375
0 0.5828125 0.3671875 0.0046875 0.0078125
1 0.571875 0.36640625 0.0046875 0.0078125
1 0.5453125 0.36171875 0.0046875 0.009375
0 0.53984375 0.3640625 0.003125 0.009375
0 0.53203125 0.36015625 0.003125 0.009375