0 0.22578125 0.61796875 0.0609375 0.109375
0 0.365625 0.4578125 0.0203125 0.04375
0 0.390625 0.42734375 0.015625 0.034375
0 0.40703125 0.4140625 0.0125 0.0296875
0 0.84453125 0.3828125 0.0109375 0.025
0 0.41875 0.40234375 0.0109375 0.025
0 0.428125 0.39296875 0.009375 0.0203125
0 0.47421875 0.3875 0.009375 0.01875
0 0.53984375 0.384375 0.00625 0.01875
1 0.71171875 0.38828125 0.0125 0.0234375
1 0.91171875 0.39140625 0.0171875 0.0328125
1 0.82890625 0.59375 0.065625 0.121875
1 0.621875 0.44921875 0.025 0.0546875
1 0.53828125 0.39453125 0.0109375 0.0265625
1 0.78359375 0.3921875 0.0140625 0.0296875
1 0.64453125 0.38828125 0.0109375 0.021875
1 0.596875 0.3875 0.0109375 0.021875
1 0.5796875 0.4203125 0.01875 0.0375
1 0.56171875 0.40546875 0.0140625 0.03125
1 0.55546875 0.3890625 0.0109375 0.0203125