0 0.40703125 0.30703125 0.0265625 0.059375
0 0.7828125 0.40234375 0.0125 0.0265625
1 0.87109375 0.45859375 0.015625 0.0328125
1 0.8875 0.4515625 0.0109375 0.0234375
1 0.89296875 0.4609375 0.0125 0.028125
1 0.6 0.44296875 0.034375 0.078125
0 0.5484375 0.33828125 0.0203125 0.046875
1 0.7015625 0.4421875 0.025 0.05625
1 0.7796875 0.44765625 0.0203125 0.04375
1 0.54140625 0.48671875 0.0484375 0.10625
0 0.64375 0.3625 0.015625 0.0375
0 0.1984375 0.29453125 0.0421875 0.090625
0 0.7609375 0.396875 0.0125 0.028125
0 0.7640625 0.37890625 0.0109375 0.0203125
0 0.7796875 0.38984375 0.0109375 0.0234375
0 0.9421875 0.45078125 0.0078125 0.0171875
1 0.796875 0.3890625 0.009375 0.0203125
1 0.821875 0.38984375 0.00625 0.015625
0 0.62734375 0.30078125 0.00625 0.0171875
1 0.86328125 0.43125 0.0109375 0.0234375
0 0.6640625 0.32265625 0.0078125 0.0171875
0 0.66484375 0.31015625 0.00625 0.0140625
1 0.57421875 0.70078125 0.090625 0.19375
1 0.83046875 0.41015625 0.009375 0.0203125
1 0.7 0.3359375 0.0078125 0.0171875
0 0.61875 0.29296875 0.00625 0.0140625
1 0.721875 0.33984375 0.00625 0.0140625
1 0.95625 0.4609375 0.0078125 0.0171875
0 0.78671875 0.3984375 0.0125 0.025
1 0.75625 0.36640625 0.009375 0.0171875
0 0.70546875 0.32890625 0.00625 0.0125
0 0.74296875 0.36484375 0.009375 0.0203125
1 0.87109375 0.4171875 0.0078125 0.015625
0 0.90859375 0.43359375 0.00625 0.0140625
0 0.8859375 0.421875 0.0078125 0.015625
1 0.790625 0.3734375 0.0078125 0.0140625
1 0.67421875 0.31875 0.0078125 0.0171875
0 0.8390625 0.396875 0.00625 0.0140625
1 0.69609375 0.32734375 0.00625 0.015625
1 0.75703125 0.35546875 0.0078125 0.0140625
0 0.6328125 0.29609375 0.00625 0.0140625
0 0.74765625 0.34921875 0.00625 0.0140625
1 0.68203125 0.32578125 0.0078125 0.0171875
1 0.68125 0.3203125 0.0078125 0.0171875
0 0.79375 0.371875 0.00625 0.0140625
1 0.90625 0.43515625 0.0078125 0.015625
0 0.70703125 0.38203125 0.0125 0.0328125