1 0.75390625 0.53671875 0.0421875 0.1109375
0 0.328125 0.65390625 0.0515625 0.15
0 0.35390625 0.42265625 0.0125 0.0390625
0 0.35390625 0.49921875 0.028125 0.075
1 0.62578125 0.4640625 0.0265625 0.075
1 0.853125 0.37734375 0.015625 0.04375
1 0.51875 0.4046875 0.0140625 0.040625
0 0.41796875 0.40234375 0.0109375 0.034375
0 0.55078125 0.3765625 0.0109375 0.0328125
1 0.67578125 0.3796875 0.0140625 0.0390625
0 0.34609375 0.45703125 0.0171875 0.05625
0 0.83671875 0.3546875 0.0109375 0.0328125
1 0.40390625 0.353125 0.0046875 0.0171875
0 0.4859375 0.3875 0.0109375 0.03125
1 0.58984375 0.3875 0.0109375 0.0390625
1 0.76328125 0.37578125 0.0140625 0.0375
0 0.61953125 0.37109375 0.009375 0.0296875
0 0.70234375 0.3625 0.0109375 0.03125
1 0.54375 0.43203125 0.0171875 0.0546875