0 0.15390625 0.37734375 0.0265625 0.0578125
1 0.3203125 0.3765625 0.0296875 0.0625
0 0.65625 0.28203125 0.0140625 0.03125
0 0.525 0.29140625 0.0140625 0.03125
1 0.575 0.303125 0.0171875 0.0375
0 0.39609375 0.30859375 0.015625 0.0359375
1 0.38984375 0.34140625 0.0234375 0.0515625
1 0.68359375 0.29296875 0.0171875 0.0375
0 0.27421875 0.3359375 0.01875 0.0421875
1 0.29296875 0.4421875 0.0421875 0.0921875
1 0.475 0.31640625 0.01875 0.04375
1 0.38828125 0.57265625 0.0765625 0.1609375
1 0.79921875 0.290625 0.0171875 0.0375
0 0.79609375 0.27578125 0.015625 0.0328125