1 0.5640625 0.17734375 0.0015625 0.0109375
1 0.64375 0.165625 0.0015625 0.0109375
1 0.5265625 0.18203125 0.0015625 0.009375
1 0.60234375 0.171875 0.0015625 0.009375
1 0.734375 0.15234375 0.0015625 0.0109375
0 0.4078125 0.203125 0.0015625 0.0078125
1 0.40390625 0.20078125 0.0015625 0.0078125
1 0.43125 0.196875 0.0015625 0.0078125
0 0.43984375 0.19765625 0.0015625 0.009375
0 0.47109375 0.1921875 0.0015625 0.009375
1 0.4609375 0.1921875 0.0015625 0.0078125
1 0.49296875 0.18671875 0.0015625 0.009375
0 0.5078125 0.18671875 0.0015625 0.0109375
0 0.54609375 0.18203125 0.0015625 0.009375
0 0.58671875 0.17578125 0.0015625 0.009375
0 0.63125 0.16875 0.003125 0.0109375
0 0.72890625 0.1546875 0.003125 0.0109375
0 0.83984375 0.1390625 0.003125 0.0109375
1 0.8375 0.13984375 0.0015625 0.009375
1 0.37734375 0.20546875 0.0015625 0.00625