0 0.809375 0.2796875 0.0140625 0.05625
0 0.77421875 0.26171875 0.0125 0.04921875
0 0.7265625 0.246875 0.009375 0.04140625
0 0.853125 0.3078125 0.0171875 0.0703125
0 0.64375 0.23125 0.0078125 0.0328125
1 0.70546875 0.21484375 0.00625 0.02734375
0 0.56953125 0.2234375 0.00625 0.02734375
1 0.8796875 0.23125 0.0109375 0.0390625
0 0.8703125 0.35625 0.0234375 0.0921875
1 0.746875 0.2171875 0.00703125 0.03046875
0 0.64765625 0.51875 0.04609375 0.1609375
0 0.8421875 0.4078125 0.03203125 0.1140625
0 0.76875 0.1828125 0.00390625 0.01640625
1 0.659375 0.21171875 0.00625 0.02734375
1 0.809375 0.2234375 0.00859375 0.03359375
0 0.50234375 0.20625 0.00390625 0.01875
1 0.59296875 0.19765625 0.00390625 0.0171875
0 0.49140625 0.21328125 0.0046875 0.021875
0 0.60859375 0.228125 0.00703125 0.03046875
1 0.62265625 0.19453125 0.003125 0.0171875
0 0.68671875 0.23828125 0.009375 0.03671875
1 0.7578125 0.1875 0.00390625 0.01640625
1 0.58125 0.2046875 0.0046875 0.01953125
1 0.6984375 0.1890625 0.003125 0.01484375
1 0.83046875 0.18515625 0.00390625 0.01875
0 0.83515625 0.18125 0.00390625 0.01640625
0 0.53515625 0.19921875 0.003125 0.01640625
0 0.70390625 0.18515625 0.00390625 0.01484375
0 0.63984375 0.18828125 0.00390625 0.0140625
0 0.515625 0.21875 0.00546875 0.02265625
0 0.58359375 0.19375 0.00234375 0.0140625
1 0.6015625 0.2078125 0.0046875 0.021875
1 0.66015625 0.19140625 0.003125 0.01484375
1 0.90234375 0.1828125 0.0046875 0.01875
0 0.90078125 0.17734375 0.00234375 0.01875
1 0.57890625 0.20234375 0.003125 0.01953125