1 0.54609375 0.37265625 0.028125 0.065625
0 0.76328125 0.284375 0.0125 0.03125
0 0.91015625 0.38125 0.034375 0.0765625
0 0.85390625 0.3015625 0.0171875 0.0390625
0 0.26875 0.4734375 0.05 0.109375
1 0.34375 0.38125 0.0328125 0.06875
0 0.92109375 0.33125 0.0203125 0.0515625
1 0.734375 0.32265625 0.0203125 0.046875
0 0.68046875 0.45234375 0.0484375 0.10625
1 0.6890625 0.34765625 0.0296875 0.0609375
1 0.1984375 0.3703125 0.0265625 0.0625
0 0.19375 0.296875 0.0109375 0.0265625
1 0.25078125 0.29921875 0.0125 0.0296875
1 0.72265625 0.303125 0.015625 0.0375
1 0.190625 0.3125 0.0140625 0.0328125
1 0.14140625 0.35 0.01875 0.0484375
0 0.10859375 0.31171875 0.0140625 0.03125
0 0.28671875 0.28515625 0.0109375 0.0234375
0 0.384375 0.27734375 0.0109375 0.0234375
0 0.4828125 0.2734375 0.009375 0.0203125
0 0.578125 0.2734375 0.0109375 0.0234375
0 0.6703125 0.27578125 0.0109375 0.025
1 0.31953125 0.28984375 0.0140625 0.028125
1 0.39609375 0.28359375 0.0109375 0.025
1 0.47421875 0.28046875 0.0109375 0.0265625
1 0.54765625 0.28046875 0.0125 0.0265625
1 0.615625 0.28359375 0.0140625 0.03125
1 0.67734375 0.29140625 0.015625 0.034375
1 0.15078125 0.328125 0.0140625 0.040625