0 0.32578125 0.49375 0.0609375 0.090625
0 0.5015625 0.459375 0.0359375 0.0546875
0 0.64453125 0.44453125 0.0203125 0.0328125
0 0.70703125 0.4390625 0.0140625 0.025
0 0.74140625 0.434375 0.0125 0.0203125
0 0.75625 0.4328125 0.0109375 0.01875
0 0.7671875 0.43203125 0.009375 0.015625
0 0.778125 0.43046875 0.009375 0.015625
0 0.78828125 0.4296875 0.00625 0.0140625
0 0.82265625 0.43671875 0.0078125 0.0140625
1 0.859375 0.68046875 0.090625 0.125
1 0.771875 0.53671875 0.0390625 0.0625
1 0.82109375 0.49140625 0.0234375 0.0390625
1 0.83984375 0.4734375 0.0171875 0.0265625
1 0.93671875 0.4703125 0.009375 0.015625
1 0.90546875 0.4609375 0.009375 0.015625
1 0.87421875 0.453125 0.009375 0.015625
1 0.84765625 0.46171875 0.0125 0.0234375
1 0.853125 0.4578125 0.009375 0.0171875
1 0.8578125 0.4546875 0.0078125 0.015625