1 0.6859375 0.52265625 0.05625 0.115625
0 0.265625 0.42734375 0.015625 0.0359375
1 0.42109375 0.51328125 0.040625 0.0921875
1 0.80078125 0.4328125 0.0359375 0.078125
0 0.58359375 0.38359375 0.0171875 0.0390625
1 0.46171875 0.43203125 0.021875 0.0515625
1 0.18046875 0.459375 0.0203125 0.0453125
0 0.096875 0.4359375 0.0125 0.0296875
0 0.90859375 0.359375 0.0265625 0.0609375
0 0.4140625 0.40859375 0.015625 0.0390625
0 0.06328125 0.43671875 0.009375 0.025
1 0.60078125 0.42734375 0.025 0.0609375
1 0.06171875 0.4703125 0.01875 0.040625
0 0.16640625 0.43515625 0.0140625 0.0328125
0 0.7140625 0.37578125 0.0203125 0.046875
1 0.2125 0.51875 0.034375 0.075
1 0.29453125 0.45078125 0.0203125 0.05