0 0.071875 0.5828125 0.028125 0.0328125
0 0.31953125 0.5765625 0.0234375 0.0359375
0 0.40390625 0.5234375 0.0109375 0.0125
0 0.484375 0.521875 0.0109375 0.015625
0 0.5125 0.54453125 0.0171875 0.0265625
0 0.5609375 0.5109375 0.0078125 0.0125
0 0.7 0.5546875 0.0296875 0.0375
0 0.73515625 0.52265625 0.0125 0.021875
0 0.75859375 0.4953125 0.0078125 0.0109375
0 0.8046875 0.49765625 0.0109375 0.0140625
0 0.85 0.51484375 0.0171875 0.0234375
0 0.8953125 0.50078125 0.0140625 0.01875
0 0.7875 0.6078125 0.040625 0.0640625
1 0.3515625 0.54140625 0.0140625 0.021875
1 0.60234375 0.52265625 0.0140625 0.021875
1 0.60703125 0.5125 0.0078125 0.015625
1 0.6484375 0.50390625 0.009375 0.0125
1 0.6875 0.49765625 0.00625 0.0109375
1 0.84296875 0.48984375 0.009375 0.0125
1 0.86796875 0.5046875 0.015625 0.0203125
1 0.89140625 0.49296875 0.0078125 0.015625
1 0.9359375 0.503125 0.0171875 0.021875