1 0.171875 0.278125 0.0296875 0.0703125
1 0.2171875 0.38203125 0.0421875 0.10625
0 0.8765625 0.44765625 0.0109375 0.028125
0 0.79609375 0.39765625 0.00625 0.0203125
1 0.8140625 0.43515625 0.0140625 0.034375
1 0.1515625 0.2234375 0.021875 0.053125
1 0.7546875 0.39296875 0.009375 0.025
1 0.14453125 0.18984375 0.0171875 0.0421875
1 0.13984375 0.1671875 0.0125 0.034375
0 0.67109375 0.3328125 0.00625 0.0171875
1 0.15703125 0.13984375 0.0078125 0.01875
1 0.1359375 0.1546875 0.009375 0.025
0 0.84921875 0.4296875 0.009375 0.025
0 0.146875 0.12265625 0.00625 0.0171875
0 0.37265625 0.20625 0.0046875 0.0140625
1 0.346875 0.19921875 0.0046875 0.0140625
1 0.68359375 0.34609375 0.00625 0.0203125
0 0.284375 0.17265625 0.0046875 0.0140625
1 0.4140625 0.228125 0.0046875 0.015625
0 0.7375 0.36484375 0.00625 0.01875
0 0.46484375 0.24375 0.0046875 0.0140625
1 0.371875 0.70546875 0.1 0.24375
0 0.328125 0.18828125 0.0046875 0.0125
1 0.61796875 0.315625 0.00625 0.0171875
1 0.27734375 0.17265625 0.0046875 0.0140625
1 0.47890625 0.25546875 0.0046875 0.015625
1 0.1390625 0.14453125 0.0078125 0.025
1 0.55 0.2859375 0.00625 0.0171875
0 0.21875 0.1484375 0.0046875 0.0140625
0 0.41953125 0.22421875 0.0046875 0.0140625
0 0.621875 0.31171875 0.0046875 0.0140625
0 0.5171875 0.26640625 0.0046875 0.015625
1 0.7296875 0.371875 0.0078125 0.0203125
1 0.2078125 0.15 0.00625 0.0171875
0 0.5671875 0.2890625 0.0046875 0.0140625