0 0.253125 0.3796875 0.0296875 0.0625
1 0.56640625 0.34609375 0.025 0.05625
1 0.515625 0.3859375 0.0328125 0.0734375
0 0.10078125 0.48515625 0.0546875 0.1078125
1 0.5125 0.46015625 0.046875 0.1078125
0 0.38203125 0.3328125 0.021875 0.046875
1 0.63125 0.32421875 0.021875 0.0484375
0 0.5 0.30546875 0.015625 0.0375
1 0.7078125 0.31015625 0.01875 0.0421875
0 0.73984375 0.28359375 0.0140625 0.0328125
1 0.83515625 0.3015625 0.0203125 0.0421875
0 0.87109375 0.2796875 0.015625 0.034375
0 0.615625 0.29140625 0.0140625 0.034375
1 0.684375 0.671875 0.1 0.215625