1 0.753125 0.33125 0.03125 0.0890625
1 0.39921875 0.4 0.03125 0.0859375
1 0.1859375 0.40234375 0.0203125 0.0625
1 0.13984375 0.371875 0.0140625 0.0453125
1 0.1765625 0.33671875 0.0109375 0.034375
1 0.240625 0.3046875 0.009375 0.028125
1 0.3171875 0.278125 0.009375 0.025
1 0.38671875 0.2546875 0.00625 0.021875
1 0.48203125 0.23125 0.0078125 0.021875
1 0.57890625 0.21015625 0.00625 0.0203125
1 0.66875 0.1953125 0.00625 0.021875
1 0.7625 0.18359375 0.0078125 0.025
1 0.84765625 0.1765625 0.009375 0.0296875
0 0.7875 0.23984375 0.0171875 0.0515625
0 0.6421875 0.2859375 0.0203125 0.059375
0 0.47265625 0.3203125 0.0203125 0.059375
0 0.3421875 0.334375 0.0171875 0.05
0 0.28515625 0.3265625 0.0140625 0.0421875
0 0.2875 0.309375 0.009375 0.0328125
0 0.31953125 0.290625 0.009375 0.028125
0 0.36953125 0.2703125 0.0078125 0.0265625
0 0.421875 0.25390625 0.0078125 0.025
0 0.4953125 0.23515625 0.00625 0.021875
0 0.57109375 0.21875 0.00625 0.0234375
0 0.640625 0.2078125 0.0078125 0.025
0 0.709375 0.19921875 0.0078125 0.0265625
0 0.76875 0.19609375 0.009375 0.0296875
0 0.81171875 0.20078125 0.009375 0.0359375
0 0.8265625 0.21484375 0.0109375 0.0421875