0 0.15078125 0.459375 0.0203125 0.065625
0 0.13046875 0.56640625 0.0390625 0.11875
0 0.8671875 0.4296875 0.0140625 0.05
1 0.88359375 0.6875 0.0609375 0.18125
0 0.90390625 0.45078125 0.0171875 0.059375
1 0.434375 0.3984375 0.0109375 0.0375
1 0.421875 0.4234375 0.0125 0.0484375
0 0.3953125 0.3765625 0.00625 0.028125
0 0.7265625 0.37734375 0.00625 0.025
0 0.22890625 0.76875 0.034375 0.165625
0 0.62734375 0.3703125 0.00625 0.0234375
1 0.7953125 0.3890625 0.0078125 0.03125
0 0.30703125 0.38828125 0.009375 0.034375
0 0.9078125 0.41875 0.009375 0.046875
1 0.753125 0.39765625 0.009375 0.034375
1 0.48828125 0.38671875 0.0078125 0.0328125
1 0.653125 0.44375 0.0140625 0.05625
1 0.6953125 0.40546875 0.009375 0.0390625
0 0.475 0.37109375 0.00625 0.025
1 0.5484375 0.38203125 0.0078125 0.0296875
1 0.6890625 0.3828125 0.00625 0.028125
0 0.5421875 0.36796875 0.00625 0.021875
0 0.94140625 0.396875 0.0078125 0.025
1 0.5984375 0.378125 0.00625 0.0265625
1 0.8359375 0.3984375 0.009375 0.034375
1 0.4109375 0.46171875 0.0171875 0.0671875
0 0.840625 0.3875 0.00625 0.0265625
1 0.90703125 0.39921875 0.0078125 0.03125
1 0.575 0.534375 0.03125 0.1
1 0.74296875 0.4828125 0.01875 0.075
1 0.94765625 0.56640625 0.0109375 0.0515625
0 0.21953125 0.4125 0.0125 0.0453125
1 0.65234375 0.42265625 0.0140625 0.0453125