0 0.21484375 0.15234375 0.0109375 0.025
0 0.85859375 0.228125 0.0109375 0.025
0 0.959375 0.24609375 0.0109375 0.0234375
0 0.69296875 0.4890625 0.0578125 0.13125
1 0.1578125 0.1375 0.009375 0.0234375
0 0.49921875 0.165625 0.0078125 0.0171875
0 0.30546875 0.1515625 0.009375 0.0234375
0 0.778125 0.21328125 0.009375 0.0234375
0 0.44921875 0.16015625 0.0078125 0.01875
1 0.12734375 0.12734375 0.00625 0.0140625
0 0.55234375 0.17265625 0.00625 0.0171875
1 0.44140625 0.1515625 0.0046875 0.0109375
0 0.6703125 0.18828125 0.0078125 0.01875
1 0.55859375 0.16875 0.00625 0.015625
1 0.359375 0.14375 0.0046875 0.0125
1 0.590625 0.16875 0.0046875 0.0125
0 0.54765625 0.16328125 0.0046875 0.0109375
1 0.3203125 0.1453125 0.0078125 0.0171875
1 0.4015625 0.1515625 0.00625 0.0140625
0 0.13046875 0.7203125 0.053125 0.1234375
0 0.72265625 0.2015625 0.0078125 0.0203125
1 0.6359375 0.1796875 0.00625 0.0140625
1 0.246875 0.14140625 0.0078125 0.01875
0 0.1890625 0.12734375 0.0046875 0.0140625
0 0.384375 0.1546875 0.0078125 0.01875
1 0.53671875 0.1609375 0.0046875 0.0109375
1 0.7140625 0.19296875 0.0046875 0.0109375
1 0.82421875 0.21640625 0.0078125 0.015625
0 0.60625 0.178125 0.0078125 0.0171875
1 0.7578125 0.203125 0.0078125 0.0140625
1 0.20234375 0.1328125 0.00625 0.0140625
0 0.30546875 0.13515625 0.00625 0.0140625
1 0.48046875 0.1578125 0.00625 0.0140625
0 0.2625 0.1328125 0.0046875 0.0109375
0 0.49453125 0.1546875 0.003125 0.0109375
1 0.2671875 0.1375 0.00625 0.0140625
0 0.446875 0.15 0.0046875 0.0109375
0 0.2265625 0.12890625 0.00625 0.0140625
1 0.646875 0.178125 0.0046875 0.009375
1 0.6875 0.184375 0.0046875 0.00625
1 0.4046875 0.1484375 0.0046875 0.0125
1 0.90625 0.23125 0.0078125 0.0140625