0 0.946875 0.34453125 0.009375 0.025
1 0.5734375 0.34296875 0.015625 0.0453125
0 0.2234375 0.3296875 0.0234375 0.0640625
0 0.8203125 0.32265625 0.0078125 0.025
0 0.47734375 0.2859375 0.0109375 0.034375
1 0.9046875 0.35859375 0.0109375 0.03125
0 0.69921875 0.30234375 0.0078125 0.028125
1 0.4859375 0.475 0.0296875 0.10625
1 0.6734375 0.3328125 0.0125 0.0375
0 0.36875 0.29921875 0.0140625 0.04375
0 0.57421875 0.28125 0.0078125 0.028125
1 0.77265625 0.3375 0.0109375 0.034375
1 0.49609375 0.37734375 0.0203125 0.0625
0 0.884375 0.3328125 0.009375 0.0265625