0 0.55546875 0.79921875 0.1203125 0.1703125
0 0.253125 0.5671875 0.0171875 0.0234375
0 0.43125 0.53515625 0.0171875 0.025
0 0.6265625 0.49765625 0.015625 0.0234375
0 0.8015625 0.48125 0.0234375 0.0296875
0 0.8609375 0.4625 0.021875 0.0265625
0 0.903125 0.48359375 0.03125 0.0390625
1 0.08671875 0.60625 0.025 0.0296875
1 0.18125 0.60703125 0.03125 0.0390625
1 0.30703125 0.54453125 0.0140625 0.01875
1 0.4546875 0.5921875 0.0375 0.053125
1 0.46640625 0.51953125 0.0140625 0.0203125
1 0.659375 0.496875 0.0203125 0.0265625
1 0.70625 0.48359375 0.015625 0.0234375
1 0.87578125 0.525 0.05 0.0609375