0 0.59375 0.57734375 0.03125 0.0421875
0 0.515625 0.6875 0.0703125 0.09375
0 0.35234375 0.54609375 0.01875 0.025
0 0.253125 0.5328125 0.0125 0.01875
0 0.240625 0.54921875 0.0171875 0.025
0 0.134375 0.53046875 0.0125 0.0171875
0 0.103125 0.5671875 0.015625 0.03125
0 0.05703125 0.52890625 0.009375 0.015625
0 0.1734375 0.62109375 0.04375 0.0578125
1 0.47109375 0.55625 0.0234375 0.03125
1 0.3015625 0.534375 0.0140625 0.0203125
1 0.23125 0.53671875 0.0109375 0.0203125
1 0.2265625 0.52421875 0.009375 0.015625
1 0.1609375 0.52109375 0.009375 0.0140625