0 0.7734375 0.2984375 0.021875 0.065625
0 0.303125 0.30546875 0.00625 0.021875
0 0.1109375 0.359375 0.0078125 0.025
0 0.61796875 0.4171875 0.0375 0.1046875
1 0.32890625 0.2765625 0.0046875 0.0171875
1 0.39140625 0.24765625 0.0046875 0.0140625
1 0.2078125 0.31796875 0.0078125 0.0203125
1 0.12578125 0.3328125 0.00625 0.01875
0 0.4671875 0.2203125 0.003125 0.0109375
0 0.41484375 0.26328125 0.0046875 0.0171875
1 0.065625 0.30703125 0.0046875 0.0140625
0 0.47734375 0.2234375 0.0046875 0.0125
1 0.21484375 0.26796875 0.0046875 0.0125
1 0.3625 0.2609375 0.0046875 0.0171875
0 0.371875 0.27890625 0.0046875 0.01875
0 0.21640625 0.3328125 0.0078125 0.0234375
1 0.1671875 0.27890625 0.0046875 0.0125
0 0.4390625 0.21875 0.003125 0.0109375
1 0.30703125 0.2421875 0.0046875 0.0125
0 0.28828125 0.24296875 0.003125 0.0109375
0 0.4421875 0.25 0.0046875 0.015625
0 0.27890625 0.8015625 0.0375 0.1265625
1 0.2765625 0.29765625 0.00625 0.0203125
1 0.8390625 0.16171875 0.003125 0.0109375
0 0.05703125 0.30390625 0.0046875 0.0125
1 0.2609375 0.25546875 0.003125 0.0109375
1 0.85703125 0.15 0.003125 0.0078125
1 0.39453125 0.22734375 0.003125 0.0109375
1 0.4078125 0.23671875 0.0046875 0.0140625
0 0.46328125 0.23828125 0.0046875 0.0140625
0 0.47265625 0.2296875 0.0046875 0.0140625
1 0.4140625 0.2296875 0.003125 0.0109375
0 0.90625 0.14296875 0.003125 0.009375
0 0.096875 0.2921875 0.0046875 0.0125
0 0.33359375 0.23125 0.003125 0.009375
0 0.20234375 0.26640625 0.003125 0.0109375
0 0.8640625 0.14765625 0.003125 0.009375
0 0.365625 0.22578125 0.003125 0.009375
1 0.1140625 0.29296875 0.003125 0.0140625
0 0.24765625 0.25546875 0.003125 0.009375
1 0.9 0.15 0.003125 0.0109375
1 0.3546875 0.23359375 0.003125 0.0109375
1 0.79140625 0.1640625 0.0015625 0.009375
1 0.90078125 0.14375 0.003125 0.0109375
1 0.82734375 0.14140625 0.0015625 0.009375
0 0.45546875 0.2171875 0.003125 0.0109375
1 0.8078125 0.15625 0.003125 0.0078125
0 0.15546875 0.278125 0.003125 0.0109375
0 0.40078125 0.22265625 0.003125 0.009375
0 0.31796875 0.23515625 0.003125 0.0109375
0 0.8375 0.15 0.003125 0.0078125
0 0.81796875 0.14609375 0.003125 0.009375