0 0.43515625 0.32890625 0.015625 0.046875
1 0.49296875 0.396875 0.0296875 0.078125
0 0.87109375 0.3359375 0.0125 0.0359375
0 0.57734375 0.31953125 0.0125 0.0375
0 0.28984375 0.36171875 0.0203125 0.0671875
0 0.11015625 0.45078125 0.0421875 0.109375
1 0.57109375 0.359375 0.021875 0.059375
1 0.4640625 0.4921875 0.0390625 0.1171875
1 0.91484375 0.36015625 0.015625 0.046875
0 0.7203125 0.32265625 0.0109375 0.0359375
1 0.66953125 0.34765625 0.015625 0.0484375
1 0.78515625 0.3484375 0.0140625 0.04375
1 0.6421875 0.7640625 0.0421875 0.146875