0 0.496875 0.5140625 0.0375 0.1015625
0 0.709375 0.4640625 0.0265625 0.0703125
0 0.2328125 0.66953125 0.06875 0.19375
0 0.91171875 0.46640625 0.021875 0.065625
0 0.43125 0.32734375 0.0046875 0.01875
1 0.7328125 0.3671875 0.0078125 0.025
0 0.70546875 0.36328125 0.00625 0.025
1 0.696875 0.3625 0.00625 0.025
1 0.68203125 0.36015625 0.00625 0.025
1 0.6515625 0.3546875 0.00625 0.025
1 0.41875 0.32734375 0.00625 0.0171875
1 0.25234375 0.31875 0.00625 0.021875
1 0.51171875 0.34296875 0.0078125 0.028125
0 0.47890625 0.34140625 0.0078125 0.0296875
1 0.47109375 0.3359375 0.00625 0.0203125
1 0.47421875 0.34296875 0.00625 0.03125
1 0.49140625 0.34296875 0.0078125 0.03125
0 0.50546875 0.328125 0.00625 0.0328125
1 0.48203125 0.36015625 0.0078125 0.03125
1 0.5015625 0.34375 0.00625 0.03125
1 0.4875 0.33671875 0.00625 0.03125