0 0.4359375 0.43671875 0.021875 0.0625
0 0.39453125 0.37421875 0.0140625 0.040625
0 0.28828125 0.34765625 0.0140625 0.0390625
1 0.79296875 0.671875 0.059375 0.1390625
0 0.375 0.50859375 0.0359375 0.103125
1 0.75859375 0.45703125 0.015625 0.0390625
0 0.18984375 0.31875 0.0140625 0.0359375
0 0.93125 0.48984375 0.015625 0.040625
1 0.65703125 0.4171875 0.0109375 0.0296875
1 0.5953125 0.4125 0.0109375 0.0328125
1 0.515625 0.3734375 0.0078125 0.025
1 0.66875 0.47578125 0.021875 0.05625
1 0.84140625 0.5 0.0171875 0.0484375
1 0.36171875 0.33203125 0.009375 0.025
1 0.71015625 0.53203125 0.034375 0.08125
1 0.32578125 0.33671875 0.009375 0.028125
1 0.225 0.29453125 0.0078125 0.0203125
0 0.6484375 0.4 0.009375 0.025
1 0.653125 0.4453125 0.015625 0.046875
1 0.50390625 0.38515625 0.0109375 0.03125
0 0.1203125 0.2703125 0.00625 0.015625
0 0.0953125 0.28359375 0.0109375 0.028125
0 0.48828125 0.41171875 0.0171875 0.046875
0 0.1359375 0.29765625 0.0125 0.03125
0 0.72890625 0.41953125 0.009375 0.028125
1 0.24453125 0.3125 0.009375 0.0265625
0 0.81953125 0.44609375 0.0140625 0.034375
1 0.28671875 0.3140625 0.00625 0.0234375
0 0.39609375 0.3359375 0.00625 0.01875
1 0.58125 0.3921875 0.009375 0.028125
0 0.484375 0.35703125 0.0078125 0.021875
1 0.15703125 0.278125 0.00625 0.0171875
0 0.271875 0.29921875 0.00625 0.0203125
1 0.4125 0.3609375 0.0125 0.03125
0 0.23515625 0.2890625 0.00625 0.015625
1 0.184375 0.29375 0.009375 0.025
1 0.10078125 0.2703125 0.00625 0.0203125
1 0.428125 0.35 0.009375 0.025
0 0.58203125 0.38046875 0.0078125 0.0203125
0 0.3296875 0.31640625 0.0078125 0.0203125
1 0.10703125 0.278125 0.0078125 0.01875
0 0.1625 0.74765625 0.046875 0.1140625