0 0.31484375 0.33984375 0.015625 0.0546875
0 0.56015625 0.32265625 0.009375 0.034375
0 0.4484375 0.32421875 0.0109375 0.0421875
1 0.70078125 0.35859375 0.0109375 0.04375
1 0.75078125 0.3546875 0.0109375 0.0390625
1 0.6203125 0.3703125 0.0140625 0.053125
1 0.54609375 0.396875 0.01875 0.06875
0 0.61171875 0.32109375 0.0078125 0.03125
0 0.1515625 0.3921875 0.025 0.084375
1 0.75859375 0.32890625 0.0078125 0.028125
1 0.72421875 0.3171875 0.00625 0.0234375
0 0.63515625 0.31953125 0.0078125 0.0296875
0 0.60390625 0.29921875 0.00625 0.0234375
0 0.57109375 0.29140625 0.0046875 0.021875
1 0.5640625 0.28125 0.0046875 0.0171875
1 0.575 0.271875 0.0015625 0.0140625
1 0.55 0.26953125 0.003125 0.0140625
1 0.8390625 0.30625 0.0015625 0.0109375
1 0.665625 0.2828125 0.003125 0.0140625
1 0.60390625 0.27578125 0.003125 0.0125
0 0.46484375 0.26875 0.0046875 0.0171875
1 0.85703125 0.30703125 0.003125 0.0109375
1 0.5296875 0.27265625 0.003125 0.0140625
1 0.78671875 0.29921875 0.003125 0.0140625
1 0.8734375 0.3078125 0.003125 0.0109375
0 0.50625 0.278125 0.0046875 0.0203125
1 0.52890625 0.440625 0.0234375 0.090625
0 0.45546875 0.26328125 0.003125 0.015625
1 0.67890625 0.30546875 0.00625 0.021875
0 0.80546875 0.2984375 0.003125 0.0125
0 0.73046875 0.28984375 0.003125 0.0125
1 0.5703125 0.6453125 0.046875 0.1765625
0 0.68046875 0.2828125 0.003125 0.0140625
0 0.47265625 0.2609375 0.003125 0.0140625
0 0.628125 0.30625 0.00625 0.025
0 0.77578125 0.2953125 0.003125 0.0125
1 0.7734375 0.346875 0.009375 0.034375
1 0.75078125 0.296875 0.003125 0.0140625
1 0.6375 0.27890625 0.003125 0.0140625
0 0.5 0.26171875 0.003125 0.0140625
1 0.53828125 0.27578125 0.003125 0.015625
0 0.75546875 0.29375 0.003125 0.0125
1 0.62578125 0.29296875 0.003125 0.0171875
1 0.7125 0.290625 0.003125 0.0140625
1 0.86953125 0.3078125 0.003125 0.0125
1 0.81640625 0.3046875 0.003125 0.0109375
1 0.88828125 0.30546875 0.0015625 0.009375
1 0.9015625 0.30703125 0.0015625 0.009375
1 0.53203125 0.26953125 0.003125 0.015625
0 0.81484375 0.2984375 0.0015625 0.0109375
1 0.92109375 0.30859375 0.0015625 0.009375
0 0.8421875 0.29765625 0.0015625 0.0109375
0 0.79140625 0.296875 0.003125 0.0125
0 0.8203125 0.2984375 0.0015625 0.0109375
0 0.71015625 0.28828125 0.0015625 0.0109375
0 0.8296875 0.29765625 0.0015625 0.0109375
0 0.82265625 0.2984375 0.0015625 0.0109375
0 0.6390625 0.3125 0.0046875 0.0265625
0 0.6296875 0.275 0.003125 0.0125
0 0.58125 0.26953125 0.003125 0.0125
0 0.53828125 0.26328125 0.0015625 0.0109375
0 0.82578125 0.29765625 0.003125 0.0109375
1 0.87578125 0.30703125 0.0015625 0.0109375
1 0.8765625 0.3046875 0.0015625 0.009375
1 0.878125 0.30390625 0.0015625 0.009375
0 0.90546875 0.30625 0.0015625 0.009375
0 0.86796875 0.30078125 0.0015625 0.0109375