0 0.78515625 0.2875 0.0171875 0.0359375
0 0.5984375 0.29140625 0.0125 0.025
0 0.67265625 0.2921875 0.0140625 0.028125
1 0.86328125 0.31328125 0.0265625 0.053125
1 0.05 0.52421875 0.04375 0.0921875
0 0.3984375 0.31484375 0.009375 0.021875
1 0.4390625 0.61796875 0.078125 0.16875
1 0.615625 0.321875 0.0171875 0.0375
0 0.475 0.3046875 0.0109375 0.0234375
1 0.171875 0.35546875 0.0109375 0.021875
1 0.25625 0.34609375 0.0109375 0.025
0 0.2921875 0.32734375 0.009375 0.0203125
1 0.7109375 0.3234375 0.021875 0.0453125
0 0.34453125 0.321875 0.009375 0.0203125
1 0.09453125 0.37109375 0.0109375 0.021875
0 0.140625 0.3484375 0.0078125 0.0171875
0 0.04453125 0.37109375 0.009375 0.0203125
1 0.5265625 0.31875 0.0140625 0.03125
1 0.353125 0.3328125 0.0125 0.025
0 0.209375 0.33828125 0.0078125 0.0171875
1 0.4515625 0.321875 0.0125 0.028125