1 0.29765625 0.346875 0.021875 0.075
1 0.31875 0.45859375 0.034375 0.121875
0 0.12109375 0.25703125 0.0125 0.0421875
0 0.1828125 0.24296875 0.0109375 0.034375
1 0.315625 0.30234375 0.015625 0.053125
1 0.3484375 0.24921875 0.0078125 0.028125
1 0.72890625 0.33046875 0.0078125 0.028125
1 0.7734375 0.36875 0.0109375 0.0375
0 0.94375 0.36171875 0.00625 0.021875
1 0.75546875 0.325 0.0078125 0.025
0 0.8859375 0.35390625 0.0078125 0.025
0 0.246875 0.2359375 0.0078125 0.028125
0 0.3984375 0.23984375 0.0046875 0.0203125
0 0.85 0.3578125 0.0078125 0.028125
0 0.53359375 0.2625 0.003125 0.015625
1 0.83984375 0.3328125 0.0046875 0.01875
1 0.53828125 0.26484375 0.0046875 0.0171875
1 0.78828125 0.3265625 0.0046875 0.0203125
0 0.29453125 0.23359375 0.00625 0.025
1 0.50390625 0.26171875 0.0046875 0.0171875
1 0.68671875 0.28515625 0.003125 0.0140625
1 0.81328125 0.2953125 0.003125 0.0125
0 0.8546875 0.35078125 0.00625 0.025
1 0.7390625 0.28828125 0.003125 0.0140625
1 0.390625 0.2484375 0.00625 0.0234375
1 0.46171875 0.25546875 0.0046875 0.0203125
1 0.76328125 0.2890625 0.003125 0.0140625
1 0.32578125 0.27578125 0.0109375 0.040625
0 0.34453125 0.23359375 0.00625 0.0203125
1 0.71640625 0.28828125 0.003125 0.0140625
0 0.49609375 0.25546875 0.0046875 0.0171875
1 0.4203125 0.25078125 0.00625 0.0203125
1 0.7890625 0.2921875 0.003125 0.0140625
0 0.72734375 0.28046875 0.003125 0.0125
0 0.5921875 0.26796875 0.003125 0.0171875
0 0.70703125 0.27890625 0.003125 0.0140625
1 0.6015625 0.27265625 0.003125 0.0171875
0 0.45 0.24765625 0.0046875 0.0171875
0 0.94453125 0.31015625 0.003125 0.0125
1 0.91484375 0.3484375 0.00625 0.01875
1 0.63046875 0.2765625 0.003125 0.015625
1 0.8390625 0.296875 0.003125 0.0125
0 0.78515625 0.2875 0.0046875 0.0140625
0 0.81015625 0.2890625 0.003125 0.0125
0 0.8328125 0.28984375 0.003125 0.0125
1 0.57109375 0.26953125 0.003125 0.015625
1 0.3296875 0.2609375 0.0078125 0.0328125
0 0.56640625 0.26640625 0.003125 0.0140625
0 0.75859375 0.28359375 0.003125 0.0125
0 0.8984375 0.30078125 0.003125 0.0140625
1 0.86953125 0.3 0.003125 0.0109375
0 0.853125 0.2921875 0.003125 0.0125
0 0.61796875 0.27109375 0.003125 0.0140625
0 0.6515625 0.275 0.003125 0.0140625
1 0.653125 0.28046875 0.003125 0.0140625
0 0.8671875 0.29453125 0.003125 0.0109375
1 0.91328125 0.30625 0.003125 0.0125
1 0.54375 0.746875 0.0703125 0.209375