1 0.675 0.5421875 0.0359375 0.0921875
0 0.18828125 0.546875 0.046875 0.1234375
0 0.4625 0.44375 0.0171875 0.0578125
0 0.3859375 0.47734375 0.0265625 0.0671875
0 0.390625 0.415625 0.015625 0.04375
0 0.2359375 0.4046875 0.0140625 0.046875
1 0.7140625 0.4296875 0.009375 0.028125
1 0.82109375 0.4796875 0.0171875 0.05
1 0.18203125 0.371875 0.0109375 0.028125
1 0.60546875 0.4390625 0.0140625 0.0390625
0 0.88359375 0.4421875 0.009375 0.028125
1 0.07890625 0.37578125 0.015625 0.040625
1 0.79296875 0.4546875 0.0109375 0.034375
1 0.64296875 0.41953125 0.009375 0.0265625
0 0.17578125 0.36640625 0.0078125 0.025
1 0.75625 0.78984375 0.05 0.171875
1 0.06796875 0.3609375 0.0109375 0.0296875
1 0.4234375 0.40703125 0.0125 0.0328125
0 0.11015625 0.35625 0.0078125 0.025
0 0.78359375 0.42890625 0.0078125 0.025
0 0.95390625 0.459375 0.0109375 0.0359375
1 0.2 0.384375 0.0125 0.0359375
1 0.31484375 0.39375 0.0109375 0.028125
0 0.48046875 0.3953125 0.00625 0.0203125
1 0.28359375 0.38359375 0.0078125 0.0234375
1 0.5609375 0.4109375 0.0078125 0.025
1 0.51953125 0.41875 0.0109375 0.0359375
1 0.925 0.546875 0.0296875 0.0796875
0 0.684375 0.41640625 0.009375 0.021875
1 0.46953125 0.40078125 0.0078125 0.025
1 0.38046875 0.3921875 0.0078125 0.025
0 0.28125 0.37578125 0.0046875 0.021875
0 0.58125 0.4046875 0.0078125 0.0203125
1 0.65859375 0.4734375 0.0203125 0.059375
1 0.78984375 0.43828125 0.0078125 0.03125