1 0.51171875 0.3984375 0.0359375 0.071875
0 0.2015625 0.36953125 0.025 0.0484375
0 0.165625 0.31796875 0.0125 0.025
0 0.36953125 0.36015625 0.0234375 0.05
0 0.14140625 0.48046875 0.0515625 0.1
1 0.09453125 0.41484375 0.0328125 0.065625
0 0.109375 0.328125 0.0140625 0.0265625
0 0.0671875 0.3421875 0.0171875 0.0328125
1 0.540625 0.2953125 0.0109375 0.021875
1 0.6953125 0.34453125 0.025 0.0484375
1 0.1171875 0.31796875 0.0125 0.025
0 0.096875 0.3671875 0.021875 0.04375
0 0.35859375 0.30078125 0.009375 0.021875
0 0.28671875 0.30546875 0.0109375 0.0234375
1 0.65625 0.31171875 0.015625 0.03125
0 0.76171875 0.31640625 0.0171875 0.0375
0 0.528125 0.30625 0.0109375 0.025
0 0.428125 0.30078125 0.009375 0.021875
0 0.915625 0.315625 0.0140625 0.0328125
0 0.53671875 0.32890625 0.0171875 0.0375
0 0.47265625 0.34453125 0.01875 0.04375
1 0.03125 0.33203125 0.0125 0.0265625
0 0.0546875 0.35546875 0.01875 0.0375
0 0.22890625 0.3109375 0.0109375 0.025
1 0.609375 0.3 0.0125 0.0265625
1 0.4625 0.29296875 0.009375 0.021875
1 0.46171875 0.471875 0.046875 0.103125
1 0.37109375 0.29453125 0.009375 0.0203125
0 0.484375 0.3015625 0.0078125 0.0234375
1 0.27890625 0.3 0.009375 0.0203125
1 0.8140625 0.33515625 0.021875 0.04375
1 0.20390625 0.3078125 0.0078125 0.01875
1 0.59453125 0.3625 0.0265625 0.05625
1 0.54609375 0.6953125 0.1 0.209375
0 0.55 0.315625 0.0140625 0.03125