0 0.51796875 0.52890625 0.040625 0.146875
0 0.559375 0.3828125 0.021875 0.0859375
0 0.51171875 0.33125 0.015625 0.0609375
0 0.4375 0.303125 0.0109375 0.04375
0 0.3625 0.2953125 0.009375 0.034375
0 0.29375 0.29609375 0.00625 0.028125
0 0.275 0.28671875 0.00625 0.0234375
0 0.3015625 0.2734375 0.0046875 0.0203125
0 0.33359375 0.26328125 0.0046875 0.0171875
0 0.3765625 0.25 0.0046875 0.0171875
0 0.43359375 0.2390625 0.003125 0.015625
0 0.49375 0.23359375 0.003125 0.015625
0 0.5578125 0.228125 0.003125 0.0140625
0 0.625 0.2203125 0.003125 0.0140625
0 0.68984375 0.21171875 0.003125 0.015625
0 0.765625 0.2015625 0.003125 0.015625
0 0.8265625 0.19921875 0.0046875 0.01875
0 0.9109375 0.1953125 0.00625 0.0203125
1 0.87265625 0.32265625 0.025 0.078125
1 0.70078125 0.27734375 0.0140625 0.05
1 0.57265625 0.26328125 0.0078125 0.0359375
1 0.47265625 0.265625 0.00625 0.0296875
1 0.39765625 0.2671875 0.00625 0.025
1 0.3953125 0.259375 0.003125 0.021875
1 0.4265625 0.246875 0.0046875 0.0203125
1 0.46796875 0.24140625 0.0046875 0.01875
1 0.5296875 0.234375 0.003125 0.0171875
1 0.5921875 0.2296875 0.003125 0.015625
1 0.65859375 0.22265625 0.003125 0.015625
1 0.7265625 0.21484375 0.003125 0.0171875
1 0.78984375 0.209375 0.0046875 0.0203125
1 0.8671875 0.2078125 0.0046875 0.021875