0 0.63359375 0.52578125 0.034375 0.0796875
0 0.4640625 0.58203125 0.0640625 0.13125
0 0.60703125 0.446875 0.0234375 0.05
0 0.77421875 0.49375 0.0203125 0.0453125
0 0.36796875 0.4078125 0.0359375 0.06875
1 0.771875 0.4328125 0.0109375 0.021875
0 0.6609375 0.4328125 0.015625 0.034375
0 0.81328125 0.4875 0.015625 0.0359375
0 0.8546875 0.48984375 0.0140625 0.03125
1 0.2953125 0.34765625 0.025 0.053125
1 0.89765625 0.4828125 0.009375 0.0203125
1 0.9546875 0.5171875 0.0125 0.028125
0 0.7234375 0.43125 0.0109375 0.025
0 0.79296875 0.45859375 0.0125 0.028125
1 0.7453125 0.4296875 0.0109375 0.0234375
0 0.71875 0.5078125 0.0265625 0.0578125
0 0.65234375 0.41484375 0.0125 0.028125
1 0.80859375 0.45625 0.0109375 0.0234375
1 0.690625 0.40546875 0.0078125 0.0203125
1 0.8796875 0.484375 0.0125 0.0265625
0 0.60078125 0.3875 0.009375 0.0203125
1 0.8234375 0.45390625 0.0109375 0.021875
1 0.478125 0.34765625 0.0125 0.0265625
1 0.49765625 0.39453125 0.01875 0.0421875
1 0.559375 0.39375 0.0140625 0.0328125
1 0.5328125 0.3703125 0.0125 0.0265625
0 0.5265625 0.3578125 0.009375 0.0203125