1 0.74375 0.3359375 0.01875 0.0703125
0 0.46796875 0.41484375 0.0234375 0.09375
1 0.63046875 0.24921875 0.0046875 0.0265625
1 0.7015625 0.23828125 0.0046875 0.025
0 0.24296875 0.33828125 0.0125 0.0453125
0 0.88125 0.21484375 0.00625 0.025
0 0.77109375 0.22265625 0.00625 0.0234375
0 0.49375 0.26484375 0.0078125 0.028125
0 0.128125 0.35 0.0125 0.04375
0 0.43125 0.284375 0.0078125 0.0328125
0 0.66796875 0.23359375 0.00625 0.021875
1 0.5359375 0.29609375 0.0109375 0.04375
0 0.340625 0.340625 0.0140625 0.0515625
1 0.78359375 0.22890625 0.00625 0.0265625
1 0.53828125 0.27734375 0.00625 0.0359375
0 0.37109375 0.665625 0.0625 0.2125
1 0.18984375 0.3203125 0.009375 0.0359375
1 0.59375 0.31875 0.0140625 0.05625
1 0.31640625 0.30703125 0.009375 0.0359375
1 0.87109375 0.22421875 0.0078125 0.028125
0 0.42109375 0.36171875 0.015625 0.0671875
0 0.571875 0.246875 0.0046875 0.025
1 0.5734375 0.26171875 0.00625 0.0296875