0 0.20859375 0.27890625 0.0078125 0.0359375
1 0.40703125 0.40078125 0.0171875 0.0765625
1 0.328125 0.28046875 0.0078125 0.0296875
1 0.21953125 0.25234375 0.00625 0.025
1 0.35859375 0.29453125 0.0078125 0.034375
0 0.19765625 0.26953125 0.00625 0.0328125
1 0.2765625 0.265625 0.0078125 0.0265625
0 0.17109375 0.26015625 0.009375 0.03125
0 0.1921875 0.2890625 0.0109375 0.0421875
1 0.775 0.3140625 0.003125 0.0125
1 0.7328125 0.29921875 0.003125 0.0109375
0 0.790625 0.3125 0.0015625 0.0109375
1 0.365625 0.30859375 0.009375 0.0390625
0 0.37265625 0.246875 0.003125 0.0140625
1 0.22734375 0.23515625 0.0046875 0.015625
0 0.06015625 0.37265625 0.0234375 0.0859375
0 0.178125 0.22421875 0.0046875 0.015625
0 0.3796875 0.24609375 0.003125 0.0125
0 0.771875 0.30625 0.003125 0.009375
0 0.88828125 0.33515625 0.003125 0.0140625
0 0.83359375 0.32421875 0.003125 0.0125
1 0.809375 0.321875 0.0046875 0.0140625
1 0.5828125 0.27265625 0.003125 0.0109375
1 0.503125 0.56875 0.0359375 0.1421875
1 0.42890625 0.25546875 0.003125 0.0125
1 0.59296875 0.27421875 0.003125 0.0125
1 0.55390625 0.2703125 0.003125 0.0125
1 0.67578125 0.2875 0.003125 0.0109375
0 0.78671875 0.31015625 0.003125 0.0109375
1 0.0640625 0.2140625 0.00625 0.01875
1 0.6984375 0.2921875 0.003125 0.009375
0 0.13515625 0.25078125 0.0078125 0.028125
0 0.29453125 0.240625 0.003125 0.0140625
1 0.3578125 0.25 0.003125 0.015625
1 0.421875 0.2546875 0.003125 0.0140625
1 0.74296875 0.30390625 0.003125 0.0125
0 0.5609375 0.26875 0.003125 0.009375
1 0.26953125 0.23984375 0.0046875 0.015625
1 0.41171875 0.25546875 0.003125 0.0125
1 0.6109375 0.27578125 0.003125 0.0109375
0 0.54609375 0.2671875 0.003125 0.0109375
0 0.53828125 0.26640625 0.0015625 0.0109375
1 0.11796875 0.21953125 0.0046875 0.0171875
1 0.85234375 0.33046875 0.0046875 0.015625
0 0.48984375 0.259375 0.003125 0.0125
0 0.1140625 0.21640625 0.003125 0.0171875
0 0.2359375 0.23203125 0.003125 0.0140625
1 0.4953125 0.2625 0.003125 0.0125
0 0.33984375 0.24453125 0.003125 0.0140625
0 0.38671875 0.2453125 0.003125 0.0109375
1 0.4359375 0.253125 0.003125 0.0109375
0 0.71796875 0.29375 0.0015625 0.009375
0 0.684375 0.2890625 0.003125 0.0109375
1 0.16171875 0.240625 0.00625 0.025
1 0.52109375 0.265625 0.003125 0.0109375
0 0.3609375 0.24609375 0.003125 0.0140625
1 0.571875 0.27265625 0.003125 0.0109375
1 0.63125 0.2796875 0.003125 0.0109375
1 0.16171875 0.22578125 0.0046875 0.015625
1 0.65390625 0.284375 0.0015625 0.0109375
1 0.38984375 0.25234375 0.003125 0.0140625
1 0.721875 0.296875 0.003125 0.0109375
1 0.90390625 0.340625 0.0046875 0.015625
0 0.525 0.2640625 0.003125 0.0109375
0 0.321875 0.2421875 0.003125 0.0140625
1 0.3171875 0.24609375 0.0046875 0.0171875
0 0.08984375 0.2421875 0.0078125 0.0296875
0 0.50625 0.26171875 0.003125 0.0109375
0 0.859375 0.3296875 0.003125 0.0140625
0 0.8140625 0.3203125 0.003125 0.0125
0 0.46171875 0.25546875 0.003125 0.0109375
0 0.2609375 0.23515625 0.003125 0.015625
1 0.453125 0.25546875 0.003125 0.0125
0 0.94765625 0.34609375 0.0015625 0.0125
1 0.09296875 0.23125 0.0046875 0.025
0 0.79765625 0.315625 0.003125 0.0125
1 0.74765625 0.3078125 0.003125 0.0109375
0 0.58828125 0.271875 0.003125 0.0109375
0 0.65 0.2828125 0.0015625 0.0109375
0 0.7484375 0.3015625 0.0015625 0.009375
0 0.409375 0.24765625 0.003125 0.0109375
0 0.146875 0.31953125 0.009375 0.0546875
1 0.378125 0.3453125 0.0078125 0.05
1 0.4265625 0.253125 0.003125 0.0125
0 0.434375 0.25 0.0015625 0.0109375
0 0.6171875 0.2765625 0.003125 0.0109375
1 0.74140625 0.30234375 0.003125 0.0109375
0 0.7921875 0.31484375 0.003125 0.0125