0 0.8390625 0.2734375 0.0125 0.0453125
0 0.765625 0.253125 0.009375 0.0375
0 0.6859375 0.23984375 0.009375 0.0328125
0 0.4875 0.22890625 0.0078125 0.025
0 0.39453125 0.2296875 0.0078125 0.025
1 0.73984375 0.2265625 0.0078125 0.028125
1 0.8671875 0.23828125 0.0109375 0.034375
1 0.62734375 0.21796875 0.0078125 0.025
0 0.58671875 0.23203125 0.0078125 0.0296875
0 0.94375 0.30390625 0.01875 0.0609375
1 0.4875 0.20546875 0.0046875 0.0140625
0 0.4 0.203125 0.0046875 0.0140625
0 0.44453125 0.20390625 0.003125 0.0140625
0 0.32578125 0.2203125 0.0046875 0.01875
1 0.6390625 0.20390625 0.0046875 0.015625
1 0.9359375 0.2140625 0.00625 0.0203125
0 0.80625 0.20078125 0.003125 0.0140625
1 0.5328125 0.21640625 0.0046875 0.0234375
1 0.45078125 0.2171875 0.00625 0.0203125
1 0.42421875 0.2125 0.0046875 0.01875
0 0.70859375 0.19765625 0.003125 0.0140625
0 0.33671875 0.225 0.00625 0.021875
1 0.4484375 0.20546875 0.003125 0.015625
1 0.81484375 0.2078125 0.0046875 0.015625
0 0.36015625 0.2078125 0.0046875 0.0171875
1 0.88359375 0.21015625 0.0046875 0.0171875
0 0.65859375 0.19765625 0.003125 0.0125
0 0.54765625 0.20234375 0.0046875 0.0140625
1 0.5328125 0.20625 0.003125 0.0109375
1 0.6890625 0.20390625 0.0046875 0.0140625
1 0.74765625 0.2046875 0.003125 0.0171875
0 0.59921875 0.2 0.003125 0.0140625
0 0.76875 0.2 0.003125 0.0140625
0 0.90546875 0.20390625 0.003125 0.0171875
1 0.428125 0.20546875 0.003125 0.0171875
0 0.33515625 0.2140625 0.003125 0.0171875
1 0.584375 0.20546875 0.003125 0.0140625
0 0.3046875 0.72421875 0.0765625 0.2328125
0 0.49375 0.20390625 0.0046875 0.0140625
0 0.846875 0.2015625 0.003125 0.015625
0 0.6953125 0.48828125 0.046875 0.140625