0 0.8328125 0.42578125 0.046875 0.0890625
0 0.59140625 0.51171875 0.0546875 0.109375
0 0.73359375 0.32578125 0.0171875 0.0359375
1 0.54453125 0.3453125 0.0078125 0.0171875
1 0.56796875 0.3390625 0.0078125 0.0171875
1 0.809375 0.28828125 0.009375 0.01875
0 0.625 0.3421875 0.015625 0.0328125
0 0.45234375 0.3640625 0.009375 0.01875
1 0.86171875 0.2765625 0.009375 0.0203125
0 0.89609375 0.29453125 0.01875 0.0375
0 0.8296875 0.28046875 0.0078125 0.0140625
1 0.68828125 0.3140625 0.009375 0.01875
1 0.60546875 0.334375 0.0109375 0.021875
0 0.47265625 0.3609375 0.0109375 0.021875
0 0.4640625 0.359375 0.0078125 0.0171875
0 0.5640625 0.35078125 0.0140625 0.0265625
1 0.7453125 0.30234375 0.009375 0.01875
1 0.68359375 0.3203125 0.0125 0.0265625
0 0.4953125 0.35234375 0.0078125 0.0171875
0 0.7234375 0.30390625 0.0078125 0.015625
1 0.7984375 0.2984375 0.0125 0.0234375
1 0.53359375 0.346875 0.0078125 0.0171875
0 0.5203125 0.3546875 0.0109375 0.0234375
0 0.77890625 0.29140625 0.0078125 0.0140625
1 0.61015625 0.33046875 0.009375 0.01875
0 0.5453125 0.3421875 0.0078125 0.0171875
0 0.66796875 0.31640625 0.0078125 0.015625
1 0.8984375 0.27734375 0.0140625 0.028125