0 0.24296875 0.5875 0.096875 0.146875
0 0.55546875 0.46796875 0.0296875 0.0515625
0 0.62578125 0.4546875 0.0203125 0.0359375
0 0.62578125 0.43828125 0.015625 0.0296875
0 0.6421875 0.43359375 0.0140625 0.0265625
0 0.5859375 0.41171875 0.0140625 0.0234375
0 0.5703125 0.4015625 0.0125 0.0203125
0 0.61640625 0.40625 0.009375 0.01875
0 0.6609375 0.4125 0.0078125 0.015625
0 0.746875 0.428125 0.00625 0.0109375
0 0.721875 0.425 0.0078125 0.0140625
0 0.671875 0.40078125 0.00625 0.0109375
1 0.89453125 0.51953125 0.028125 0.0453125
1 0.828125 0.48359375 0.0203125 0.0328125
1 0.778125 0.4625 0.015625 0.0265625
1 0.75703125 0.45078125 0.0140625 0.0234375
1 0.76015625 0.4453125 0.0109375 0.0203125
1 0.80390625 0.4515625 0.0109375 0.0203125
1 0.8359375 0.4546875 0.0109375 0.01875
1 0.84921875 0.45546875 0.009375 0.0171875
1 0.85546875 0.45390625 0.009375 0.0171875
1 0.89765625 0.459375 0.0078125 0.015625
1 0.81484375 0.4375 0.0078125 0.0140625
1 0.7859375 0.428125 0.0078125 0.0140625
1 0.86640625 0.45390625 0.0078125 0.015625