0 0.11484375 0.196875 0.0109375 0.0296875
0 0.8953125 0.4375 0.0171875 0.046875
0 0.725 0.35546875 0.009375 0.025
0 0.753125 0.36875 0.009375 0.0265625
1 0.33671875 0.4359375 0.040625 0.1046875
1 0.76640625 0.4171875 0.0203125 0.0515625
1 0.21484375 0.29140625 0.0203125 0.0515625
0 0.1484375 0.19609375 0.009375 0.025
0 0.08515625 0.2046875 0.0125 0.0328125
1 0.25859375 0.33984375 0.028125 0.071875
1 0.63046875 0.353125 0.0125 0.0375
0 0.76953125 0.38828125 0.0140625 0.034375
0 0.684375 0.3375 0.0078125 0.021875
1 0.2328125 0.221875 0.009375 0.025
0 0.71015625 0.33203125 0.00625 0.0171875
1 0.57265625 0.30703125 0.009375 0.025
1 0.91015625 0.38515625 0.00625 0.015625
0 0.26953125 0.21171875 0.0046875 0.0140625
1 0.21796875 0.26171875 0.0140625 0.0375
1 0.62265625 0.32734375 0.009375 0.0265625
1 0.525 0.28984375 0.00625 0.0203125
0 0.76875 0.3484375 0.00625 0.0171875
1 0.221875 0.24140625 0.0109375 0.0328125
1 0.54609375 0.271875 0.0046875 0.0125
1 0.5546875 0.2875 0.00625 0.015625
1 0.60625 0.29921875 0.00625 0.0140625
1 0.2875 0.22109375 0.0078125 0.0203125
0 0.19765625 0.20234375 0.0078125 0.0203125
1 0.3296875 0.2234375 0.00625 0.0171875
1 0.84921875 0.3671875 0.00625 0.015625
1 0.6375 0.34296875 0.009375 0.03125
0 0.6171875 0.3078125 0.0046875 0.0171875
1 0.39453125 0.23359375 0.0046875 0.0140625
1 0.3578125 0.22578125 0.0046875 0.015625
1 0.71484375 0.32734375 0.00625 0.0140625
0 0.6390625 0.31875 0.0078125 0.0203125
1 0.25859375 0.21953125 0.0078125 0.021875
0 0.95078125 0.4046875 0.00625 0.0171875
0 0.88046875 0.3859375 0.00625 0.0171875
0 0.23203125 0.20625 0.00625 0.0171875
1 0.78046875 0.34609375 0.00625 0.015625
0 0.8234375 0.36484375 0.0046875 0.0171875
1 0.6578125 0.31171875 0.0046875 0.0140625
1 0.95390625 0.39453125 0.0046875 0.0140625
0 0.34609375 0.221875 0.0046875 0.0125
0 0.659375 0.31796875 0.0046875 0.015625
1 0.31328125 0.22265625 0.00625 0.01875
1 0.2265625 0.2296875 0.0078125 0.028125