0 0.25546875 0.571875 0.0359375 0.1046875
0 0.66171875 0.4171875 0.0125 0.0421875
0 0.53828125 0.4484375 0.0140625 0.05
0 0.4171875 0.4921875 0.0171875 0.065625
1 0.728125 0.6203125 0.0453125 0.1421875
0 0.76484375 0.40234375 0.0109375 0.0359375
1 0.1890625 0.43515625 0.0078125 0.0296875
0 0.39609375 0.4171875 0.0078125 0.0296875
0 0.315625 0.43125 0.009375 0.03125
0 0.87890625 0.39375 0.009375 0.03125
0 0.40625 0.38828125 0.0046875 0.0171875
1 0.3625 0.40859375 0.0078125 0.0234375
0 0.21328125 0.44921875 0.009375 0.0359375
1 0.3171875 0.3953125 0.0046875 0.0203125
0 0.446875 0.40390625 0.00625 0.0265625
1 0.06015625 0.434375 0.0078125 0.0296875
0 0.07890625 0.4171875 0.00625 0.025
1 0.07890625 0.4515625 0.0109375 0.0359375
1 0.134375 0.41953125 0.00625 0.025
0 0.26640625 0.39296875 0.0046875 0.0171875
1 0.36640625 0.3984375 0.0046875 0.0203125
1 0.259375 0.39921875 0.0046875 0.0171875
1 0.275 0.42265625 0.009375 0.028125
0 0.13203125 0.409375 0.0046875 0.0203125
1 0.38515625 0.4015625 0.0046875 0.021875
0 0.36328125 0.3875 0.003125 0.0171875
1 0.2015625 0.40859375 0.00625 0.0203125
1 0.66171875 0.49921875 0.0265625 0.078125
0 0.45390625 0.38828125 0.0046875 0.0203125
0 0.20390625 0.39921875 0.003125 0.0171875
1 0.9078125 0.4265625 0.0171875 0.05
1 0.75078125 0.4546875 0.0203125 0.0609375
0 0.31875 0.3890625 0.003125 0.0171875