0 0.64296875 0.2171875 0.0203125 0.0453125
0 0.7328125 0.2296875 0.028125 0.0625
0 0.690625 0.2171875 0.0234375 0.0515625
0 0.375 0.27109375 0.0109375 0.025
0 0.75703125 0.259375 0.0359375 0.0796875
0 0.540625 0.23203125 0.015625 0.0359375
0 0.5890625 0.221875 0.0171875 0.0390625
1 0.6859375 0.175 0.015625 0.034375
0 0.82265625 0.0953125 0.009375 0.0203125
1 0.6921875 0.140625 0.009375 0.0203125
0 0.7859375 0.10625 0.009375 0.0203125
0 0.434375 0.259375 0.0140625 0.03125
1 0.60390625 0.19296875 0.0140625 0.03125
1 0.50234375 0.2234375 0.0125 0.025
1 0.46015625 0.22890625 0.009375 0.021875
1 0.8390625 0.09765625 0.0125 0.025
0 0.36953125 0.2625 0.009375 0.0234375
0 0.721875 0.32421875 0.0515625 0.1046875
0 0.534375 0.68359375 0.115625 0.240625
1 0.7703125 0.159375 0.01875 0.0390625
0 0.7109375 0.12890625 0.0078125 0.01875
1 0.5375 0.19375 0.0078125 0.01875
1 0.4703125 0.23046875 0.0109375 0.025
1 0.7765625 0.11640625 0.0109375 0.021875
0 0.57421875 0.1734375 0.0078125 0.0171875
1 0.58984375 0.1734375 0.0078125 0.01875
0 0.45078125 0.22109375 0.0078125 0.0171875
0 0.3984375 0.24453125 0.0078125 0.01875
1 0.471875 0.2203125 0.009375 0.0203125
1 0.64296875 0.15625 0.009375 0.01875
1 0.49609375 0.209375 0.009375 0.0203125
0 0.51171875 0.196875 0.0078125 0.0171875
0 0.640625 0.15078125 0.00625 0.0171875
1 0.87734375 0.15546875 0.0125 0.03125