0 0.671875 0.390625 0.0171875 0.0390625
1 0.8015625 0.484375 0.025 0.053125
0 0.9578125 0.47578125 0.0109375 0.021875
0 0.40078125 0.32578125 0.0296875 0.0625
1 0.5359375 0.52109375 0.05 0.1171875
1 0.71484375 0.4671875 0.028125 0.0625
0 0.790625 0.43828125 0.0171875 0.0375
0 0.17421875 0.31015625 0.0515625 0.0984375
0 0.915625 0.49296875 0.0171875 0.0359375
1 0.88828125 0.51328125 0.025 0.0484375
0 0.95625 0.509375 0.015625 0.034375
1 0.6171875 0.47109375 0.0359375 0.08125
1 0.51171875 0.66328125 0.084375 0.184375
0 0.95078125 0.4609375 0.0078125 0.015625
0 0.91953125 0.4453125 0.00625 0.0171875
0 0.54765625 0.353125 0.021875 0.046875
0 0.91953125 0.45078125 0.009375 0.01875