0 0.52734375 0.396875 0.028125 0.06875
1 0.8265625 0.553125 0.034375 0.0859375
1 0.94609375 0.44609375 0.009375 0.021875
0 0.4875 0.28671875 0.0109375 0.028125
1 0.80625 0.490625 0.025 0.0640625
0 0.12734375 0.40390625 0.0609375 0.1359375
0 0.53359375 0.28359375 0.0078125 0.0203125
1 0.76015625 0.43125 0.01875 0.0453125
0 0.56640625 0.38515625 0.021875 0.05625
1 0.77734375 0.371875 0.009375 0.01875
1 0.67578125 0.334375 0.0078125 0.0203125
1 0.8765625 0.41484375 0.009375 0.0203125
1 0.71171875 0.39296875 0.015625 0.0375
1 0.60234375 0.31953125 0.0109375 0.025
1 0.81640625 0.38828125 0.009375 0.0203125
0 0.63203125 0.31171875 0.0078125 0.0171875
0 0.50625 0.2828125 0.009375 0.025
0 0.578125 0.29453125 0.0078125 0.01875
0 0.390625 0.40703125 0.040625 0.0953125
0 0.559375 0.34140625 0.015625 0.040625
0 0.90078125 0.4171875 0.0078125 0.0171875
1 0.6421875 0.32421875 0.009375 0.0203125
0 0.575 0.3625 0.0140625 0.046875
1 0.646875 0.35390625 0.0125 0.03125
0 0.53125 0.31953125 0.0140625 0.0359375
1 0.75390625 0.72890625 0.06875 0.1703125
0 0.8265625 0.3859375 0.00625 0.0171875
0 0.69296875 0.33359375 0.00625 0.015625
1 0.61171875 0.33125 0.0109375 0.028125
1 0.615625 0.31796875 0.009375 0.0234375
0 0.759375 0.3578125 0.00625 0.0171875
1 0.7171875 0.3484375 0.009375 0.0203125