0 0.27890625 0.66015625 0.053125 0.1703125
0 0.7390625 0.45390625 0.009375 0.0359375
1 0.92265625 0.490625 0.0140625 0.046875
0 0.73125 0.4921875 0.0140625 0.0578125
0 0.7078125 0.4390625 0.00625 0.028125
1 0.93046875 0.44921875 0.0078125 0.0234375
1 0.94140625 0.46328125 0.0078125 0.028125
0 0.6359375 0.54453125 0.0265625 0.09375
1 0.84609375 0.44140625 0.00625 0.025
0 0.725 0.41796875 0.00625 0.025
1 0.8328125 0.45625 0.0078125 0.03125
0 0.753125 0.46875 0.0109375 0.0421875
0 0.90625 0.43359375 0.003125 0.0171875
0 0.7046875 0.4296875 0.0046875 0.021875
1 0.809375 0.4421875 0.0078125 0.025
1 0.95 0.45859375 0.00625 0.025
0 0.83046875 0.425 0.0046875 0.0203125
0 0.76484375 0.4203125 0.0046875 0.0171875
1 0.82265625 0.44765625 0.0078125 0.028125
1 0.8796875 0.47109375 0.0109375 0.0390625