0 0.1453125 0.284375 0.0296875 0.0734375
1 0.40859375 0.3421875 0.0234375 0.065625
0 0.21171875 0.26171875 0.021875 0.0546875
0 0.3484375 0.234375 0.009375 0.025
0 0.2921875 0.2375 0.0140625 0.034375
0 0.25703125 0.2484375 0.015625 0.0453125
0 0.92890625 0.3828125 0.009375 0.025
0 0.41484375 0.246875 0.0078125 0.025
1 0.39375 0.4875 0.0515625 0.13125
0 0.9640625 0.378125 0.0078125 0.01875
1 0.421875 0.2953125 0.0125 0.0421875
1 0.55625 0.28046875 0.009375 0.0234375
0 0.47109375 0.253125 0.0078125 0.0203125
1 0.63203125 0.28671875 0.0046875 0.015625
1 0.94140625 0.36640625 0.0046875 0.015625
1 0.4296875 0.27265625 0.0125 0.0328125
1 0.46015625 0.27109375 0.0109375 0.028125
1 0.78671875 0.33125 0.00625 0.01875
1 0.59609375 0.27734375 0.00625 0.0171875
1 0.515625 0.27734375 0.009375 0.025
1 0.7984375 0.3390625 0.009375 0.021875
1 0.85546875 0.365625 0.0109375 0.028125
0 0.58203125 0.2703125 0.0046875 0.015625
1 0.9546875 0.36875 0.0046875 0.015625
0 0.62734375 0.2765625 0.0046875 0.0140625
0 0.50625 0.2546875 0.00625 0.01875
0 0.86328125 0.35234375 0.0078125 0.0171875
1 0.7375 0.3015625 0.0046875 0.0140625
0 0.70546875 0.2890625 0.0046875 0.0125
1 0.8421875 0.3390625 0.00625 0.0171875
1 0.89296875 0.35390625 0.0046875 0.015625
0 0.65078125 0.2796875 0.0046875 0.0140625
1 0.79609375 0.3109375 0.003125 0.0109375
0 0.54453125 0.2640625 0.00625 0.0171875
1 0.8234375 0.31640625 0.0046875 0.0125
1 0.778125 0.30859375 0.0046875 0.0125
1 0.76015625 0.30546875 0.0046875 0.0140625
1 0.67578125 0.29375 0.00625 0.0171875
1 0.69453125 0.2953125 0.0046875 0.0140625
0 0.884375 0.36640625 0.0078125 0.0203125
0 0.8703125 0.35859375 0.0078125 0.0203125
1 0.57109375 0.27734375 0.0078125 0.0203125
1 0.85078125 0.3234375 0.003125 0.0109375
0 0.7546875 0.2984375 0.0046875 0.0109375
0 0.73046875 0.29453125 0.003125 0.0109375
0 0.8890625 0.35703125 0.00625 0.0171875
0 0.815625 0.3125 0.003125 0.0109375
0 0.67578125 0.2828125 0.0046875 0.0125
1 0.803125 0.33203125 0.00625 0.0171875
1 0.71015625 0.29609375 0.0046875 0.0140625
0 0.78125 0.303125 0.003125 0.0109375
0 0.84609375 0.321875 0.003125 0.009375
1 0.88046875 0.33046875 0.003125 0.0109375
1 0.903125 0.33515625 0.0046875 0.0109375
1 0.940625 0.34453125 0.003125 0.0109375
0 0.92265625 0.33984375 0.003125 0.0109375
0 0.95859375 0.35 0.003125 0.009375