0 0.196875 0.33203125 0.03125 0.08125
0 0.38125 0.32265625 0.01875 0.05625
0 0.46875 0.2890625 0.009375 0.028125
0 0.48671875 0.321875 0.0125 0.040625
0 0.48203125 0.29921875 0.009375 0.0328125
1 0.5390625 0.296875 0.0078125 0.025
1 0.56953125 0.4140625 0.0234375 0.071875
1 0.57578125 0.3140625 0.009375 0.028125
0 0.42265625 0.26484375 0.0078125 0.025
1 0.65546875 0.39765625 0.0171875 0.0515625
1 0.6359375 0.3515625 0.0109375 0.0359375
0 0.28125 0.203125 0.003125 0.015625
0 0.46328125 0.3265625 0.0140625 0.04375
1 0.60546875 0.33125 0.009375 0.03125
0 0.39375 0.253125 0.00625 0.0234375
0 0.690625 0.3140625 0.003125 0.0140625
1 0.8015625 0.3421875 0.003125 0.0109375
1 0.71796875 0.3265625 0.0046875 0.015625
1 0.94921875 0.3953125 0.0046875 0.0140625
1 0.43984375 0.25625 0.0078125 0.025
1 0.46640625 0.26796875 0.00625 0.021875
0 0.27421875 0.2046875 0.0046875 0.0171875
1 0.53828125 0.271875 0.0046875 0.015625
1 0.51328125 0.44375 0.0296875 0.0921875
1 0.36484375 0.2296875 0.00625 0.0171875
1 0.38203125 0.2265625 0.0046875 0.0140625
1 0.4125 0.234375 0.0046875 0.0140625
1 0.68125 0.315625 0.0046875 0.0140625
0 0.29765625 0.215625 0.0046875 0.01875
0 0.34140625 0.2328125 0.00625 0.0203125
1 0.9171875 0.38125 0.003125 0.0125
1 0.87421875 0.36640625 0.003125 0.0109375
0 0.3703125 0.24375 0.00625 0.021875
1 0.3578125 0.221875 0.0046875 0.015625
1 0.4078125 0.246875 0.00625 0.0203125
1 0.503125 0.28203125 0.0078125 0.025
0 0.49375 0.31171875 0.009375 0.0359375
1 0.75390625 0.3359375 0.0046875 0.0140625
1 0.66875 0.38046875 0.0140625 0.04375
1 0.509375 0.5734375 0.0546875 0.1484375
0 0.66640625 0.3078125 0.0046875 0.0140625
1 0.44296875 0.240625 0.003125 0.009375
0 0.75078125 0.325 0.003125 0.009375
0 0.4453125 0.27578125 0.0078125 0.028125
0 0.49765625 0.25625 0.003125 0.0140625
1 0.84609375 0.35546875 0.003125 0.0109375
1 0.93203125 0.3890625 0.0046875 0.0140625
0 0.72421875 0.3234375 0.003125 0.0109375
1 0.48671875 0.25703125 0.0046875 0.0140625
0 0.9390625 0.38671875 0.003125 0.0109375
0 0.309375 0.20625 0.003125 0.0140625
1 0.77265625 0.334375 0.003125 0.0125
1 0.8203125 0.3484375 0.003125 0.0109375
0 0.39765625 0.22734375 0.003125 0.0125
1 0.775 0.34140625 0.003125 0.0140625
0 0.54453125 0.2703125 0.003125 0.0125
0 0.73515625 0.325 0.003125 0.0125
0 0.4484375 0.24140625 0.003125 0.0125
0 0.7328125 0.325 0.003125 0.0125
0 0.71171875 0.3203125 0.003125 0.0125
1 0.6421875 0.30390625 0.0046875 0.0140625
0 0.72734375 0.3203125 0.003125 0.0109375
0 0.73125 0.3203125 0.003125 0.009375
1 0.3484375 0.22421875 0.0046875 0.015625
0 0.8609375 0.359375 0.003125 0.0109375