0 0.41796875 0.21328125 0.009375 0.021875
0 0.31953125 0.178125 0.0125 0.0265625
0 0.88203125 0.42265625 0.0109375 0.021875
1 0.30234375 0.45390625 0.06875 0.1421875
1 0.23203125 0.26875 0.0359375 0.075
0 0.19765625 0.13984375 0.015625 0.0328125
1 0.93125 0.4578125 0.0140625 0.03125
0 0.703125 0.334375 0.009375 0.021875
0 0.4859375 0.23828125 0.009375 0.0203125
1 0.24609375 0.20546875 0.0234375 0.0484375
0 0.79140625 0.37734375 0.009375 0.0203125
1 0.43203125 0.23046875 0.0125 0.0265625
0 0.55546875 0.26640625 0.009375 0.0203125
1 0.79140625 0.39140625 0.0125 0.0265625
0 0.62578125 0.29765625 0.009375 0.0203125
1 0.546875 0.27578125 0.0109375 0.025
1 0.32578125 0.2015625 0.0171875 0.0359375
1 0.315625 0.14765625 0.0046875 0.0109375
1 0.67109375 0.33125 0.0125 0.0265625
1 0.3359375 0.14921875 0.00625 0.0109375
1 0.36484375 0.1578125 0.00625 0.0109375
1 0.39609375 0.16875 0.0046875 0.0078125
1 0.3671875 0.1609375 0.00625 0.0140625
1 0.56875 0.24453125 0.0046875 0.009375
1 0.31015625 0.13984375 0.0046875 0.0109375
1 0.6125 0.25625 0.0046875 0.009375
0 0.63046875 0.27109375 0.00625 0.0140625
0 0.39921875 0.16875 0.0046875 0.009375
1 0.63515625 0.27265625 0.00625 0.0140625
1 0.61796875 0.25 0.003125 0.0078125