0 0.68359375 0.4328125 0.03125 0.0734375
0 0.47890625 0.54921875 0.0546875 0.1140625
0 0.6703125 0.3609375 0.0171875 0.0390625
0 0.1703125 0.8171875 0.1140625 0.2234375
0 0.71796875 0.3796875 0.021875 0.05
0 0.178125 0.540625 0.040625 0.084375
1 0.2671875 0.43203125 0.01875 0.040625
1 0.175 0.471875 0.0234375 0.0515625
0 0.3140625 0.4609375 0.025 0.0546875
1 0.7484375 0.3328125 0.0140625 0.03125
1 0.87109375 0.359375 0.0234375 0.0515625
1 0.79609375 0.34453125 0.015625 0.0390625
1 0.534375 0.3484375 0.009375 0.0203125
0 0.42578125 0.39453125 0.0140625 0.034375
1 0.46875 0.35859375 0.009375 0.021875
1 0.3265625 0.40859375 0.015625 0.034375
1 0.37578125 0.38671875 0.0109375 0.0265625
1 0.58671875 0.33984375 0.009375 0.0203125
1 0.415625 0.3734375 0.0109375 0.025
1 0.6484375 0.334375 0.0109375 0.0234375
0 0.515625 0.35859375 0.009375 0.0234375
0 0.6296875 0.35078125 0.0125 0.0296875
1 0.6953125 0.33125 0.0109375 0.025
0 0.459375 0.375 0.0109375 0.0265625
0 0.38671875 0.4171875 0.0171875 0.040625
0 0.584375 0.34921875 0.0109375 0.025