0 0.16484375 0.32578125 0.028125 0.06875
0 0.80234375 0.38125 0.03125 0.078125
0 0.3453125 0.24453125 0.0125 0.03125
0 0.2671875 0.25078125 0.0140625 0.034375
0 0.15234375 0.2890625 0.021875 0.053125
1 0.615625 0.24375 0.009375 0.025
0 0.19921875 0.2640625 0.01875 0.0421875
0 0.41484375 0.24296875 0.0109375 0.028125
0 0.2953125 0.3703125 0.0375 0.0890625
0 0.5484375 0.39609375 0.0421875 0.0953125
0 0.6765625 0.26171875 0.0109375 0.0296875
0 0.50625 0.24453125 0.0109375 0.0265625
1 0.9234375 0.2984375 0.0140625 0.0359375
0 0.59609375 0.2515625 0.0109375 0.028125
1 0.2953125 0.23359375 0.0109375 0.028125
1 0.3875 0.2328125 0.009375 0.025
0 0.7546875 0.2765625 0.0140625 0.034375
1 0.71875 0.25703125 0.0109375 0.025
0 0.8203125 0.29765625 0.015625 0.0359375
1 0.184375 0.2421875 0.0125 0.03125
1 0.50234375 0.234375 0.009375 0.025
1 0.82421875 0.27578125 0.0125 0.0296875
0 0.875 0.35234375 0.01875 0.059375
1 0.596875 0.6328125 0.0890625 0.20625