0 0.12578125 0.52421875 0.028125 0.059375
1 0.58515625 0.57109375 0.0609375 0.13125
0 0.26484375 0.44375 0.0140625 0.0359375
0 0.17265625 0.48828125 0.0203125 0.0453125
0 0.11484375 0.6859375 0.06875 0.14375
0 0.9078125 0.3 0.0125 0.028125
0 0.090625 0.4765625 0.0125 0.0296875
1 0.78984375 0.34609375 0.015625 0.0375
1 0.8046875 0.31796875 0.0109375 0.028125
0 0.41796875 0.3875 0.009375 0.025
0 0.5484375 0.35625 0.009375 0.0234375
0 0.346875 0.4109375 0.0109375 0.0265625
1 0.6984375 0.33359375 0.009375 0.025
1 0.8609375 0.3578125 0.021875 0.0484375
0 0.19296875 0.43203125 0.0078125 0.0203125
1 0.6125 0.3546875 0.0109375 0.028125
0 0.15 0.45390625 0.009375 0.0234375
0 0.11640625 0.44453125 0.0078125 0.0171875
1 0.39453125 0.47578125 0.0296875 0.065625
0 0.76640625 0.31328125 0.009375 0.0203125
0 0.8328125 0.303125 0.0109375 0.025
1 0.08203125 0.46015625 0.0078125 0.0203125
0 0.47109375 0.3734375 0.0109375 0.025
1 0.07421875 0.46875 0.0078125 0.0234375
0 0.6921875 0.32421875 0.009375 0.0203125
1 0.79140625 0.33046875 0.0140625 0.034375
0 0.62890625 0.33828125 0.009375 0.021875
0 0.12578125 0.58359375 0.040625 0.090625
0 0.17109375 0.44453125 0.009375 0.021875
1 0.5046875 0.38046875 0.0125 0.03125
0 0.06953125 0.45546875 0.00625 0.0171875
1 0.10390625 0.4578125 0.009375 0.0203125
1 0.7515625 0.32265625 0.009375 0.025
1 0.41796875 0.41015625 0.0171875 0.0390625
1 0.35859375 0.44296875 0.0203125 0.0484375
0 0.165625 0.434375 0.0078125 0.0171875