1 0.68359375 0.3359375 0.025 0.0546875
0 0.4453125 0.32421875 0.0265625 0.059375
0 0.46015625 0.41484375 0.04375 0.1
0 0.62578125 0.26875 0.0125 0.028125
1 0.78515625 0.28984375 0.0125 0.0296875
1 0.66484375 0.309375 0.0203125 0.0453125
0 0.70859375 0.27109375 0.0109375 0.0265625
0 0.4765625 0.2875 0.01875 0.04375
1 0.6859375 0.296875 0.0171875 0.0375
0 0.7984375 0.27734375 0.0109375 0.0234375
1 0.81640625 0.41796875 0.040625 0.084375
1 0.92890625 0.30390625 0.0140625 0.03125
0 0.2375 0.71328125 0.06875 0.1640625
0 0.54140625 0.271875 0.015625 0.034375
0 0.43125 0.5203125 0.0671875 0.1515625
1 0.725 0.28984375 0.015625 0.034375
1 0.85390625 0.2953125 0.0140625 0.03125
0 0.8953125 0.28828125 0.0109375 0.025