0 0.1171875 0.4296875 0.025 0.0703125
1 0.54609375 0.50390625 0.034375 0.090625
1 0.33984375 0.3921875 0.01875 0.0484375
1 0.81328125 0.43125 0.0171875 0.046875
0 0.940625 0.42890625 0.0140625 0.0421875
0 0.13203125 0.38203125 0.01875 0.0484375
1 0.64140625 0.37890625 0.009375 0.0296875
1 0.86328125 0.715625 0.08125 0.1890625
1 0.709375 0.3984375 0.0125 0.0375
0 0.321875 0.34375 0.0078125 0.0265625
1 0.4015625 0.42890625 0.021875 0.0640625
0 0.1203125 0.5140625 0.04375 0.1125
1 0.3828125 0.3734375 0.0125 0.0359375
0 0.2984375 0.33515625 0.00625 0.0234375
1 0.4125 0.3625 0.0109375 0.0296875
1 0.53828125 0.3453125 0.0046875 0.0171875
1 0.42890625 0.3515625 0.009375 0.025
0 0.73515625 0.38046875 0.0078125 0.025
1 0.4 0.34375 0.0078125 0.021875
1 0.371875 0.3359375 0.0078125 0.0203125
0 0.32109375 0.315625 0.00625 0.0171875
1 0.38671875 0.32265625 0.0046875 0.0140625
0 0.29375 0.31796875 0.00625 0.0171875
0 0.275 0.3203125 0.0046875 0.015625
0 0.6046875 0.3484375 0.00625 0.01875
0 0.6359375 0.35625 0.00625 0.01875
0 0.275 0.35078125 0.0109375 0.0328125
1 0.5953125 0.365625 0.0078125 0.0234375
1 0.5625 0.35390625 0.0078125 0.0203125
1 0.4859375 0.328125 0.0046875 0.0140625
1 0.51875 0.33828125 0.0046875 0.0171875
1 0.36328125 0.31171875 0.0046875 0.0109375
1 0.5 0.33203125 0.0046875 0.0140625
1 0.353125 0.309375 0.0046875 0.0140625
1 0.3953125 0.31953125 0.0046875 0.0140625
0 0.32890625 0.31328125 0.0046875 0.0125
0 0.203125 0.36015625 0.0140625 0.0375
1 0.46796875 0.32109375 0.003125 0.0109375
0 0.28046875 0.3265625 0.00625 0.0203125
1 0.3734375 0.3078125 0.003125 0.009375
1 0.35625 0.32734375 0.00625 0.0171875
1 0.38046875 0.3171875 0.0046875 0.0109375
0 0.57890625 0.3421875 0.00625 0.015625
0 0.34140625 0.315625 0.0046875 0.0140625
0 0.5109375 0.32421875 0.003125 0.0109375
1 0.47578125 0.325 0.0046875 0.0109375
1 0.37578125 0.309375 0.003125 0.0078125
1 0.4609375 0.31875 0.0046875 0.0109375
1 0.37421875 0.32421875 0.0046875 0.015625
0 0.33046875 0.3046875 0.003125 0.0109375
0 0.05234375 0.75390625 0.0390625 0.1
0 0.6796875 0.36796875 0.0078125 0.0203125
0 0.82265625 0.40234375 0.0109375 0.03125
1 0.365625 0.3125 0.0046875 0.0125
1 0.453125 0.31640625 0.0046875 0.0109375
1 0.44765625 0.31484375 0.0046875 0.0109375
0 0.5546875 0.3359375 0.0046875 0.0140625
0 0.53671875 0.33046875 0.0046875 0.015625
0 0.521875 0.3265625 0.0046875 0.0140625