0 0.28046875 0.4265625 0.0140625 0.040625
0 0.10703125 0.4390625 0.015625 0.040625
1 0.8125 0.44140625 0.0203125 0.0609375
1 0.6 0.44609375 0.01875 0.05625
0 0.45390625 0.415625 0.0171875 0.0421875
0 0.04765625 0.43125 0.0125 0.0390625
0 0.83359375 0.396875 0.0171875 0.05
0 0.6296875 0.4046875 0.015625 0.0453125
1 0.425 0.56171875 0.0421875 0.1109375
1 0.73984375 0.6484375 0.0609375 0.165625
1 0.409375 0.453125 0.01875 0.0546875
1 0.221875 0.4625 0.01875 0.0578125
1 0.14375 0.55078125 0.0375 0.096875