0 0.61640625 0.47421875 0.0390625 0.0890625
0 0.5890625 0.3875 0.0203125 0.0484375
0 0.484375 0.3859375 0.0171875 0.0390625
1 0.78828125 0.32421875 0.0140625 0.034375
1 0.78359375 0.346875 0.01875 0.04375
1 0.64140625 0.3296875 0.009375 0.025
0 0.36796875 0.696875 0.0875 0.1875
0 0.81796875 0.30546875 0.0125 0.03125
0 0.39453125 0.3625 0.009375 0.021875
1 0.9109375 0.31875 0.01875 0.040625
1 0.5484375 0.36015625 0.0140625 0.0328125
0 0.73046875 0.30546875 0.0109375 0.0234375
1 0.64140625 0.35234375 0.015625 0.0375
1 0.534375 0.31484375 0.0046875 0.0125
0 0.48125 0.33671875 0.00625 0.01875
1 0.5265625 0.334375 0.0078125 0.0203125
0 0.721875 0.4015625 0.028125 0.065625
0 0.40234375 0.38359375 0.0140625 0.0328125
1 0.6421875 0.315625 0.0078125 0.0203125
0 0.74375 0.31171875 0.0109375 0.025
1 0.5515625 0.32421875 0.00625 0.0171875
1 0.53046875 0.32109375 0.0046875 0.0140625
0 0.72109375 0.2953125 0.0078125 0.0171875
1 0.49140625 0.3484375 0.009375 0.021875
1 0.55703125 0.3109375 0.0046875 0.0125
0 0.44296875 0.3484375 0.009375 0.0203125
1 0.65078125 0.3078125 0.0078125 0.0171875
0 0.73828125 0.29765625 0.00625 0.01875
0 0.584375 0.303125 0.0046875 0.0109375
1 0.62890625 0.32421875 0.009375 0.021875
1 0.62265625 0.30703125 0.00625 0.015625
1 0.70078125 0.3296875 0.0125 0.03125
1 0.4984375 0.35546875 0.0109375 0.0265625
0 0.3796875 0.37421875 0.0125 0.028125
0 0.46484375 0.33359375 0.00625 0.015625
0 0.58046875 0.30546875 0.00625 0.0125
0 0.4875 0.33203125 0.00625 0.0140625
1 0.59140625 0.3078125 0.00625 0.0140625
0 0.6890625 0.29375 0.00625 0.0171875
0 0.64453125 0.2984375 0.0046875 0.0140625
0 0.61171875 0.30234375 0.0046875 0.0125
1 0.553125 0.32109375 0.0046875 0.015625
1 0.5421875 0.3109375 0.003125 0.0109375
1 0.5 0.32421875 0.0046875 0.0109375
0 0.4421875 0.334375 0.0046875 0.0140625
0 0.421875 0.33515625 0.0046875 0.0125
0 0.41875 0.33359375 0.0046875 0.0125