0 0.1828125 0.6203125 0.0625 0.1625
0 0.175 0.43671875 0.025 0.0703125
1 0.809375 0.771875 0.078125 0.2
0 0.86953125 0.45078125 0.0109375 0.034375
1 0.7984375 0.4765625 0.0203125 0.0515625
0 0.27578125 0.45703125 0.0265625 0.071875
1 0.87578125 0.53203125 0.0265625 0.0765625
1 0.59375 0.4265625 0.0109375 0.0359375
0 0.3296875 0.503125 0.0359375 0.09375
1 0.50390625 0.446875 0.0171875 0.0515625
0 0.75234375 0.434375 0.0109375 0.03125
1 0.590625 0.4703125 0.021875 0.0625
1 0.49296875 0.41484375 0.0109375 0.03125
1 0.68203125 0.44140625 0.0109375 0.0359375
1 0.77734375 0.45546875 0.0140625 0.040625
0 0.28125 0.38671875 0.009375 0.028125
1 0.26953125 0.39609375 0.0109375 0.0328125
1 0.3796875 0.40625 0.0109375 0.034375
1 0.29453125 0.4171875 0.015625 0.0453125
0 0.39765625 0.39609375 0.009375 0.028125
1 0.17265625 0.40703125 0.0125 0.0453125
1 0.3859375 0.428125 0.015625 0.0453125
1 0.68359375 0.52421875 0.028125 0.08125
0 0.51640625 0.40625 0.0078125 0.0265625
0 0.63671875 0.41953125 0.00625 0.025