0 0.1859375 0.4265625 0.0484375 0.071875
0 0.2984375 0.39453125 0.028125 0.04375
0 0.4140625 0.38671875 0.0203125 0.03125
0 0.52734375 0.39921875 0.015625 0.0234375
0 0.5296875 0.36953125 0.0125 0.0234375
0 0.65546875 0.42109375 0.0140625 0.025
0 0.7078125 0.4078125 0.0140625 0.0234375
0 0.790625 0.45 0.0171875 0.025
0 0.90546875 0.4765625 0.01875 0.028125
1 0.465625 0.3421875 0.0046875 0.00625
1 0.50390625 0.34921875 0.0046875 0.00625
1 0.56875 0.45390625 0.0328125 0.05
1 0.60390625 0.44609375 0.0265625 0.04375
1 0.6625 0.51015625 0.0421875 0.065625
1 0.7140625 0.4609375 0.021875 0.0375
1 0.825 0.48515625 0.021875 0.0375
1 0.81171875 0.425 0.00625 0.0109375
1 0.81796875 0.42734375 0.00625 0.0109375
1 0.82578125 0.4296875 0.00625 0.0109375
1 0.92578125 0.51640625 0.0234375 0.0421875
1 0.9375 0.45859375 0.009375 0.015625
1 0.86171875 0.4390625 0.009375 0.015625
1 0.85078125 0.43671875 0.009375 0.015625
1 0.84140625 0.43359375 0.0078125 0.0140625
1 0.8328125 0.4296875 0.0078125 0.0140625
0 0.1234375 0.4953125 0.075 0.1109375