0 0.78671875 0.25625 0.0375 0.078125
0 0.6578125 0.38515625 0.0578125 0.115625
0 0.54921875 0.1546875 0.0078125 0.01875
0 0.40078125 0.203125 0.0078125 0.01875
0 0.28046875 0.23359375 0.00625 0.0140625
1 0.35625 0.2078125 0.00625 0.0140625
1 0.44375 0.1796875 0.0078125 0.015625
0 0.3453125 0.21875 0.009375 0.01875
1 0.5421875 0.146875 0.00625 0.0140625
0 0.771875 0.08203125 0.00625 0.0171875
1 0.38828125 0.1953125 0.00625 0.0125
0 0.48046875 0.178125 0.009375 0.01875
1 0.4703125 0.1671875 0.0046875 0.009375
1 0.5515625 0.13828125 0.0046875 0.0109375
0 0.59375 0.13515625 0.0078125 0.0171875
0 0.72421875 0.09375 0.0078125 0.015625
1 0.334375 0.2171875 0.0046875 0.0109375
0 0.63984375 0.11953125 0.0078125 0.015625
1 0.4984375 0.16484375 0.0078125 0.015625
1 0.39140625 0.19453125 0.00625 0.0171875
0 0.30390625 0.22734375 0.009375 0.01875
1 0.584375 0.13359375 0.0078125 0.015625
0 0.37109375 0.76875 0.11875 0.2453125
0 0.2734375 0.23671875 0.00625 0.0140625
0 0.2828125 0.2328125 0.00625 0.015625
0 0.33125 0.2140625 0.0046875 0.0125
1 0.33671875 0.215625 0.0046875 0.0125
0 0.36328125 0.2 0.00625 0.0125
0 0.40859375 0.18359375 0.00625 0.0125
1 0.42421875 0.18125 0.00625 0.0140625
0 0.4546875 0.16875 0.0046875 0.0125
0 0.4796875 0.159375 0.0046875 0.0109375
1 0.5140625 0.15078125 0.00625 0.0125
0 0.50390625 0.15078125 0.00625 0.0140625
0 0.534375 0.14140625 0.0046875 0.0109375
0 0.61484375 0.11796875 0.00625 0.0109375
1 0.68515625 0.09921875 0.0046875 0.0078125
0 0.68515625 0.10546875 0.0078125 0.0171875
0 0.821875 0.06875 0.0078125 0.0140625
1 0.6203125 0.11796875 0.00625 0.0140625
1 0.653125 0.109375 0.00625 0.0109375
1 0.70078125 0.09765625 0.00625 0.0125