0 0.31953125 0.55546875 0.0453125 0.0953125
0 0.43515625 0.44375 0.01875 0.040625
0 0.46953125 0.41015625 0.0140625 0.028125
0 0.4796875 0.4 0.0109375 0.0234375
0 0.4875 0.39296875 0.0078125 0.0203125
0 0.49453125 0.3875 0.0078125 0.01875
0 0.5 0.3828125 0.00625 0.015625
0 0.5890625 0.38515625 0.0046875 0.0140625
0 0.91328125 0.4125 0.009375 0.0203125
0 0.82421875 0.4046875 0.00625 0.01875
0 0.5359375 0.3828125 0.00625 0.0140625
1 0.8109375 0.57734375 0.0546875 0.0984375
1 0.66953125 0.45703125 0.021875 0.0453125
1 0.62109375 0.41875 0.0140625 0.0296875
1 0.60546875 0.40546875 0.0125 0.025
1 0.584375 0.39140625 0.00625 0.01875
1 0.5984375 0.3984375 0.0078125 0.01875
1 0.6 0.38828125 0.0046875 0.0171875
1 0.63203125 0.390625 0.00625 0.0171875
1 0.66796875 0.39375 0.00625 0.0171875
1 0.71640625 0.39921875 0.00625 0.01875
1 0.76484375 0.40390625 0.009375 0.021875
1 0.8484375 0.41171875 0.0109375 0.025