0 0.22578125 0.3984375 0.0328125 0.071875
0 0.37109375 0.3421875 0.0171875 0.046875
0 0.471875 0.3203125 0.015625 0.0390625
0 0.5703125 0.3046875 0.0140625 0.0359375
0 0.66015625 0.2921875 0.0125 0.03125
0 0.7671875 0.2859375 0.0125 0.03125
0 0.88125 0.278125 0.0125 0.03125
1 0.48671875 0.5 0.0515625 0.125
1 0.52890625 0.36875 0.0265625 0.065625
1 0.67265625 0.3265625 0.0203125 0.0484375
1 0.84921875 0.30703125 0.0171875 0.0421875
1 0.02734375 0.303125 0.00625 0.0140625
0 0.0234375 0.3 0.00625 0.0140625
1 0.08671875 0.2984375 0.00625 0.015625
1 0.07421875 0.2953125 0.0046875 0.0140625
1 0.1203125 0.2875 0.0046875 0.0140625
1 0.153125 0.28828125 0.00625 0.0140625
1 0.190625 0.2796875 0.0046875 0.0125
0 0.16796875 0.27890625 0.0046875 0.0140625