0 0.29375 0.7359375 0.075 0.190625
1 0.5015625 0.446875 0.0265625 0.0625
1 0.6765625 0.37890625 0.0171875 0.040625
0 0.50390625 0.3640625 0.0109375 0.028125
1 0.7140625 0.3984375 0.0234375 0.0546875
0 0.27109375 0.45546875 0.0203125 0.0515625
1 0.80234375 0.6015625 0.0671875 0.1625
1 0.74296875 0.35625 0.0140625 0.034375
0 0.4375 0.3859375 0.0140625 0.034375
1 0.55625 0.38828125 0.015625 0.0375
0 0.275 0.521875 0.034375 0.084375
1 0.51953125 0.4125 0.01875 0.046875
1 0.81640625 0.31796875 0.009375 0.025
0 0.34375 0.421875 0.015625 0.0390625
1 0.70625 0.3453125 0.0109375 0.028125
1 0.7734375 0.33125 0.0109375 0.0265625
1 0.878125 0.3296875 0.0125 0.03125
1 0.62734375 0.36328125 0.0109375 0.0296875
0 0.6765625 0.3328125 0.009375 0.0234375
0 0.5953125 0.346875 0.009375 0.025
1 0.815625 0.34296875 0.0125 0.03125
1 0.87109375 0.2953125 0.00625 0.015625
0 0.875 0.35859375 0.0171875 0.040625
1 0.83359375 0.30859375 0.009375 0.0203125
0 0.721875 0.321875 0.009375 0.021875
0 0.79453125 0.30078125 0.0046875 0.015625
0 0.7546875 0.3125 0.0078125 0.01875
1 0.61328125 0.49765625 0.040625 0.09375
1 0.8265625 0.4234375 0.0328125 0.0703125
1 0.84921875 0.303125 0.0078125 0.0171875