0 0.4921875 0.57734375 0.05 0.1625
0 0.478125 0.4171875 0.0296875 0.090625
0 0.4578125 0.353125 0.01875 0.0609375
0 0.39375 0.3265625 0.0140625 0.05
0 0.30546875 0.31171875 0.0109375 0.0390625
0 0.2140625 0.309375 0.009375 0.0328125
0 0.125 0.31171875 0.009375 0.03125
0 0.08828125 0.30546875 0.0078125 0.0265625
0 0.10859375 0.29296875 0.00625 0.021875
0 0.14140625 0.28359375 0.00625 0.0203125
0 0.1875 0.271875 0.0046875 0.0171875
0 0.2453125 0.26328125 0.0046875 0.0171875
0 0.30625 0.26015625 0.003125 0.0140625
0 0.60703125 0.23671875 0.003125 0.015625
0 0.67109375 0.2359375 0.0046875 0.0171875
0 0.7109375 0.2359375 0.0046875 0.0171875
0 0.75390625 0.2359375 0.0046875 0.01875
0 0.8171875 0.23515625 0.00625 0.0203125
0 0.925 0.23515625 0.0078125 0.0234375
1 0.840625 0.38359375 0.0296875 0.0890625
1 0.6609375 0.31015625 0.015625 0.0515625
1 0.53046875 0.28984375 0.0109375 0.0375
1 0.41328125 0.28203125 0.009375 0.03125
1 0.31328125 0.28359375 0.0078125 0.028125
1 0.23046875 0.28671875 0.0078125 0.025
1 0.2203125 0.2796875 0.00625 0.021875
1 0.24765625 0.26953125 0.00625 0.0203125
1 0.2859375 0.2640625 0.0046875 0.0171875
1 0.34453125 0.2609375 0.003125 0.015625
1 0.40234375 0.2578125 0.003125 0.0140625
1 0.46328125 0.25390625 0.003125 0.0140625
1 0.52421875 0.24765625 0.003125 0.015625
1 0.578125 0.24453125 0.0046875 0.0171875
1 0.6390625 0.24453125 0.0046875 0.0171875
1 0.7109375 0.24453125 0.00625 0.0203125
1 0.7859375 0.2453125 0.00625 0.021875
1 0.83984375 0.2484375 0.0078125 0.025
1 0.896875 0.25703125 0.0078125 0.028125
1 0.95703125 0.2640625 0.0109375 0.034375