1 0.39296875 0.57109375 0.0625 0.1703125
1 0.14453125 0.4328125 0.040625 0.1140625
1 0.09765625 0.2609375 0.0125 0.0359375
1 0.2015625 0.26328125 0.0109375 0.034375
1 0.2859375 0.26875 0.0109375 0.03125
1 0.41953125 0.28203125 0.0109375 0.0359375
1 0.5109375 0.2890625 0.0109375 0.0359375
1 0.61328125 0.29375 0.0109375 0.0359375
1 0.68984375 0.29453125 0.0109375 0.03125
1 0.740625 0.29140625 0.009375 0.028125
1 0.7671875 0.28828125 0.0078125 0.0234375
1 0.75234375 0.27265625 0.00625 0.0203125
1 0.75546875 0.26640625 0.0046875 0.0203125
1 0.771875 0.284375 0.0078125 0.025
0 0.2171875 0.24921875 0.009375 0.028125
0 0.32578125 0.25546875 0.0078125 0.0265625
0 0.4328125 0.26484375 0.009375 0.028125
0 0.48046875 0.26796875 0.0078125 0.028125
0 0.54453125 0.271875 0.009375 0.028125
0 0.59375 0.271875 0.0078125 0.0265625
0 0.621875 0.271875 0.0078125 0.025
0 0.6546875 0.271875 0.00625 0.021875
0 0.6703125 0.2703125 0.00625 0.0203125
0 0.675 0.26796875 0.0046875 0.01875
0 0.6953125 0.2578125 0.0046875 0.015625
0 0.73515625 0.26171875 0.0046875 0.015625
1 0.8578125 0.2796875 0.0046875 0.0171875
1 0.78125 0.27109375 0.0046875 0.0171875
1 0.90390625 0.284375 0.0046875 0.0140625
0 0.92421875 0.27578125 0.003125 0.0125
0 0.91015625 0.2765625 0.0046875 0.0140625
0 0.884375 0.2765625 0.0046875 0.015625
0 0.82734375 0.27109375 0.0046875 0.0140625