0 0.51328125 0.4859375 0.040625 0.0875
0 0.5453125 0.3734375 0.0203125 0.0421875
0 0.33984375 0.69921875 0.08125 0.1640625
1 0.8984375 0.51640625 0.0796875 0.159375
1 0.6890625 0.3265625 0.01875 0.0390625
1 0.390625 0.375 0.0109375 0.0203125
1 0.79296875 0.38046875 0.0359375 0.0765625
0 0.51171875 0.3671875 0.015625 0.034375
1 0.63828125 0.32890625 0.015625 0.034375
1 0.35390625 0.3796875 0.009375 0.01875
1 0.671875 0.303125 0.0125 0.0265625
1 0.54140625 0.31875 0.0078125 0.0171875
1 0.5859375 0.33515625 0.0140625 0.028125
1 0.75390625 0.2921875 0.015625 0.0328125
1 0.459375 0.3390625 0.00625 0.0140625
1 0.421875 0.34921875 0.00625 0.0140625
0 0.28984375 0.390625 0.00625 0.015625
1 0.38203125 0.35546875 0.00625 0.0125
0 0.84921875 0.259375 0.015625 0.03125
0 0.7046875 0.28203125 0.0125 0.025
1 0.73203125 0.33984375 0.025 0.05
0 0.375 0.3890625 0.0125 0.025
0 0.76640625 0.271875 0.0125 0.028125
0 0.29140625 0.38671875 0.00625 0.0140625
0 0.56015625 0.39609375 0.025 0.053125
1 0.415625 0.33984375 0.0046875 0.0109375
0 0.61640625 0.2953125 0.009375 0.01875
1 0.34140625 0.3796875 0.00625 0.0140625
1 0.61328125 0.309375 0.0109375 0.021875
1 0.39921875 0.346875 0.0046875 0.0109375
0 0.5796875 0.30390625 0.00625 0.015625
1 0.8734375 0.278125 0.0203125 0.040625
1 0.44140625 0.3625 0.009375 0.0234375
0 0.65546875 0.29140625 0.009375 0.0203125
0 0.4546875 0.33671875 0.0046875 0.0125
0 0.44765625 0.37421875 0.0140625 0.028125
0 0.5015625 0.3234375 0.00625 0.0140625
1 0.5109375 0.34921875 0.0125 0.025
0 0.29453125 0.38359375 0.0046875 0.0125
1 0.33671875 0.37109375 0.0046875 0.0125
1 0.35 0.35546875 0.003125 0.009375
0 0.3140625 0.4 0.0109375 0.021875
0 0.4609375 0.32421875 0.0046875 0.0109375
1 0.39296875 0.35546875 0.00625 0.0140625
0 0.44921875 0.32734375 0.003125 0.009375
0 0.2859375 0.39765625 0.00625 0.0171875
0 0.284375 0.4015625 0.009375 0.01875
1 0.57734375 0.31328125 0.0078125 0.0203125