1 0.74375 0.33515625 0.0203125 0.0609375
0 0.9125 0.24921875 0.0078125 0.021875
0 0.4875 0.38671875 0.028125 0.0796875
0 0.45078125 0.4640625 0.0421875 0.1171875
0 0.459375 0.3078125 0.015625 0.0453125
1 0.80078125 0.2515625 0.0078125 0.0203125
0 0.475 0.321875 0.0171875 0.0515625
1 0.89609375 0.25625 0.0078125 0.0234375
1 0.82265625 0.38203125 0.028125 0.0796875
0 0.4265625 0.2609375 0.00625 0.025
1 0.59375 0.28203125 0.0125 0.0359375
0 0.41875 0.27421875 0.009375 0.03125
0 0.440625 0.2921875 0.0125 0.0375
1 0.67578125 0.30859375 0.015625 0.046875
1 0.553125 0.25390625 0.0078125 0.021875
1 0.946875 0.48515625 0.0328125 0.1234375
0 0.3390625 0.58984375 0.065625 0.1765625
1 0.6765625 0.246875 0.00625 0.0203125
1 0.54765625 0.26796875 0.009375 0.028125
0 0.4671875 0.25234375 0.00625 0.0203125
1 0.6359375 0.2953125 0.0140625 0.0421875
0 0.7453125 0.2421875 0.00625 0.0171875
0 0.825 0.24453125 0.00625 0.01875
0 0.49140625 0.3484375 0.021875 0.065625
1 0.725 0.2484375 0.00625 0.0203125
1 0.625 0.24765625 0.00625 0.0203125
0 0.525 0.24453125 0.00625 0.01875
1 0.5421875 0.25859375 0.0078125 0.025
1 0.58125 0.25078125 0.0078125 0.0203125
0 0.590625 0.2421875 0.00625 0.0171875
0 0.665625 0.240625 0.00625 0.0171875