0 0.1515625 0.5359375 0.0328125 0.0765625
0 0.26875 0.65 0.0609375 0.140625
0 0.128125 0.4921875 0.021875 0.053125
1 0.6 0.49453125 0.040625 0.1015625
1 0.42578125 0.459375 0.028125 0.0671875
0 0.2140625 0.42734375 0.0125 0.0328125
0 0.8484375 0.2984375 0.015625 0.034375
0 0.32265625 0.37578125 0.0078125 0.0203125
1 0.3234375 0.41484375 0.0109375 0.0359375
1 0.5109375 0.34296875 0.009375 0.0234375
1 0.33046875 0.4375 0.01875 0.0484375
1 0.56875 0.33828125 0.0109375 0.0265625
1 0.39296875 0.3625 0.0078125 0.0203125
1 0.35390625 0.38984375 0.0109375 0.028125
0 0.53671875 0.3234375 0.0046875 0.0171875
1 0.83515625 0.33359375 0.0203125 0.0484375
0 0.15 0.4625 0.0171875 0.0421875
0 0.571875 0.3265625 0.009375 0.021875
0 0.29765625 0.38828125 0.009375 0.021875
1 0.3765625 0.375 0.009375 0.025
0 0.35625 0.359375 0.00625 0.0171875
0 0.734375 0.30625 0.009375 0.028125
1 0.47578125 0.34453125 0.0078125 0.01875
0 0.54765625 0.31875 0.00625 0.0171875
0 0.2609375 0.40390625 0.0109375 0.0265625
1 0.42265625 0.3421875 0.00625 0.0140625
1 0.63984375 0.3328125 0.0125 0.0296875
1 0.434375 0.3328125 0.0046875 0.0125
1 0.40703125 0.35390625 0.00625 0.0171875
1 0.4671875 0.3421875 0.00625 0.0171875
1 0.7359375 0.32890625 0.015625 0.0390625
0 0.640625 0.31796875 0.0078125 0.025
1 0.5171875 0.32265625 0.0046875 0.0140625
0 0.575 0.309375 0.00625 0.015625
1 0.56015625 0.3078125 0.0046875 0.0125
0 0.36953125 0.353125 0.0046875 0.0140625
0 0.33984375 0.3671875 0.00625 0.0171875
0 0.390625 0.34296875 0.0046875 0.0125
1 0.49453125 0.3171875 0.0046875 0.0109375
0 0.38125 0.34765625 0.0046875 0.0140625
1 0.415625 0.34765625 0.00625 0.015625
1 0.44453125 0.3296875 0.0046875 0.0109375
1 0.52734375 0.31015625 0.0046875 0.0109375
0 0.3984375 0.3390625 0.0046875 0.0109375
1 0.49140625 0.33046875 0.00625 0.015625
1 0.428125 0.3375 0.0046875 0.0125
0 0.44921875 0.32578125 0.003125 0.009375
1 0.46875 0.33828125 0.00625 0.0171875
1 0.46328125 0.325 0.003125 0.0078125
0 0.48828125 0.31640625 0.003125 0.009375
0 0.53046875 0.30859375 0.003125 0.009375
0 0.53984375 0.328125 0.0078125 0.0203125
1 0.5578125 0.3046875 0.0046875 0.0109375
1 0.5640625 0.30546875 0.0046875 0.0109375
0 0.571875 0.3 0.0046875 0.0109375
0 0.59375 0.2953125 0.0046875 0.0109375
0 0.59921875 0.30234375 0.00625 0.0140625
0 0.6078125 0.2953125 0.0046875 0.0125
0 0.6171875 0.2953125 0.00625 0.0140625