0 0.18984375 0.40859375 0.03125 0.084375
0 0.59609375 0.459375 0.025 0.06875
1 0.90078125 0.696875 0.0640625 0.1625
0 0.77265625 0.46171875 0.0203125 0.05625
0 0.39609375 0.39140625 0.0234375 0.059375
0 0.6265625 0.39375 0.0140625 0.0390625
1 0.51953125 0.36484375 0.0125 0.0359375
1 0.853125 0.41796875 0.0125 0.034375
0 0.56796875 0.4015625 0.0171875 0.0484375
0 0.78125 0.4140625 0.0125 0.0359375
0 0.73515625 0.3703125 0.0078125 0.0203125
1 0.53984375 0.35546875 0.0109375 0.03125
1 0.42578125 0.36015625 0.015625 0.04375
1 0.8140625 0.396875 0.009375 0.0265625
1 0.56328125 0.33984375 0.0078125 0.0234375
1 0.61953125 0.3375 0.00625 0.01875
1 0.8796875 0.396875 0.00625 0.021875
0 0.7125 0.384375 0.009375 0.0296875
1 0.9015625 0.39375 0.0078125 0.021875
1 0.8359375 0.365625 0.0046875 0.0109375
0 0.6953125 0.34375 0.0046875 0.0140625
1 0.5953125 0.33828125 0.0078125 0.0234375
0 0.6546875 0.35234375 0.00625 0.0203125
1 0.83828125 0.3921875 0.009375 0.025
0 0.7859375 0.3765625 0.0078125 0.01875
0 0.74453125 0.35078125 0.0046875 0.0140625
1 0.534375 0.34453125 0.009375 0.0265625
1 0.6390625 0.3359375 0.0046875 0.015625
1 0.6640625 0.33515625 0.0046875 0.0140625
0 0.8265625 0.44453125 0.0171875 0.0421875
0 0.75234375 0.35546875 0.0046875 0.0140625
0 0.80859375 0.375 0.00625 0.0171875
0 0.70703125 0.371875 0.009375 0.025
1 0.25859375 0.3515625 0.01875 0.0515625
1 0.6515625 0.3359375 0.0046875 0.0140625
0 0.67109375 0.3484375 0.00625 0.0171875
1 0.671875 0.334375 0.0046875 0.0125
0 0.63828125 0.38125 0.0109375 0.03125
1 0.9515625 0.45234375 0.0140625 0.0375
1 0.86484375 0.3828125 0.0046875 0.01875
0 0.70390625 0.34296875 0.0046875 0.0125
0 0.68671875 0.34609375 0.0046875 0.0140625
1 0.828125 0.359375 0.003125 0.0109375
0 0.40703125 0.5109375 0.04375 0.1109375
1 0.6796875 0.334375 0.0046875 0.0109375
0 0.76015625 0.35234375 0.0046875 0.0140625
1 0.821875 0.36953125 0.00625 0.0171875
0 0.634375 0.365625 0.009375 0.028125
0 0.63828125 0.3578125 0.00625 0.025
1 0.6859375 0.334375 0.0046875 0.0125
1 0.6921875 0.33359375 0.0046875 0.0109375
1 0.6984375 0.3328125 0.0046875 0.0109375
1 0.7078125 0.33515625 0.003125 0.0109375
0 0.715625 0.34140625 0.0046875 0.0140625
0 0.7203125 0.340625 0.0046875 0.0109375
0 0.72421875 0.33984375 0.0046875 0.0109375
0 0.709375 0.34296875 0.0046875 0.0140625
0 0.7828125 0.365625 0.0046875 0.0171875
0 0.72890625 0.340625 0.003125 0.0109375
0 0.78984375 0.35546875 0.0046875 0.0140625
0 0.78828125 0.35234375 0.003125 0.0109375
0 0.79765625 0.35390625 0.003125 0.0125
0 0.80390625 0.35703125 0.0046875 0.0125
1 0.80625 0.3625 0.0046875 0.015625
1 0.94140625 0.56953125 0.0171875 0.071875
1 0.81328125 0.35625 0.0046875 0.0109375
1 0.8171875 0.3640625 0.0046875 0.0140625
1 0.8328125 0.3625 0.0046875 0.0109375
1 0.83984375 0.3640625 0.003125 0.0125