0 0.7125 0.52421875 0.0296875 0.0953125
0 0.92109375 0.515625 0.025 0.075
0 0.6671875 0.3921875 0.009375 0.034375
0 0.56015625 0.375 0.0078125 0.028125
0 0.38203125 0.55546875 0.0421875 0.1234375
0 0.39765625 0.3484375 0.0078125 0.025
0 0.4125 0.3484375 0.0046875 0.0203125
0 0.82265625 0.40625 0.0109375 0.0359375
0 0.94453125 0.415625 0.0109375 0.0328125
1 0.85390625 0.3828125 0.003125 0.0171875
1 0.90859375 0.38984375 0.0046875 0.021875
1 0.54921875 0.3609375 0.0046875 0.0203125
1 0.753125 0.375 0.0046875 0.0203125
1 0.62578125 0.371875 0.0078125 0.0265625
0 0.68984375 0.36953125 0.003125 0.015625
1 0.878125 0.39140625 0.00625 0.021875
0 0.5 0.36484375 0.0078125 0.028125
0 0.4078125 0.34453125 0.0046875 0.01875
1 0.80546875 0.38046875 0.0046875 0.0203125
1 0.69375 0.371875 0.0046875 0.0171875
1 0.7390625 0.38203125 0.00625 0.028125
0 0.3921875 0.34453125 0.0046875 0.0203125
1 0.89140625 0.390625 0.00625 0.0203125
0 0.49296875 0.3515625 0.0046875 0.0171875
0 0.44140625 0.34609375 0.0046875 0.01875
1 0.8296875 0.39140625 0.0078125 0.0296875