0 0.2515625 0.63671875 0.06875 0.1375
0 0.43359375 0.4875 0.03125 0.06875
0 0.45625 0.43359375 0.01875 0.040625
0 0.43984375 0.4125 0.0140625 0.03125
0 0.3859375 0.396875 0.0109375 0.0265625
0 0.3265625 0.38828125 0.0109375 0.025
0 0.284375 0.384375 0.009375 0.0234375
0 0.23203125 0.38203125 0.009375 0.021875
0 0.12734375 0.384375 0.0109375 0.0265625
0 0.640625 0.38125 0.0046875 0.0140625
1 0.31796875 0.37578125 0.009375 0.0203125
1 0.203125 0.375 0.009375 0.021875
1 0.8203125 0.48671875 0.0359375 0.065625
1 0.71328125 0.43515625 0.0203125 0.040625
1 0.60234375 0.40703125 0.0125 0.0296875
1 0.5125 0.3921875 0.0109375 0.0234375
1 0.446875 0.3828125 0.009375 0.021875
1 0.4 0.37734375 0.009375 0.0203125
1 0.6375 0.38125 0.00625 0.0140625