0 0.54453125 0.296875 0.0078125 0.025
0 0.50625 0.2953125 0.0109375 0.03125
1 0.46640625 0.4296875 0.03125 0.0921875
0 0.32265625 0.2953125 0.01875 0.053125
1 0.6828125 0.3265625 0.009375 0.0265625
0 0.4578125 0.29609375 0.0125 0.0375
1 0.72109375 0.33125 0.0078125 0.025
1 0.78359375 0.34296875 0.00625 0.0203125
1 0.60078125 0.33984375 0.0140625 0.040625
0 0.6375 0.30234375 0.00625 0.0203125
1 0.51640625 0.35859375 0.01875 0.0578125
1 0.54296875 0.76328125 0.059375 0.1828125
1 0.6515625 0.33046875 0.009375 0.03125
0 0.8015625 0.33203125 0.0046875 0.0171875
0 0.58125 0.296875 0.0078125 0.025
0 0.7 0.31484375 0.00625 0.0203125
0 0.9625 0.36640625 0.0046875 0.0140625
1 0.8328125 0.3515625 0.00625 0.0203125
1 0.86015625 0.3515625 0.00625 0.0203125
0 0.7578125 0.32578125 0.0046875 0.0171875
0 0.85 0.34453125 0.0046875 0.015625
1 0.95625 0.371875 0.0046875 0.015625
0 0.8984375 0.3546875 0.0046875 0.0140625
1 0.9015625 0.3578125 0.0046875 0.015625
0 0.071875 0.31953125 0.0125 0.0421875