1 0.67109375 0.53046875 0.034375 0.0875
0 0.3515625 0.371875 0.0125 0.0359375
0 0.3484375 0.434375 0.021875 0.0625
0 0.32265625 0.534375 0.040625 0.1171875
1 0.584375 0.46015625 0.0234375 0.0625
0 0.88203125 0.4390625 0.0125 0.0328125
1 0.80546875 0.43671875 0.0125 0.0375
0 0.34375 0.40234375 0.0171875 0.0484375
0 0.4125 0.36953125 0.0125 0.03125
0 0.53984375 0.375 0.009375 0.0265625
1 0.6515625 0.4046875 0.0109375 0.03125
1 0.57265625 0.39375 0.0109375 0.03125
1 0.88984375 0.47734375 0.01875 0.0484375
0 0.79921875 0.415625 0.009375 0.025
0 0.60390625 0.38515625 0.009375 0.025
0 0.478125 0.37109375 0.009375 0.028125
1 0.24140625 0.303125 0.003125 0.0109375
1 0.40234375 0.32265625 0.003125 0.0109375
1 0.28359375 0.30390625 0.0046875 0.0109375
0 0.27421875 0.30703125 0.0046875 0.0125
1 0.7296875 0.41875 0.0125 0.03125
1 0.52265625 0.4171875 0.015625 0.04375
1 0.31484375 0.3078125 0.003125 0.009375
0 0.25234375 0.303125 0.003125 0.0109375
1 0.39140625 0.31796875 0.003125 0.009375
1 0.36640625 0.3140625 0.003125 0.0109375
1 0.50546875 0.3921875 0.0125 0.0359375
0 0.68125 0.3953125 0.009375 0.028125