0 0.24453125 0.490625 0.0359375 0.103125
1 0.68515625 0.425 0.0140625 0.0421875
1 0.753125 0.4265625 0.0140625 0.0390625
1 0.625 0.43515625 0.01875 0.0546875
0 0.65625 0.39765625 0.0109375 0.0296875
0 0.5671875 0.39296875 0.0125 0.0359375
1 0.59609375 0.471875 0.025 0.0703125
0 0.73359375 0.40234375 0.0109375 0.0265625
0 0.83671875 0.41953125 0.0109375 0.0328125
1 0.9359375 0.45546875 0.015625 0.0390625
1 0.81328125 0.428125 0.0125 0.0359375
0 0.465625 0.3953125 0.0140625 0.04375
0 0.35859375 0.41796875 0.01875 0.059375
1 0.62421875 0.565625 0.0390625 0.115625
1 0.878125 0.8390625 0.0453125 0.096875