0 0.2734375 0.375 0.015625 0.05625
0 0.38984375 0.40390625 0.025 0.0765625
0 0.5515625 0.51171875 0.0390625 0.140625
0 0.28671875 0.30390625 0.009375 0.028125
1 0.7984375 0.34765625 0.0203125 0.06875
0 0.24296875 0.33125 0.0109375 0.0359375
0 0.18515625 0.30625 0.00625 0.025
0 0.24453125 0.3015625 0.00625 0.025
0 0.05859375 0.315625 0.0078125 0.025
1 0.759375 0.23984375 0.0078125 0.025
0 0.23671875 0.3515625 0.0109375 0.04375
1 0.5390625 0.3234375 0.0140625 0.0484375
0 0.128125 0.30859375 0.00625 0.0234375
0 0.746875 0.2328125 0.00625 0.021875
1 0.071875 0.30625 0.00625 0.021875
0 0.47734375 0.25390625 0.0046875 0.0171875
1 0.3328125 0.28515625 0.0078125 0.0234375
1 0.25703125 0.28828125 0.0046875 0.0203125
0 0.5375 0.246875 0.0046875 0.01875
0 0.4234375 0.2578125 0.003125 0.0140625
0 0.671875 0.2375 0.0046875 0.01875
1 0.0796875 0.2953125 0.003125 0.0140625
1 0.93828125 0.2296875 0.0078125 0.03125
1 0.61640625 0.25078125 0.00625 0.021875
0 0.59296875 0.24453125 0.0046875 0.01875
1 0.39375 0.26796875 0.0046875 0.0171875
1 0.446875 0.26328125 0.003125 0.015625
1 0.41796875 0.31875 0.0109375 0.040625
1 0.4953125 0.259375 0.0046875 0.0203125
1 0.39453125 0.3015625 0.009375 0.034375
1 0.1734375 0.284375 0.003125 0.0140625
0 0.8421875 0.225 0.0078125 0.025
1 0.1359375 0.28828125 0.003125 0.0140625
1 0.28046875 0.2734375 0.003125 0.0171875
1 0.23984375 0.27890625 0.0046875 0.0171875
1 0.546875 0.25390625 0.0046875 0.0203125
1 0.83671875 0.23359375 0.0078125 0.028125
1 0.171875 0.2953125 0.0046875 0.0203125
0 0.37890625 0.2625 0.003125 0.0140625
0 0.0984375 0.2890625 0.003125 0.0140625
0 0.0609375 0.29375 0.003125 0.0125
1 0.3390625 0.2671875 0.003125 0.015625
1 0.68984375 0.24453125 0.0078125 0.0234375
0 0.32421875 0.26640625 0.003125 0.0140625
0 0.27578125 0.27109375 0.003125 0.0140625
1 0.21015625 0.2828125 0.003125 0.0140625
0 0.2078125 0.275 0.003125 0.0140625
1 0.3984375 0.2859375 0.0078125 0.028125
0 0.1453125 0.2828125 0.003125 0.0109375