0 0.4828125 0.54609375 0.03125 0.103125
0 0.65625 0.465625 0.0203125 0.0671875
0 0.096875 0.43515625 0.01875 0.05625
0 0.31796875 0.3953125 0.009375 0.0359375
0 0.78203125 0.4453125 0.01875 0.05625
1 0.1984375 0.38828125 0.0109375 0.0390625
0 0.1640625 0.76953125 0.05625 0.1796875
0 0.3640625 0.38125 0.009375 0.0296875
0 0.27109375 0.3609375 0.00625 0.021875
0 0.240625 0.41171875 0.0125 0.0453125
1 0.21484375 0.371875 0.00625 0.028125
1 0.0515625 0.4078125 0.0140625 0.04375
0 0.9171875 0.44296875 0.0171875 0.05
0 0.084375 0.35234375 0.009375 0.028125
1 0.14921875 0.36328125 0.009375 0.025
0 0.21640625 0.35703125 0.0078125 0.025
1 0.065625 0.3625 0.0109375 0.028125
0 0.33203125 0.36953125 0.0078125 0.0265625
1 0.2359375 0.378125 0.00625 0.0265625
1 0.9421875 0.6171875 0.0328125 0.1375
0 0.15546875 0.353125 0.00625 0.0265625