0 0.85546875 0.3671875 0.028125 0.0578125
0 0.8265625 0.340625 0.025 0.05
0 0.784375 0.3140625 0.0203125 0.0421875
0 0.890625 0.40546875 0.034375 0.071875
0 0.70859375 0.27734375 0.015625 0.034375
1 0.77265625 0.278125 0.0125 0.028125
0 0.6390625 0.25078125 0.0125 0.028125
1 0.9359375 0.3390625 0.0203125 0.040625
0 0.89453125 0.45703125 0.046875 0.0953125
1 0.81171875 0.290625 0.0140625 0.03125
0 0.6375 0.55625 0.0859375 0.1671875
0 0.8546875 0.49921875 0.0609375 0.11875
0 0.84140625 0.26328125 0.0078125 0.0171875
1 0.72890625 0.2625 0.0125 0.028125
1 0.8703125 0.31328125 0.0171875 0.034375
0 0.578125 0.2171875 0.009375 0.01875
1 0.66796875 0.23203125 0.0078125 0.0171875
0 0.565625 0.22109375 0.0109375 0.021875
0 0.675 0.265625 0.0140625 0.03125
1 0.69765625 0.23671875 0.0078125 0.0171875
0 0.7484375 0.2953125 0.01875 0.0375
1 0.8296875 0.26484375 0.0078125 0.0171875
1 0.6546875 0.2359375 0.009375 0.0203125
1 0.771875 0.25078125 0.00625 0.015625
1 0.90078125 0.28125 0.009375 0.01875
0 0.90625 0.27890625 0.0078125 0.0171875
0 0.61171875 0.21875 0.0078125 0.0171875
0 0.778125 0.2484375 0.0078125 0.015625
0 0.715625 0.23515625 0.0078125 0.0140625
0 0.5875 0.23203125 0.0109375 0.0234375
0 0.66015625 0.22578125 0.00625 0.0140625
1 0.6734375 0.24375 0.0109375 0.021875
1 0.734375 0.24375 0.00625 0.015625
1 0.97109375 0.29765625 0.009375 0.01875
0 0.9703125 0.2921875 0.0078125 0.01875
1 0.653125 0.2328125 0.0078125 0.0203125