0 0.0109375 0.31875 0.0109375 0.025
0 0.81484375 0.325 0.0125 0.03125
0 0.759375 0.31640625 0.009375 0.025
1 0.6515625 0.31171875 0.009375 0.021875
1 0.18046875 0.396875 0.021875 0.0546875
1 0.13359375 0.34453125 0.015625 0.0359375
0 0.02890625 0.309375 0.009375 0.021875
1 0.5609375 0.6765625 0.090625 0.2078125
1 0.12421875 0.32734375 0.0109375 0.028125
1 0.31953125 0.51015625 0.0515625 0.115625
1 0.1515625 0.36640625 0.0171875 0.0421875
0 0.11640625 0.28359375 0.00625 0.0140625
1 0.35625 0.28359375 0.00625 0.015625
1 0.76875 0.34140625 0.015625 0.0375
0 0.03984375 0.3015625 0.0078125 0.0203125
0 0.078125 0.2859375 0.00625 0.0140625
1 0.54140625 0.29140625 0.00625 0.015625
1 0.4796875 0.28828125 0.00625 0.0140625
0 0.04453125 0.2921875 0.00625 0.0171875
0 0.7109375 0.30234375 0.0078125 0.01875
1 0.29375 0.28125 0.0046875 0.0125
1 0.12734375 0.29140625 0.00625 0.0140625
0 0.75 0.3125 0.0078125 0.0203125
1 0.16953125 0.28515625 0.00625 0.0140625
1 0.6390625 0.30234375 0.0078125 0.01875
1 0.68203125 0.32421875 0.0125 0.0296875
0 0.31953125 0.27890625 0.0046875 0.0125
0 0.278125 0.27890625 0.0046875 0.0109375
1 0.234375 0.4453125 0.034375 0.0796875
1 0.6 0.29609375 0.00625 0.01875
0 0.06171875 0.2875 0.00625 0.0140625
0 0.65859375 0.2953125 0.00625 0.0171875
0 0.5515625 0.2875 0.00625 0.0140625
1 0.23046875 0.28203125 0.0046875 0.0125
0 0.45546875 0.2828125 0.00625 0.0140625
1 0.41484375 0.28671875 0.00625 0.0140625
1 0.11796875 0.31484375 0.009375 0.0234375
0 0.178125 0.2796875 0.0046875 0.0140625
0 0.50234375 0.28515625 0.0046875 0.0140625
1 0.1140625 0.30703125 0.0078125 0.0203125
1 0.11484375 0.30078125 0.00625 0.01875
0 0.88671875 0.26015625 0.00625 0.0140625
0 0.59765625 0.2890625 0.0046875 0.015625
0 0.40546875 0.28125 0.0046875 0.0125
0 0.36328125 0.27890625 0.0046875 0.0125
0 0.23828125 0.27890625 0.0046875 0.0125