0 0.90234375 0.440625 0.0359375 0.0859375
0 0.66796875 0.4828125 0.0515625 0.121875
0 0.1296875 0.19921875 0.0078125 0.0203125
0 0.0328125 0.671875 0.065625 0.178125
1 0.7828125 0.24453125 0.0046875 0.0109375
1 0.66328125 0.225 0.0046875 0.009375
1 0.7015625 0.2328125 0.003125 0.009375
1 0.73203125 0.23671875 0.003125 0.0078125
1 0.1265625 0.153125 0.00625 0.0140625
0 0.19296875 0.1609375 0.0046875 0.0125
1 0.81640625 0.253125 0.003125 0.0109375
0 0.21796875 0.17265625 0.00625 0.0140625
0 0.209375 0.165625 0.0046875 0.0125
0 0.778125 0.24296875 0.003125 0.009375
0 0.8359375 0.25 0.003125 0.0109375
0 0.6703125 0.225 0.003125 0.0078125
0 0.20625 0.184375 0.0046875 0.0140625
0 0.14375 0.15 0.00625 0.0140625
1 0.12109375 0.1703125 0.00625 0.0171875
0 0.17734375 0.19296875 0.00625 0.0171875
1 0.14296875 0.1625 0.00625 0.015625
0 0.22421875 0.178125 0.00625 0.015625
1 0.7515625 0.24453125 0.0046875 0.0109375
0 0.70546875 0.23203125 0.003125 0.009375
0 0.63359375 0.2109375 0.003125 0.00625
1 0.6 0.21875 0.003125 0.0078125
1 0.61953125 0.215625 0.003125 0.00625
0 0.7984375 0.2421875 0.003125 0.0078125
1 0.82890625 0.24453125 0.0046875 0.0109375
1 0.6984375 0.2375 0.0046875 0.0109375
1 0.7953125 0.23671875 0.003125 0.009375
1 0.6421875 0.209375 0.003125 0.00625
1 0.7703125 0.23125 0.003125 0.0078125
1 0.68828125 0.21640625 0.003125 0.00625
1 0.64375 0.23046875 0.003125 0.0109375
0 0.70703125 0.22265625 0.003125 0.0078125
1 0.75703125 0.240625 0.003125 0.0109375
0 0.80859375 0.24375 0.003125 0.009375
0 0.728125 0.2265625 0.003125 0.00625
1 0.6234375 0.20390625 0.003125 0.00625
0 0.67734375 0.21875 0.003125 0.0078125
0 0.8203125 0.24609375 0.003125 0.00625
1 0.7359375 0.225 0.003125 0.00625
1 0.60703125 0.20078125 0.0015625 0.0046875
0 0.659375 0.2140625 0.003125 0.00625
0 0.61953125 0.2125 0.0046875 0.009375
0 0.7875 0.2390625 0.003125 0.00625
0 0.7546875 0.23125 0.003125 0.0078125
1 0.4203125 0.17578125 0.0046875 0.009375
1 0.61796875 0.20234375 0.0015625 0.0046875
0 0.75390625 0.2390625 0.0046875 0.009375
1 0.81171875 0.24921875 0.003125 0.0109375
0 0.77421875 0.23515625 0.003125 0.0078125