0 0.9234375 0.33984375 0.0078125 0.02578125
0 0.4578125 0.2609375 0.00625 0.02421875
0 0.81328125 0.31875 0.00625 0.025
0 0.271875 0.24609375 0.00703125 0.03125
1 0.2296875 0.40625 0.02578125 0.096875
1 0.21015625 0.30625 0.015625 0.0578125
0 0.38203125 0.253125 0.00625 0.02578125
1 0.83046875 0.33515625 0.0078125 0.03125
1 0.68515625 0.3078125 0.00625 0.03125
1 0.290625 0.271875 0.009375 0.0390625
1 0.47734375 0.7421875 0.0625 0.21171875
1 0.4078125 0.26953125 0.0078125 0.0328125
0 0.70859375 0.29921875 0.00546875 0.02421875
0 0.53671875 0.2703125 0.003125 0.02265625
0 0.61875 0.2828125 0.00546875 0.02265625
1 0.5390625 0.28359375 0.00625 0.028125
0 0.60078125 0.25078125 0.00234375 0.01484375
1 0.60546875 0.2515625 0.003125 0.0140625