1 0.86328125 0.45703125 0.0578125 0.1125
0 0.6203125 0.371875 0.021875 0.0484375
0 0.2546875 0.75859375 0.103125 0.20625
0 0.5515625 0.41640625 0.028125 0.0625
1 0.8421875 0.35625 0.0296875 0.0640625
0 0.51875 0.3703125 0.0171875 0.0375
1 0.79140625 0.32734375 0.0203125 0.04375
0 0.4734375 0.48515625 0.04375 0.0890625
0 0.5375 0.334375 0.0109375 0.025
1 0.615625 0.33671875 0.0125 0.03125
0 0.4859375 0.35859375 0.0125 0.0296875
1 0.68203125 0.3328125 0.015625 0.0359375
0 0.621875 0.31171875 0.009375 0.0203125
0 0.72109375 0.28984375 0.009375 0.01875
1 0.81640625 0.278125 0.0109375 0.021875
1 0.7390625 0.29296875 0.0109375 0.021875
0 0.8234375 0.2703125 0.009375 0.0203125
1 0.6625 0.31171875 0.0109375 0.025
1 0.60625 0.328125 0.0109375 0.0265625
1 0.89140625 0.26640625 0.0109375 0.0234375