1 0.5359375 0.4203125 0.0234375 0.0796875
0 0.34765625 0.32734375 0.015625 0.0484375
0 0.23984375 0.36484375 0.025 0.071875
1 0.528125 0.28671875 0.0078125 0.021875
0 0.44765625 0.296875 0.009375 0.03125
0 0.4640625 0.29375 0.0078125 0.028125
1 0.5546875 0.3609375 0.015625 0.053125
1 0.4859375 0.27734375 0.0078125 0.0203125
0 0.38984375 0.2671875 0.0078125 0.021875
1 0.5375 0.2703125 0.0046875 0.0140625
0 0.53203125 0.265625 0.003125 0.0140625
0 0.28671875 0.2515625 0.00625 0.0203125
1 0.5796875 0.27578125 0.0046875 0.015625
1 0.5828125 0.3078125 0.0078125 0.028125
1 0.52890625 0.5640625 0.040625 0.1453125
0 0.4203125 0.27421875 0.00625 0.0234375
0 0.36015625 0.26328125 0.00625 0.0203125
1 0.50234375 0.26484375 0.0046875 0.0171875
1 0.325 0.25078125 0.00625 0.0171875
0 0.45859375 0.2859375 0.00625 0.025
1 0.340625 0.24453125 0.0046875 0.015625
1 0.5640625 0.296875 0.00625 0.025
0 0.51171875 0.2640625 0.0046875 0.0140625
1 0.65 0.284375 0.0046875 0.0140625
1 0.30078125 0.246875 0.00625 0.0171875
1 0.45078125 0.2578125 0.0046875 0.015625
0 0.44296875 0.2796875 0.00625 0.021875
1 0.578125 0.315625 0.009375 0.0328125
1 0.3796875 0.24921875 0.0046875 0.0140625
1 0.6921875 0.2859375 0.0046875 0.0140625
0 0.62421875 0.27578125 0.003125 0.0125
1 0.29375 0.24140625 0.0046875 0.015625
0 0.3171875 0.240625 0.0046875 0.0140625
1 0.6171875 0.28046875 0.003125 0.015625
0 0.63671875 0.278125 0.003125 0.0140625
1 0.39453125 0.2609375 0.00625 0.0203125
0 0.64375 0.278125 0.0015625 0.0109375
1 0.2875 0.24296875 0.0046875 0.0171875
0 0.5875 0.27421875 0.003125 0.0140625
0 0.56171875 0.2703125 0.0046875 0.0140625
0 0.46484375 0.25625 0.003125 0.0140625
1 0.44375 0.2671875 0.003125 0.01875
1 0.703125 0.2859375 0.003125 0.0109375
1 0.31015625 0.2421875 0.0046875 0.0140625
1 0.684375 0.28515625 0.003125 0.0140625
0 0.41484375 0.24921875 0.003125 0.0140625
1 0.4171875 0.253125 0.003125 0.0140625
0 0.70546875 0.28359375 0.0015625 0.0109375
0 0.64609375 0.278125 0.003125 0.0109375
0 0.40703125 0.309375 0.0078125 0.040625
0 0.60390625 0.275 0.0046875 0.0140625
0 0.671875 0.284375 0.0046875 0.0140625
0 0.6546875 0.27734375 0.003125 0.0109375
0 0.23359375 0.24296875 0.00625 0.0203125
0 0.21640625 0.2375 0.00625 0.0171875
0 0.26953125 0.23671875 0.0046875 0.015625
0 0.23203125 0.23359375 0.0046875 0.015625
0 0.365625 0.2453125 0.003125 0.0140625
0 0.6796875 0.28046875 0.003125 0.0125
0 0.73125 0.28828125 0.003125 0.0125
0 0.76171875 0.2921875 0.003125 0.0125
0 0.77890625 0.2953125 0.003125 0.0125
0 0.80078125 0.2984375 0.003125 0.0125
0 0.81640625 0.3 0.003125 0.0109375
0 0.8265625 0.3015625 0.003125 0.0125
0 0.84609375 0.303125 0.003125 0.0140625
0 0.91953125 0.31484375 0.003125 0.0125
0 0.88125 0.3078125 0.003125 0.0140625
1 0.7203125 0.2875 0.003125 0.015625
1 0.765625 0.29375 0.003125 0.0140625
1 0.79375 0.2984375 0.003125 0.0140625
1 0.83125 0.30390625 0.003125 0.0140625
1 0.8546875 0.30703125 0.0046875 0.0125
1 0.8703125 0.30859375 0.0046875 0.0140625
1 0.9078125 0.31328125 0.0046875 0.0125
1 0.9359375 0.31640625 0.0046875 0.0140625
1 0.88359375 0.31015625 0.003125 0.0109375