0 0.5640625 0.2875 0.015625 0.05625
0 0.48125 0.26484375 0.0109375 0.0421875
0 0.59453125 0.309375 0.0203125 0.0671875
0 0.63515625 0.3484375 0.0265625 0.0859375
0 0.640625 0.42734375 0.0359375 0.121875
0 0.43828125 0.2609375 0.009375 0.0359375
0 0.51875 0.27265625 0.0125 0.0453125
1 0.46640625 0.2328125 0.0078125 0.0265625
1 0.76015625 0.24765625 0.015625 0.05
1 0.67890625 0.23671875 0.0109375 0.0421875
0 0.31328125 0.25703125 0.00625 0.0265625
0 0.5859375 0.54375 0.0546875 0.171875
0 0.4046875 0.26015625 0.009375 0.0328125
1 0.390625 0.23046875 0.00625 0.025
0 0.87890625 0.15546875 0.0046875 0.015625
1 0.61171875 0.23359375 0.0109375 0.0359375
1 0.5109375 0.2328125 0.0078125 0.028125
0 0.2921875 0.25078125 0.00625 0.0234375
0 0.778125 0.16875 0.0046875 0.0171875
0 0.365625 0.25859375 0.0078125 0.03125
0 0.90546875 0.14921875 0.0046875 0.0171875
0 0.9140625 0.13984375 0.003125 0.0140625
0 0.52265625 0.19765625 0.003125 0.015625
0 0.646875 0.18203125 0.003125 0.015625
0 0.88671875 0.14609375 0.003125 0.015625
0 0.3984375 0.21796875 0.0046875 0.0171875
0 0.584375 0.190625 0.003125 0.0140625
1 0.5515625 0.23203125 0.009375 0.03125
1 0.64140625 0.1875 0.0046875 0.0171875
0 0.815625 0.16484375 0.0046875 0.01875
0 0.3484375 0.2296875 0.0046875 0.0171875
0 0.45859375 0.2078125 0.003125 0.0140625
1 0.40859375 0.234375 0.00625 0.0234375
1 0.78828125 0.171875 0.00625 0.01875
0 0.89453125 0.15234375 0.0046875 0.0171875
1 0.5734375 0.1953125 0.0046875 0.0171875
1 0.40546875 0.22265625 0.0046875 0.01875
0 0.85 0.1609375 0.0046875 0.0171875
0 0.30859375 0.240625 0.0046875 0.0171875
1 0.4375 0.21640625 0.0046875 0.0171875
1 0.84765625 0.26484375 0.0203125 0.0609375
1 0.51484375 0.20234375 0.0046875 0.0171875
1 0.4765625 0.20859375 0.003125 0.015625
1 0.90078125 0.159375 0.00625 0.0203125
0 0.1734375 0.8078125 0.0359375 0.115625
1 0.8453125 0.16640625 0.00625 0.0203125
1 0.70625 0.18125 0.00625 0.01875
0 0.70703125 0.16875 0.0046875 0.0171875