0 0.13828125 0.49296875 0.0640625 0.1234375
0 0.7828125 0.4875 0.0171875 0.0359375
1 0.4875 0.4953125 0.034375 0.075
0 0.92578125 0.53203125 0.0203125 0.040625
1 0.71171875 0.49375 0.021875 0.0484375
1 0.33515625 0.39375 0.015625 0.0390625
1 0.2078125 0.40234375 0.0296875 0.0625
1 0.478125 0.425 0.01875 0.040625
1 0.89296875 0.59140625 0.0375 0.075
1 0.6 0.4578125 0.01875 0.04375
0 0.225 0.35 0.015625 0.0328125
0 0.64609375 0.45 0.015625 0.034375
0 0.18671875 0.59765625 0.0796875 0.1703125
0 0.365625 0.3796875 0.0140625 0.03125
0 0.50625 0.41328125 0.0140625 0.03125
1 0.61640625 0.56640625 0.046875 0.0953125
1 0.19765625 0.3640625 0.0203125 0.04375
1 0.328125 0.4375 0.03125 0.065625
1 0.80546875 0.74140625 0.084375 0.1640625
1 0.834375 0.5328125 0.0265625 0.053125