0 0.7078125 0.290625 0.0109375 0.0296875
0 0.83359375 0.303125 0.0125 0.0328125
1 0.89140625 0.32890625 0.0171875 0.04375
0 0.2484375 0.29609375 0.0125 0.034375
1 0.70234375 0.53515625 0.053125 0.140625
1 0.36171875 0.46953125 0.0484375 0.109375
0 0.4734375 0.2828125 0.009375 0.028125
1 0.5 0.29296875 0.0109375 0.03125
1 0.2609375 0.3234375 0.0171875 0.046875
1 0.41015625 0.29765625 0.0140625 0.0359375
1 0.78671875 0.31171875 0.0140625 0.0359375
0 0.3578125 0.28671875 0.0109375 0.0296875
1 0.690625 0.3015625 0.0125 0.034375
1 0.225 0.4 0.0296875 0.0796875
0 0.14453125 0.31484375 0.015625 0.040625
1 0.3296875 0.30703125 0.015625 0.0390625
0 0.590625 0.284375 0.009375 0.0265625
1 0.5953125 0.2953125 0.0109375 0.0296875
1 0.21875 0.35234375 0.015625 0.0609375