1 0.83515625 0.63984375 0.0484375 0.1140625
0 0.496875 0.43359375 0.015625 0.040625
1 0.72734375 0.53046875 0.028125 0.065625
0 0.9015625 0.50859375 0.0140625 0.0375
1 0.81953125 0.503125 0.01875 0.04375
1 0.728125 0.471875 0.015625 0.0359375
1 0.67890625 0.4859375 0.0203125 0.0484375
1 0.7296875 0.43984375 0.0078125 0.0203125
1 0.846875 0.453125 0.0078125 0.01875
0 0.33984375 0.61328125 0.0640625 0.1515625
1 0.89375 0.47421875 0.009375 0.0203125
1 0.8609375 0.5359375 0.025 0.0578125
0 0.75859375 0.4328125 0.0078125 0.0171875
0 0.87421875 0.4828125 0.0109375 0.028125
0 0.4859375 0.4953125 0.028125 0.071875
1 0.66875 0.43046875 0.009375 0.021875
0 0.709375 0.4234375 0.0078125 0.01875
1 0.784375 0.44765625 0.009375 0.0203125
0 0.46328125 0.409375 0.0125 0.03125
1 0.82734375 0.453125 0.0078125 0.0203125
0 0.584375 0.40078125 0.0078125 0.0203125
1 0.7421875 0.44921875 0.009375 0.0234375
1 0.85859375 0.453125 0.00625 0.0171875
1 0.79609375 0.45859375 0.009375 0.0234375
1 0.58984375 0.43828125 0.0125 0.0328125
0 0.81484375 0.471875 0.009375 0.028125
1 0.9359375 0.4796875 0.0078125 0.021875
0 0.64921875 0.41328125 0.0078125 0.01875
0 0.834375 0.44140625 0.00625 0.0140625
0 0.95703125 0.46796875 0.0046875 0.0140625
0 0.51015625 0.45390625 0.01875 0.0484375
1 0.59921875 0.41875 0.009375 0.025
0 0.48359375 0.38671875 0.009375 0.021875
1 0.565625 0.4171875 0.0109375 0.025
1 0.84921875 0.46640625 0.009375 0.021875
0 0.46171875 0.39765625 0.009375 0.0265625
1 0.89140625 0.45625 0.00625 0.015625
0 0.8078125 0.43828125 0.00625 0.015625
0 0.52265625 0.38984375 0.009375 0.0203125
1 0.8703125 0.453125 0.00625 0.015625
0 0.79140625 0.43671875 0.00625 0.0171875
1 0.634375 0.46015625 0.015625 0.0390625
0 0.87421875 0.44921875 0.00625 0.015625
1 0.578125 0.42734375 0.0109375 0.028125
0 0.915625 0.45859375 0.0046875 0.0140625
1 0.6828125 0.45 0.0125 0.0296875
1 0.6875 0.44375 0.009375 0.025
0 0.91171875 0.4890625 0.0109375 0.025
0 0.81015625 0.478125 0.0125 0.0296875