0 0.85234375 0.228125 0.028125 0.0671875
0 0.71328125 0.221875 0.0203125 0.05
0 0.68671875 0.18828125 0.0140625 0.0359375
0 0.79453125 0.153125 0.0109375 0.028125
1 0.7109375 0.30078125 0.0375 0.0890625
0 0.6734375 0.2078125 0.015625 0.040625
1 0.55546875 0.26484375 0.021875 0.05625
0 0.73046875 0.1703125 0.0125 0.0296875
1 0.54296875 0.23203125 0.0140625 0.0390625
1 0.84140625 0.1328125 0.0109375 0.025
1 0.7390625 0.1546875 0.0109375 0.025
0 0.77890625 0.45546875 0.0765625 0.1671875
1 0.65546875 0.178125 0.0109375 0.0265625
1 0.5859375 0.203125 0.0125 0.03125
0 0.8765625 0.134375 0.0125 0.0296875