0 0.1078125 0.6390625 0.0421875 0.0578125
0 0.20859375 0.59296875 0.021875 0.034375
0 0.23671875 0.57578125 0.015625 0.025
0 0.19765625 0.56328125 0.0140625 0.021875
0 0.11171875 0.55390625 0.0125 0.01875
0 0.2078125 0.5390625 0.00625 0.0109375
0 0.21171875 0.5375 0.0046875 0.0078125
0 0.21484375 0.53828125 0.003125 0.0078125
0 0.21953125 0.53671875 0.0046875 0.0078125
1 0.79375 0.7953125 0.09375 0.1203125
1 0.55546875 0.65546875 0.0390625 0.0546875
1 0.44453125 0.59921875 0.021875 0.0328125
1 0.42421875 0.58046875 0.0140625 0.0234375
1 0.35625 0.56484375 0.0125 0.01875
1 0.30234375 0.559375 0.0109375 0.0171875
1 0.22109375 0.55234375 0.0125 0.0171875
1 0.11875 0.52578125 0.00625 0.0109375
1 0.115625 0.54609375 0.009375 0.015625
1 0.128125 0.534375 0.00625 0.009375
1 0.13515625 0.5359375 0.00625 0.009375
1 0.1453125 0.534375 0.00625 0.009375
1 0.15390625 0.534375 0.0046875 0.009375
1 0.16015625 0.534375 0.0046875 0.0078125