1 0.81015625 0.396875 0.0265625 0.0609375
0 0.59140625 0.44921875 0.028125 0.0640625
0 0.57578125 0.371875 0.009375 0.025
1 0.72421875 0.359375 0.015625 0.0359375
1 0.83984375 0.465625 0.0453125 0.0953125
0 0.46640625 0.55625 0.0484375 0.1015625
1 0.76015625 0.36875 0.0203125 0.0453125
0 0.66171875 0.34296875 0.0109375 0.0203125
1 0.796875 0.3171875 0.0109375 0.021875
0 0.58125 0.3828125 0.0125 0.028125
0 0.71015625 0.3296875 0.009375 0.01875
0 0.76328125 0.3171875 0.009375 0.01875
1 0.68046875 0.346875 0.009375 0.021875
0 0.615625 0.3578125 0.009375 0.0203125
1 0.94453125 0.6640625 0.096875 0.184375
0 0.59765625 0.41015625 0.0203125 0.0453125
1 0.73046875 0.33203125 0.0109375 0.021875
0 0.58984375 0.38984375 0.0125 0.034375
1 0.86171875 0.30546875 0.0109375 0.025
1 0.690625 0.35390625 0.0125 0.0265625
0 0.8328125 0.3015625 0.0109375 0.021875