0 0.55625 0.375 0.0109375 0.0203125
0 0.45078125 0.44765625 0.021875 0.0421875
0 0.48515625 0.3796875 0.009375 0.0171875
0 0.08671875 0.446875 0.0109375 0.0203125
0 0.58671875 0.3953125 0.015625 0.03125
0 0.5984375 0.37890625 0.0125 0.025
0 0.39921875 0.390625 0.0109375 0.015625
0 0.3046875 0.4046875 0.009375 0.0171875
1 0.146875 0.5 0.021875 0.0421875
1 0.47578125 0.3984375 0.0140625 0.025
1 0.33046875 0.45078125 0.0203125 0.0359375
1 0.85 0.6171875 0.103125 0.1640625
1 0.1078125 0.44765625 0.0125 0.0203125
1 0.2 0.42734375 0.0109375 0.0203125
1 0.284375 0.41328125 0.0109375 0.01875
1 0.353125 0.403125 0.0125 0.0203125
1 0.4171875 0.3953125 0.0109375 0.01875
1 0.46171875 0.39375 0.0125 0.021875
1 0.41875 0.50078125 0.03125 0.065625
1 0.446875 0.4140625 0.0171875 0.0296875