0 0.08125 0.5203125 0.071875 0.1359375
0 0.13984375 0.3125 0.01875 0.0296875
0 0.2546875 0.34921875 0.01875 0.03125
0 0.30546875 0.36953125 0.0203125 0.034375
0 0.33515625 0.428125 0.0375 0.0625
0 0.36328125 0.38984375 0.021875 0.0375
0 0.3796875 0.41015625 0.0296875 0.0484375
0 0.91015625 0.48828125 0.015625 0.0171875
1 0.12890625 0.29375 0.015625 0.0265625
1 0.2375 0.321875 0.015625 0.0265625
1 0.346875 0.35546875 0.0171875 0.028125
1 0.44765625 0.3890625 0.01875 0.0328125
1 0.56171875 0.43125 0.0203125 0.034375
1 0.66015625 0.471875 0.028125 0.046875
1 0.7390625 0.528125 0.040625 0.0640625