0 0.95625 0.29375 0.0125 0.0265625
0 0.378125 0.2609375 0.0203125 0.04375
0 0.91171875 0.28671875 0.0125 0.025
0 0.57265625 0.35078125 0.034375 0.0734375
0 0.4875 0.29375 0.0234375 0.05
0 0.5328125 0.31484375 0.0265625 0.059375
0 0.821875 0.26875 0.0109375 0.0234375
0 0.365625 0.22734375 0.0125 0.028125
0 0.3390625 0.23828125 0.015625 0.034375
1 0.81484375 0.35625 0.0296875 0.0609375
0 0.42421875 0.22421875 0.0109375 0.0234375
1 0.71640625 0.3125 0.0234375 0.0484375
1 0.9546875 0.4375 0.0453125 0.090625
1 0.50546875 0.25703125 0.015625 0.034375
1 0.621875 0.28359375 0.0203125 0.040625
1 0.78984375 0.27109375 0.0109375 0.025
1 0.59609375 0.24296875 0.0109375 0.025
0 0.57265625 0.49609375 0.0625 0.1390625
0 0.5796875 0.23359375 0.0109375 0.0203125
1 0.890625 0.2921875 0.0140625 0.028125
0 0.73984375 0.25390625 0.0109375 0.021875
1 0.73046875 0.26015625 0.0125 0.025
1 0.96953125 0.30703125 0.015625 0.03125
0 0.596875 0.40078125 0.0421875 0.0921875
0 0.49921875 0.22734375 0.009375 0.0203125
1 0.54140625 0.23828125 0.0125 0.025
0 0.6578125 0.2421875 0.0109375 0.021875
0 0.4078125 0.69296875 0.1125 0.246875
1 0.50546875 0.2375 0.0109375 0.025
1 0.66484375 0.25078125 0.0109375 0.0234375
1 0.47578125 0.25 0.0140625 0.028125
1 0.47734375 0.2390625 0.0125 0.028125