1 0.884375 0.58359375 0.0734375 0.1546875
0 0.27265625 0.7046875 0.08125 0.175
0 0.6453125 0.4171875 0.025 0.05625
1 0.859375 0.44140625 0.0390625 0.0828125
0 0.65625 0.38515625 0.0171875 0.040625
0 0.5265625 0.49296875 0.0375 0.0828125
1 0.87109375 0.3109375 0.0109375 0.0234375
0 0.68203125 0.33984375 0.009375 0.021875
1 0.78515625 0.3453125 0.015625 0.0328125
0 0.73125 0.328125 0.009375 0.0203125
0 0.78046875 0.31640625 0.009375 0.0203125
1 0.85546875 0.384375 0.0234375 0.0578125
0 0.653125 0.36875 0.0140625 0.0328125
1 0.75546875 0.34140625 0.0125 0.028125
1 0.80078125 0.31953125 0.009375 0.021875
0 0.83671875 0.30703125 0.009375 0.0203125
1 0.8171875 0.3546875 0.015625 0.0390625
0 0.6453125 0.36171875 0.0125 0.028125
0 0.64296875 0.35234375 0.009375 0.0203125
1 0.7484375 0.3328125 0.0109375 0.0234375
0 0.9125 0.29609375 0.0109375 0.025