0 0.51640625 0.53125 0.0484375 0.1078125
0 0.2578125 0.77109375 0.090625 0.2046875
0 0.14375 0.48515625 0.0234375 0.0546875
0 0.6765625 0.4328125 0.0296875 0.065625
0 0.3421875 0.41796875 0.015625 0.034375
0 0.27109375 0.4453125 0.0171875 0.040625
1 0.2296875 0.4296875 0.015625 0.0375
0 0.2921875 0.39296875 0.009375 0.021875
0 0.1171875 0.4125 0.0109375 0.021875
0 0.384375 0.39765625 0.015625 0.0328125
1 0.23984375 0.41015625 0.0109375 0.025
0 0.03125 0.42734375 0.0109375 0.0234375
0 0.803125 0.3953125 0.025 0.0578125
1 0.0984375 0.46640625 0.0171875 0.040625
1 0.1015625 0.4234375 0.0125 0.028125
1 0.41875 0.340625 0.0046875 0.0109375
1 0.1765625 0.4125 0.009375 0.021875
0 0.23984375 0.3953125 0.009375 0.0171875
0 0.3515625 0.390625 0.0140625 0.0296875
1 0.2640625 0.41484375 0.0125 0.03125