0 0.2125 0.49765625 0.0265625 0.0578125
0 0.29609375 0.44375 0.01875 0.0390625
0 0.37421875 0.4109375 0.0140625 0.0296875
0 0.45703125 0.390625 0.0125 0.0234375
0 0.46640625 0.35703125 0.00625 0.0140625
0 0.51171875 0.37421875 0.009375 0.01875
0 0.51796875 0.3578125 0.00625 0.0140625
0 0.540625 0.35859375 0.00625 0.0140625
0 0.5515625 0.36328125 0.009375 0.0171875
0 0.56640625 0.359375 0.0078125 0.0171875
0 0.5625 0.35859375 0.0046875 0.0140625
1 0.55703125 0.35078125 0.00625 0.0140625
1 0.503125 0.3515625 0.0046875 0.0109375
1 0.6046875 0.35078125 0.00625 0.0140625
1 0.5953125 0.38359375 0.0125 0.025
1 0.57421875 0.40234375 0.015625 0.03125
1 0.5859375 0.4296875 0.0203125 0.040625
1 0.6265625 0.47890625 0.0328125 0.065625
1 0.84453125 0.66796875 0.0953125 0.16875
1 0.65546875 0.36953125 0.0109375 0.021875
1 0.6515625 0.3515625 0.00625 0.015625
1 0.6734375 0.35703125 0.009375 0.0234375