0 0.49375 0.3171875 0.021875 0.046875
1 0.52734375 0.40078125 0.040625 0.0796875
0 0.9046875 0.465625 0.0171875 0.0359375
0 0.63203125 0.3546875 0.01875 0.0375
0 0.34609375 0.30078125 0.0296875 0.06875
0 0.146875 0.3265625 0.0578125 0.1109375
1 0.6125 0.390625 0.0296875 0.0609375
1 0.46875 0.48125 0.05625 0.11875
1 0.93828125 0.503125 0.0234375 0.046875
0 0.76640625 0.40390625 0.0171875 0.0359375
1 0.709375 0.41171875 0.021875 0.0484375
1 0.81875 0.45 0.0203125 0.0453125
1 0.5484375 0.79609375 0.0640625 0.146875