0 0.27890625 0.3765625 0.025 0.0609375
1 0.4078125 0.48203125 0.04375 0.109375
0 0.86796875 0.334375 0.015625 0.0375
1 0.9234375 0.35703125 0.0203125 0.046875
1 0.46796875 0.403125 0.03125 0.0734375
0 0.08515625 0.46484375 0.0484375 0.103125
0 0.43046875 0.34375 0.01875 0.0453125
1 0.6578125 0.353125 0.0203125 0.0484375
0 0.7171875 0.328125 0.015625 0.0375
1 0.778125 0.35 0.0171875 0.0453125
0 0.56875 0.3296875 0.0140625 0.0375
1 0.5578125 0.36796875 0.0234375 0.05625
1 0.4671875 0.72265625 0.0921875 0.2234375