0 0.78046875 0.38359375 0.0125 0.028125
0 0.684375 0.35078125 0.0125 0.0265625
0 0.85625 0.409375 0.0125 0.0296875
1 0.790625 0.40078125 0.015625 0.034375
1 0.37265625 0.5734375 0.0828125 0.178125
0 0.3984375 0.24453125 0.0109375 0.025
0 0.20703125 0.16484375 0.0109375 0.021875
0 0.34375 0.22421875 0.0109375 0.025
0 0.128125 0.13125 0.0109375 0.0234375
0 0.45 0.26484375 0.0109375 0.025
1 0.8984375 0.4390625 0.015625 0.034375
1 0.16875 0.3015625 0.04375 0.0890625
1 0.28359375 0.2046875 0.0140625 0.0296875
1 0.16875 0.1578125 0.0125 0.0265625
0 0.59921875 0.31953125 0.0125 0.028125
0 0.28046875 0.1953125 0.0109375 0.021875
1 0.22421875 0.1796875 0.0125 0.0265625
1 0.34921875 0.23125 0.0125 0.0296875
1 0.5890625 0.32890625 0.0140625 0.03125
1 0.69609375 0.3703125 0.0140625 0.0328125
1 0.4859375 0.2859375 0.0140625 0.03125
1 0.4203125 0.25859375 0.0140625 0.03125
0 0.51015625 0.28671875 0.0109375 0.0265625