1 0.84765625 0.53203125 0.03125 0.0765625
0 0.10703125 0.4359375 0.0375 0.0890625
1 0.67734375 0.57265625 0.04375 0.1109375
0 0.89453125 0.47265625 0.01875 0.0515625
0 0.73359375 0.43359375 0.015625 0.04375
0 0.23515625 0.33671875 0.0109375 0.03125
1 0.1640625 0.340625 0.0140625 0.040625
1 0.403125 0.3859375 0.0140625 0.0421875
1 0.36796875 0.42109375 0.0234375 0.0625
0 0.365625 0.359375 0.0109375 0.034375
1 0.63359375 0.45 0.01875 0.0546875
0 0.60390625 0.40546875 0.0109375 0.0359375
1 0.821875 0.79296875 0.078125 0.1828125
0 0.140625 0.3171875 0.0125 0.03125
0 0.26796875 0.5390625 0.05 0.125
1 0.53359375 0.46484375 0.025 0.06875
1 0.265625 0.36171875 0.015625 0.040625
1 0.50546875 0.41171875 0.0140625 0.0453125
0 0.50625 0.38359375 0.009375 0.0328125
1 0.20859375 0.3859375 0.021875 0.05625