1 0.546875 0.66484375 0.05 0.1875
1 0.5125 0.49921875 0.0296875 0.1171875
1 0.5359375 0.396875 0.015625 0.0703125
1 0.509375 0.35703125 0.0140625 0.053125
1 0.43984375 0.32265625 0.0109375 0.04375
1 0.38515625 0.3 0.009375 0.0390625
1 0.33671875 0.2828125 0.0078125 0.034375
1 0.28125 0.2671875 0.0078125 0.0296875
1 0.228125 0.2546875 0.00625 0.028125
1 0.17421875 0.24375 0.00625 0.0265625
1 0.134375 0.2359375 0.00625 0.025
1 0.08515625 0.22578125 0.00625 0.025
1 0.08046875 0.20625 0.0046875 0.0171875
1 0.12421875 0.2125 0.0046875 0.0171875
1 0.184375 0.2203125 0.0046875 0.0171875
1 0.25 0.22890625 0.003125 0.015625
1 0.30625 0.2359375 0.0046875 0.0140625
1 0.371875 0.24609375 0.003125 0.015625
1 0.4140625 0.25234375 0.003125 0.0140625
1 0.45234375 0.25703125 0.003125 0.0140625
1 0.48671875 0.26015625 0.003125 0.0140625
1 0.6875 0.2921875 0.003125 0.0125
1 0.72265625 0.3 0.003125 0.0125
1 0.765625 0.30859375 0.003125 0.0140625
1 0.803125 0.31640625 0.003125 0.0140625
1 0.83984375 0.32265625 0.003125 0.0140625
1 0.871875 0.32890625 0.0046875 0.0140625
1 0.90625 0.33515625 0.003125 0.0140625
0 0.11640625 0.3984375 0.0328125 0.0984375
0 0.2390625 0.3546875 0.0203125 0.0703125
0 0.26015625 0.3328125 0.015625 0.0609375
0 0.25234375 0.31015625 0.0109375 0.05
0 0.225 0.29140625 0.0109375 0.04375
0 0.1984375 0.278125 0.009375 0.040625
0 0.1578125 0.2640625 0.0078125 0.0375
0 0.11796875 0.25234375 0.0078125 0.034375
0 0.0703125 0.24140625 0.0078125 0.0328125
0 0.05546875 0.2 0.003125 0.015625
0 0.12890625 0.20859375 0.003125 0.0140625
0 0.76875 0.30703125 0.003125 0.0125
0 0.69765625 0.29140625 0.003125 0.0109375
0 0.79765625 0.31171875 0.003125 0.0140625
0 0.82265625 0.3171875 0.003125 0.0125
0 0.84609375 0.3203125 0.003125 0.0125
0 0.86953125 0.325 0.003125 0.0140625
0 0.91640625 0.334375 0.003125 0.0140625