0 0.87578125 0.346875 0.0234375 0.059375
0 0.76796875 0.39609375 0.034375 0.084375
0 0.54140625 0.50703125 0.0578125 0.1421875
0 0.9671875 0.325 0.01875 0.0484375
1 0.6765625 0.1875 0.0046875 0.0140625
0 0.54765625 0.17890625 0.0046875 0.015625
1 0.72734375 0.19140625 0.0046875 0.0140625
0 0.7140625 0.196875 0.0078125 0.0171875
0 0.640625 0.1921875 0.00625 0.0171875
0 0.50859375 0.1765625 0.0046875 0.0125
0 0.51328125 0.1765625 0.003125 0.0109375
0 0.55390625 0.1765625 0.003125 0.0109375
1 0.62734375 0.18203125 0.00625 0.0140625
0 0.81796875 0.20078125 0.00625 0.0140625
0 0.7765625 0.20078125 0.00625 0.0171875
1 0.76796875 0.19296875 0.0046875 0.0140625
0 0.52109375 0.17578125 0.0046875 0.0140625
0 0.86171875 0.20390625 0.0046875 0.009375
0 0.5875 0.1859375 0.0046875 0.0171875
0 0.5296875 0.1765625 0.003125 0.0109375