0 0.403125 0.5140625 0.0390625 0.084375
0 0.3109375 0.62734375 0.065625 0.134375
1 0.33125 0.46015625 0.0203125 0.0453125
1 0.85859375 0.41171875 0.03125 0.0703125
1 0.19375 0.4875 0.0203125 0.046875
0 0.29296875 0.4953125 0.025 0.0578125
0 0.728125 0.3625 0.0140625 0.03125
1 0.6640625 0.3859375 0.0171875 0.0375
1 0.83046875 0.61328125 0.08125 0.1703125
1 0.77890625 0.38671875 0.021875 0.0484375
0 0.840625 0.34765625 0.0140625 0.034375
1 0.75546875 0.37265625 0.01875 0.040625
0 0.1609375 0.4671875 0.0125 0.03125
1 0.48515625 0.41171875 0.015625 0.03125
1 0.38203125 0.43203125 0.0140625 0.03125
0 0.6171875 0.37890625 0.0125 0.0265625
1 0.58046875 0.396875 0.0140625 0.0328125
1 0.275 0.45390625 0.0140625 0.034375
0 0.2796875 0.44375 0.0109375 0.025
0 0.50234375 0.39921875 0.0109375 0.0265625
0 0.3890625 0.421875 0.0125 0.028125
1 0.565625 0.43828125 0.025 0.0578125
1 0.4484375 0.4453125 0.01875 0.0421875
0 0.05859375 0.5640625 0.028125 0.078125
1 0.15859375 0.478125 0.0171875 0.0359375
1 0.678125 0.47421875 0.040625 0.084375