0 0.92734375 0.4671875 0.015625 0.0453125
1 0.61171875 0.6015625 0.0453125 0.125
0 0.15703125 0.36953125 0.015625 0.040625
1 0.3 0.43359375 0.025 0.065625
1 0.86171875 0.5234375 0.03125 0.071875
0 0.2453125 0.359375 0.0140625 0.03125
0 0.0515625 0.56953125 0.0390625 0.1390625
1 0.78828125 0.4734375 0.0203125 0.053125
0 0.76875 0.403125 0.0078125 0.0234375
0 0.7109375 0.38984375 0.0078125 0.021875
1 0.60859375 0.3859375 0.0078125 0.025
1 0.5140625 0.378125 0.009375 0.028125
0 0.8 0.41640625 0.0109375 0.0296875
0 0.37578125 0.35859375 0.009375 0.025
0 0.8578125 0.4375 0.0125 0.034375
0 0.32109375 0.35859375 0.009375 0.0265625
1 0.67265625 0.41328125 0.0109375 0.0359375
0 0.46328125 0.36015625 0.00625 0.0203125
0 0.58828125 0.3734375 0.00625 0.0203125
1 0.3265625 0.38046875 0.0125 0.0375
1 0.7328125 0.44140625 0.015625 0.040625
1 0.2671875 0.3953125 0.0171875 0.0453125
1 0.41953125 0.49453125 0.034375 0.0875
1 0.409375 0.375 0.0109375 0.03125
0 0.65390625 0.38125 0.0078125 0.0203125
0 0.52890625 0.36875 0.009375 0.025