0 0.47109375 0.253125 0.00625 0.021875
0 0.44375 0.25078125 0.0078125 0.025
0 0.33671875 0.23125 0.009375 0.0265625
0 0.290625 0.221875 0.0078125 0.0265625
1 0.26796875 0.234375 0.0109375 0.0328125
0 0.396875 0.2421875 0.0078125 0.025
0 0.18515625 0.2 0.009375 0.028125
1 0.44765625 0.2671875 0.0109375 0.03125
1 0.5203125 0.278125 0.009375 0.028125
0 0.503125 0.2578125 0.00625 0.021875
0 0.8109375 0.31171875 0.003125 0.0109375
1 0.56953125 0.28203125 0.0078125 0.025
1 0.7625 0.3078125 0.0046875 0.0140625
1 0.1359375 0.20390625 0.0125 0.034375
1 0.7953125 0.3109375 0.003125 0.0125
1 0.59609375 0.28515625 0.00625 0.0203125
1 0.78125 0.3109375 0.0046875 0.0140625
1 0.78828125 0.31015625 0.0046875 0.0140625
0 0.9578125 0.3515625 0.0046875 0.0109375
1 0.134375 0.4046875 0.0453125 0.11875
0 0.58828125 0.26015625 0.0046875 0.0140625
0 0.7109375 0.29140625 0.003125 0.0140625
0 0.553125 0.25234375 0.003125 0.0140625
0 0.665625 0.28046875 0.003125 0.0140625
1 0.815625 0.31484375 0.003125 0.0109375
1 0.840625 0.32109375 0.0046875 0.0125
1 0.903125 0.3390625 0.003125 0.0125
0 0.7328125 0.29453125 0.0046875 0.0140625
0 0.8546875 0.32265625 0.003125 0.0109375
0 0.7765625 0.303125 0.003125 0.0109375
1 0.721875 0.29765625 0.0046875 0.015625
1 0.35234375 0.2515625 0.0109375 0.03125
0 0.7453125 0.29609375 0.003125 0.0109375
0 0.7265625 0.2953125 0.003125 0.0125
1 0.871875 0.32890625 0.0046875 0.0125
1 0.41484375 0.62265625 0.06875 0.19375
1 0.93984375 0.34921875 0.0046875 0.0125
1 0.6859375 0.2890625 0.0046875 0.0171875
1 0.6234375 0.27421875 0.0046875 0.0171875
0 0.68828125 0.2859375 0.003125 0.0140625
0 0.51875 0.25859375 0.0046875 0.0203125
0 0.521875 0.253125 0.0046875 0.0171875
0 0.52578125 0.24921875 0.0046875 0.015625
0 0.5265625 0.2578125 0.00625 0.01875
1 0.5953125 0.271875 0.0046875 0.0171875
1 0.6015625 0.26953125 0.0046875 0.0171875
1 0.60546875 0.28203125 0.00625 0.0203125
1 0.6078125 0.27890625 0.0046875 0.0203125
0 0.62578125 0.27109375 0.0046875 0.0140625