0 0.83828125 0.3625 0.028125 0.0609375
0 0.053125 0.51484375 0.025 0.0515625
0 0.625 0.38828125 0.0203125 0.046875
1 0.3421875 0.42421875 0.01875 0.0375
1 0.2796875 0.478125 0.0265625 0.0578125
1 0.3828125 0.51796875 0.0390625 0.0859375
1 0.92421875 0.42578125 0.046875 0.0953125
0 0.44609375 0.38671875 0.0125 0.0328125
1 0.13125 0.4734375 0.015625 0.034375
1 0.5015625 0.4375 0.028125 0.0609375
0 0.37421875 0.390625 0.0109375 0.0265625
1 0.1921875 0.45859375 0.015625 0.034375
1 0.25234375 0.42890625 0.0125 0.025
0 0.41796875 0.38359375 0.0109375 0.0265625
0 0.515625 0.38984375 0.0171875 0.0375
0 0.21953125 0.43046875 0.0109375 0.021875
1 0.3171875 0.41875 0.0125 0.0296875
1 0.40703125 0.4296875 0.021875 0.0453125
1 0.10703125 0.46953125 0.0109375 0.025
1 0.1875 0.4453125 0.009375 0.025
1 0.2453125 0.45390625 0.01875 0.040625
1 0.61640625 0.52578125 0.05625 0.1109375
1 0.65625 0.4375 0.034375 0.075
0 0.1203125 0.4609375 0.0109375 0.0203125
1 0.3109375 0.41328125 0.0109375 0.025
0 0.303125 0.41015625 0.0109375 0.021875