1 0.53671875 0.390625 0.01875 0.0671875
0 0.2078125 0.365625 0.021875 0.075
0 0.57734375 0.32734375 0.009375 0.0390625
0 0.4765625 0.32421875 0.009375 0.0421875
0 0.77109375 0.34296875 0.0078125 0.0328125
1 0.68203125 0.3703125 0.0140625 0.05
0 0.66640625 0.33046875 0.0078125 0.0328125
1 0.853125 0.38203125 0.0125 0.04375
0 0.37109375 0.33046875 0.0140625 0.0484375
0 0.87734375 0.35625 0.00625 0.03125
1 0.49296875 0.54296875 0.0390625 0.1390625
1 0.1453125 0.22734375 0.0046875 0.015625
1 0.11015625 0.21953125 0.003125 0.0140625
0 0.51328125 0.26640625 0.0046875 0.0203125
1 0.07109375 0.2234375 0.0046875 0.01875
1 0.51796875 0.26640625 0.0046875 0.0171875