0 0.171875 0.55546875 0.084375 0.1671875
0 0.3984375 0.40546875 0.03125 0.0609375
0 0.8015625 0.4765625 0.0171875 0.0375
0 0.35078125 0.4453125 0.04375 0.0859375
1 0.77265625 0.49140625 0.0234375 0.05
0 0.9078125 0.521875 0.0203125 0.0421875
1 0.68046875 0.5765625 0.0484375 0.096875
0 0.35234375 0.33671875 0.015625 0.034375
1 0.55625 0.43359375 0.025 0.0515625
0 0.3546875 0.36015625 0.021875 0.0453125
0 0.9359375 0.5140625 0.0140625 0.0296875
1 0.6328125 0.496875 0.034375 0.0671875
1 0.85859375 0.475 0.0109375 0.025
1 0.64140625 0.4046875 0.0125 0.025
1 0.91640625 0.55 0.0265625 0.0546875
0 0.84453125 0.478125 0.0140625 0.03125
0 0.72734375 0.4453125 0.015625 0.034375
1 0.67734375 0.45078125 0.01875 0.040625
1 0.91953125 0.50078125 0.0109375 0.025
1 0.84140625 0.8296875 0.109375 0.2015625
1 0.61875 0.42109375 0.0171875 0.0359375
1 0.48671875 0.35703125 0.0125 0.025
0 0.89140625 0.484375 0.0109375 0.021875
1 0.52265625 0.3625 0.0109375 0.025
0 0.4625 0.3390625 0.009375 0.021875
0 0.62421875 0.384375 0.0078125 0.0171875
0 0.515625 0.3515625 0.009375 0.0203125
1 0.59453125 0.4046875 0.0140625 0.03125
1 0.47265625 0.37265625 0.015625 0.034375
1 0.49921875 0.39765625 0.0203125 0.040625
0 0.95234375 0.5078125 0.009375 0.01875
0 0.7734375 0.4515625 0.0125 0.0296875
1 0.7234375 0.42421875 0.009375 0.0203125
0 0.40859375 0.3296875 0.0109375 0.0234375
1 0.83125 0.4671875 0.0125 0.0265625
1 0.79453125 0.45078125 0.0109375 0.0234375
0 0.36796875 0.3265625 0.0140625 0.0296875
1 0.65625 0.4 0.0109375 0.021875
0 0.76484375 0.43828125 0.009375 0.01875
1 0.7375 0.43203125 0.0109375 0.0234375
1 0.60546875 0.4015625 0.0125 0.028125
1 0.4796875 0.3640625 0.0125 0.028125
0 0.565625 0.36484375 0.0078125 0.0203125
1 0.68203125 0.4140625 0.0109375 0.025
1 0.5984375 0.38046875 0.0078125 0.0203125
1 0.5625 0.371875 0.0109375 0.021875
0 0.73125 0.43984375 0.0125 0.03125
0 0.690625 0.4078125 0.009375 0.0203125
1 0.9125 0.49609375 0.009375 0.0234375