0 0.17890625 0.47578125 0.0328125 0.0984375
0 0.5265625 0.4265625 0.01875 0.0609375
0 0.3515625 0.36796875 0.0109375 0.0421875
1 0.08828125 0.37734375 0.021875 0.059375
1 0.69296875 0.43671875 0.0203125 0.059375
0 0.52890625 0.509375 0.0328125 0.1015625
1 0.64296875 0.40546875 0.0125 0.0453125
0 0.50390625 0.36875 0.0109375 0.0328125
0 0.3375 0.328125 0.0078125 0.025
0 0.19140625 0.74765625 0.04375 0.16875
1 0.80078125 0.51484375 0.03125 0.0890625
1 0.9125 0.765625 0.0609375 0.2078125
0 0.40625 0.3296875 0.00625 0.0234375
1 0.55859375 0.3484375 0.00625 0.021875
0 0.4921875 0.340625 0.00625 0.021875
1 0.1421875 0.3390625 0.0140625 0.0421875
1 0.5390625 0.33125 0.0046875 0.0171875
0 0.40390625 0.3125 0.0046875 0.0171875
0 0.28671875 0.3421875 0.0109375 0.034375
0 0.4140625 0.30859375 0.003125 0.0140625
1 0.603125 0.378125 0.0109375 0.0328125
0 0.421875 0.31953125 0.00625 0.0171875
1 0.54765625 0.33828125 0.00625 0.0203125
0 0.44453125 0.3109375 0.0046875 0.0140625
0 0.4265625 0.32734375 0.0046875 0.0203125
0 0.4 0.309375 0.003125 0.0140625
1 0.4203125 0.30546875 0.003125 0.0140625
1 0.5125 0.31875 0.003125 0.0125
0 0.5 0.35234375 0.0078125 0.0265625
1 0.30546875 0.31484375 0.0078125 0.021875
0 0.3265625 0.4078125 0.0203125 0.0609375
1 0.57890625 0.36015625 0.0078125 0.028125
0 0.2828125 0.32890625 0.0078125 0.0296875
0 0.4875 0.3265625 0.003125 0.015625
1 0.1453125 0.31796875 0.0109375 0.034375
0 0.46953125 0.315625 0.003125 0.0125
1 0.15 0.30703125 0.00625 0.0296875
1 0.534375 0.32734375 0.003125 0.015625
1 0.46640625 0.3109375 0.003125 0.0140625
1 0.52890625 0.32421875 0.003125 0.0140625
1 0.378125 0.30078125 0.003125 0.0140625
1 0.23984375 0.31015625 0.009375 0.025
0 0.5125 0.3921875 0.0125 0.04375
1 0.3453125 0.3140625 0.00625 0.0203125
1 0.3484375 0.30859375 0.0046875 0.01875
1 0.34453125 0.30234375 0.0046875 0.0171875
0 0.490625 0.33359375 0.0046875 0.01875
0 0.48515625 0.32265625 0.003125 0.0140625
0 0.4828125 0.31953125 0.003125 0.0140625