0 0.47421875 0.640625 0.065625 0.1515625
0 0.6625 0.37734375 0.0140625 0.03125
0 0.5640625 0.48984375 0.03125 0.078125
0 0.2640625 0.42421875 0.015625 0.0359375
1 0.86328125 0.44296875 0.0359375 0.0734375
1 0.7046875 0.34921875 0.009375 0.025
0 0.3140625 0.40390625 0.015625 0.034375
0 0.6421875 0.39921875 0.01875 0.0421875
1 0.8125 0.3640625 0.015625 0.0375
0 0.55625 0.36328125 0.0125 0.028125
1 0.5109375 0.35546875 0.009375 0.0203125
1 0.7140625 0.340625 0.0078125 0.0203125
1 0.21640625 0.39921875 0.009375 0.0203125
0 0.1515625 0.45859375 0.021875 0.0515625
1 0.153125 0.40625 0.009375 0.021875
1 0.825 0.40390625 0.0234375 0.0515625
1 0.31484375 0.37265625 0.0078125 0.0171875
1 0.91171875 0.34453125 0.0140625 0.03125
0 0.446875 0.36484375 0.009375 0.0203125
0 0.3046875 0.39296875 0.0109375 0.0265625
1 0.83125 0.33984375 0.009375 0.025
1 0.2046875 0.40546875 0.0109375 0.028125
0 0.62734375 0.36015625 0.0109375 0.0265625
1 0.1421875 0.43203125 0.0140625 0.0359375
1 0.571875 0.3546875 0.009375 0.0234375
0 0.328125 0.378125 0.009375 0.025
0 0.69296875 0.36171875 0.0125 0.03125
1 0.534375 0.35078125 0.00625 0.015625
0 0.6140625 0.4359375 0.025 0.0578125
1 0.4328125 0.3546875 0.00625 0.0140625
1 0.6359375 0.353125 0.0078125 0.0203125
1 0.071875 0.425 0.0078125 0.0203125
0 0.48828125 0.3671875 0.009375 0.0203125
1 0.9359375 0.525 0.053125 0.1203125
1 0.48671875 0.35078125 0.0078125 0.01875
0 0.09140625 0.415625 0.009375 0.021875
1 0.39765625 0.3609375 0.00625 0.01875
0 0.41640625 0.36484375 0.00625 0.01875
1 0.5921875 0.346875 0.0078125 0.0203125
1 0.18359375 0.41484375 0.0125 0.028125
1 0.3078125 0.3765625 0.00625 0.015625
1 0.775 0.346875 0.009375 0.025
1 0.2703125 0.3859375 0.0078125 0.021875
0 0.515625 0.34609375 0.00625 0.0140625
1 0.76953125 0.34140625 0.0078125 0.0203125
1 0.2359375 0.39609375 0.0078125 0.0203125
0 0.690625 0.33671875 0.0078125 0.01875
1 0.45390625 0.353125 0.00625 0.0140625
0 0.90546875 0.325 0.009375 0.025
1 0.64453125 0.3453125 0.009375 0.0171875
1 0.81484375 0.35703125 0.009375 0.0265625
1 0.46640625 0.35859375 0.00625 0.0203125
0 0.35390625 0.371875 0.009375 0.0234375
1 0.3578125 0.371875 0.0078125 0.0203125
0 0.61796875 0.34375 0.00625 0.0140625
1 0.2328125 0.390625 0.0078125 0.015625
1 0.41171875 0.36171875 0.00625 0.0140625
0 0.834375 0.328125 0.0078125 0.0171875
0 0.13828125 0.4046875 0.009375 0.0234375
0 0.1890625 0.39375 0.00625 0.0171875
1 0.19296875 0.4 0.009375 0.0203125
0 0.29296875 0.3734375 0.0078125 0.0203125
0 0.40234375 0.35546875 0.0078125 0.0171875
0 0.56171875 0.3421875 0.0078125 0.0203125
0 0.7734375 0.33046875 0.009375 0.021875