1 0.3921875 0.50234375 0.0390625 0.1203125
0 0.13671875 0.3390625 0.0171875 0.0515625
1 0.9234375 0.3953125 0.0125 0.0359375
1 0.465625 0.3265625 0.009375 0.028125
0 0.36796875 0.3125 0.0078125 0.025
1 0.43203125 0.33203125 0.009375 0.03125
0 0.41171875 0.3125 0.00625 0.021875
1 0.35390625 0.3921875 0.0203125 0.065625
1 0.52265625 0.31796875 0.00625 0.021875
1 0.35 0.3578125 0.015625 0.0484375
0 0.3078125 0.315625 0.009375 0.0296875
1 0.8953125 0.32734375 0.003125 0.0125
0 0.446875 0.309375 0.00625 0.0203125
0 0.23359375 0.3203125 0.0125 0.0375
0 0.58046875 0.29140625 0.003125 0.0125
1 0.628125 0.3 0.0046875 0.0140625
0 0.61953125 0.28984375 0.003125 0.0109375
0 0.47265625 0.30625 0.00625 0.0203125
0 0.63515625 0.2875 0.003125 0.0109375
1 0.54296875 0.3140625 0.00625 0.0203125
1 0.384375 0.3390625 0.0125 0.0375
0 0.52421875 0.3 0.0046875 0.015625
1 0.90390625 0.3609375 0.00625 0.0203125
1 0.8609375 0.37265625 0.0078125 0.0265625
0 0.92109375 0.32578125 0.0046875 0.0109375
1 0.771875 0.3 0.003125 0.0109375
1 0.5828125 0.3109375 0.0046875 0.015625
1 0.64375 0.296875 0.0046875 0.0125
0 0.74296875 0.29296875 0.003125 0.0109375
0 0.60078125 0.28984375 0.003125 0.0109375
0 0.54765625 0.29765625 0.0046875 0.0140625
0 0.78984375 0.30078125 0.0046875 0.0109375
1 0.4953125 0.321875 0.0078125 0.025
0 0.6625 0.284375 0.0015625 0.009375
1 0.8578125 0.31640625 0.003125 0.0125
1 0.8578125 0.3609375 0.00625 0.0203125
1 0.6015625 0.3078125 0.0046875 0.015625
1 0.9375 0.33671875 0.003125 0.0125
1 0.67109375 0.29375 0.0046875 0.0125
1 0.61484375 0.30234375 0.0046875 0.0140625
1 0.65625 0.29609375 0.0046875 0.0109375
0 0.64765625 0.28515625 0.003125 0.0109375
0 0.8890625 0.31796875 0.003125 0.0109375
1 0.8171875 0.3078125 0.003125 0.0109375
1 0.690625 0.2921875 0.0046875 0.0109375
0 0.853125 0.3109375 0.0046875 0.0109375
1 0.725 0.29375 0.003125 0.0109375
0 0.5671875 0.29375 0.003125 0.0125
0 0.67421875 0.28515625 0.003125 0.009375
0 0.82109375 0.3046875 0.003125 0.009375
0 0.7 0.2875 0.003125 0.009375
0 0.49609375 0.3046875 0.0046875 0.0171875
1 0.56015625 0.3125 0.0046875 0.01875