0 0.4453125 0.3265625 0.0140625 0.053125
0 0.41875 0.31328125 0.0140625 0.046875
1 0.73984375 0.290625 0.0203125 0.0640625
0 0.38359375 0.30703125 0.0125 0.0421875
0 0.3828125 0.2609375 0.00625 0.021875
1 0.878125 0.3328125 0.0296875 0.0859375
0 0.45390625 0.3609375 0.0203125 0.0703125
0 0.43203125 0.24765625 0.00625 0.021875
0 0.3265625 0.2734375 0.0078125 0.025
1 0.5875 0.26875 0.0109375 0.040625
0 0.27734375 0.2890625 0.0078125 0.025
1 0.45078125 0.27109375 0.009375 0.034375
1 0.50234375 0.240625 0.00625 0.025
0 0.46171875 0.22890625 0.003125 0.015625
1 0.52890625 0.2671875 0.0109375 0.0359375
1 0.53203125 0.23046875 0.00625 0.0234375
1 0.42734375 0.2609375 0.0078125 0.025
0 0.47109375 0.2328125 0.0046875 0.0234375
1 0.80078125 0.17421875 0.00625 0.0171875
1 0.5296875 0.21640625 0.0046875 0.0171875
0 0.47578125 0.23125 0.0046875 0.0171875
0 0.328125 0.3078125 0.0109375 0.0359375
0 0.26953125 0.30390625 0.009375 0.03125
1 0.409375 0.26875 0.0078125 0.028125
1 0.703125 0.1828125 0.0046875 0.0140625
1 0.66171875 0.27421875 0.0140625 0.0484375
0 0.46328125 0.40078125 0.0265625 0.0875
0 0.45546875 0.24140625 0.00625 0.021875
0 0.775 0.171875 0.003125 0.0140625
1 0.91796875 0.1609375 0.00625 0.0171875
0 0.5421875 0.2078125 0.003125 0.0140625
1 0.5546875 0.22265625 0.0046875 0.01875
0 0.72734375 0.1765625 0.003125 0.0140625
1 0.60390625 0.19765625 0.003125 0.0140625
0 0.4390625 0.5109375 0.0390625 0.134375
0 0.84296875 0.165625 0.003125 0.0140625
0 0.90625 0.15859375 0.0046875 0.015625
0 0.48125 0.22109375 0.003125 0.015625
1 0.83828125 0.171875 0.0046875 0.0171875
0 0.68046875 0.18359375 0.003125 0.0140625
1 0.63515625 0.19140625 0.003125 0.0140625
0 0.81640625 0.16875 0.003125 0.0140625
1 0.73828125 0.17890625 0.0046875 0.0140625
1 0.67734375 0.18671875 0.003125 0.0140625
0 0.63125 0.190625 0.003125 0.0140625
1 0.771875 0.1765625 0.0046875 0.0171875
0 0.86875 0.16328125 0.0046875 0.0140625
0 0.58515625 0.1984375 0.003125 0.0140625
1 0.57578125 0.20234375 0.003125 0.0140625
0 0.23203125 0.77734375 0.040625 0.1625
1 0.55234375 0.20859375 0.003125 0.0140625
1 0.5375 0.2171875 0.003125 0.015625
0 0.50625 0.21484375 0.003125 0.0125
1 0.5359375 0.2125 0.003125 0.0140625