0 0.77421875 0.26953125 0.009375 0.025
0 0.0359375 0.4125 0.0234375 0.0546875
0 0.1953125 0.34609375 0.0140625 0.03125
0 0.10625 0.3671875 0.015625 0.0359375
1 0.2890625 0.42265625 0.0296875 0.06875
0 0.88125 0.26484375 0.009375 0.025
1 0.72734375 0.25234375 0.00625 0.0140625
0 0.29375 0.31171875 0.009375 0.0234375
0 0.884375 0.23671875 0.00625 0.0140625
1 0.25546875 0.37890625 0.0203125 0.0484375
1 0.63828125 0.278125 0.009375 0.021875
1 0.33515625 0.33359375 0.0125 0.03125
1 0.4109375 0.55859375 0.0578125 0.134375
0 0.3703125 0.2953125 0.0078125 0.0171875
0 0.67890625 0.26640625 0.0078125 0.0171875
1 0.87890625 0.2765625 0.015625 0.034375
0 0.33125 0.3046875 0.009375 0.01875
1 0.5421875 0.26015625 0.0046875 0.0125
1 0.6421875 0.2609375 0.00625 0.015625
1 0.60859375 0.2734375 0.0078125 0.01875
1 0.278125 0.35625 0.015625 0.0375
0 0.784375 0.2515625 0.0078125 0.0171875
0 0.8046875 0.24296875 0.00625 0.0140625
1 0.4296875 0.290625 0.00625 0.0171875
1 0.5578125 0.25625 0.0046875 0.0109375
1 0.47109375 0.28125 0.00625 0.0171875
1 0.68828125 0.25625 0.00625 0.0140625
0 0.7578125 0.25390625 0.00625 0.0140625
1 0.37265625 0.31796875 0.0109375 0.0265625
1 0.52265625 0.26484375 0.0046875 0.0125
0 0.69609375 0.26953125 0.0078125 0.0171875
1 0.48671875 0.275 0.0046875 0.0140625
1 0.596875 0.2484375 0.0046875 0.0109375
1 0.859375 0.23359375 0.0046875 0.0125
1 0.72265625 0.28046875 0.0125 0.028125
1 0.57265625 0.25234375 0.0046875 0.0125
1 0.79609375 0.23828125 0.0046875 0.0125
0 0.43515625 0.27578125 0.00625 0.0140625
1 0.74609375 0.24609375 0.0046875 0.0125
1 0.73203125 0.23125 0.003125 0.009375
1 0.6125 0.26875 0.0078125 0.0171875
1 0.37890625 0.30703125 0.0109375 0.0234375
1 0.8890625 0.2234375 0.0046875 0.0109375
1 0.49921875 0.2703125 0.00625 0.0140625
0 0.79921875 0.24765625 0.00625 0.0140625
1 0.396875 0.2953125 0.0078125 0.0203125
0 0.4140625 0.2828125 0.00625 0.0140625
0 0.259375 0.32578125 0.0109375 0.025
0 0.8234375 0.23984375 0.0046875 0.0125
1 0.76015625 0.23046875 0.0046875 0.009375
0 0.58515625 0.24765625 0.0046875 0.0109375
0 0.5078125 0.259375 0.0046875 0.0125
0 0.89453125 0.221875 0.0046875 0.0109375
0 0.69453125 0.25859375 0.00625 0.0140625
0 0.81796875 0.225 0.0046875 0.0109375
0 0.45859375 0.2703125 0.00625 0.0140625
1 0.82890625 0.22578125 0.0046875 0.0109375
0 0.5296875 0.2546875 0.003125 0.0109375
1 0.73359375 0.2484375 0.0046875 0.0125
0 0.7796875 0.2265625 0.0046875 0.0109375
1 0.69765625 0.234375 0.003125 0.0109375
1 0.621875 0.24453125 0.0046875 0.0109375
0 0.55234375 0.25078125 0.0046875 0.0109375
0 0.740625 0.22890625 0.003125 0.0078125
0 0.48359375 0.265625 0.003125 0.0109375
0 0.64296875 0.240625 0.0046875 0.009375
1 0.85703125 0.225 0.003125 0.0078125
1 0.79609375 0.228125 0.0046875 0.0109375
1 0.646875 0.240625 0.0046875 0.0109375
0 0.709375 0.2328125 0.003125 0.009375
0 0.6125 0.24375 0.003125 0.0109375
1 0.66640625 0.2375 0.0046875 0.0109375
0 0.67890625 0.2359375 0.003125 0.009375
0 0.72109375 0.27109375 0.0078125 0.021875
0 0.85859375 0.2234375 0.0046875 0.009375