1 0.09921875 0.47265625 0.0375 0.103125
0 0.6828125 0.30234375 0.009375 0.028125
0 0.8921875 0.32890625 0.0140625 0.0375
0 0.55078125 0.29453125 0.0078125 0.0234375
0 0.7640625 0.31484375 0.0109375 0.03125
1 0.81484375 0.35625 0.01875 0.0515625
0 0.36015625 0.29140625 0.0078125 0.0203125
0 0.4703125 0.29375 0.00625 0.021875
1 0.57109375 0.6984375 0.071875 0.21875
1 0.6078125 0.31796875 0.0109375 0.0328125
1 0.15703125 0.30390625 0.0078125 0.0203125
1 0.2359375 0.30078125 0.0078125 0.0234375
0 0.275 0.2890625 0.00625 0.01875
0 0.1078125 0.29453125 0.0046875 0.01875
1 0.70546875 0.3375 0.0140625 0.040625
0 0.2046875 0.28828125 0.00625 0.0171875
1 0.528125 0.3109375 0.0109375 0.028125
1 0.0609375 0.31015625 0.0078125 0.0203125
0 0.4140625 0.29140625 0.0078125 0.0203125
1 0.32265625 0.303125 0.0078125 0.0234375
1 0.42421875 0.30625 0.009375 0.028125