0 0.4578125 0.3234375 0.0125 0.053125
0 0.43203125 0.3078125 0.0125 0.046875
1 0.75390625 0.3078125 0.01875 0.0640625
0 0.396875 0.3 0.0109375 0.0421875
0 0.39921875 0.25390625 0.00625 0.021875
1 0.8890625 0.36015625 0.0265625 0.0859375
0 0.46328125 0.3578125 0.0171875 0.0703125
0 0.45 0.24375 0.0046875 0.021875
0 0.3421875 0.26171875 0.00625 0.025
1 0.603125 0.275 0.009375 0.040625
0 0.29296875 0.2734375 0.00625 0.025
1 0.46640625 0.26796875 0.0078125 0.034375
1 0.5203125 0.24140625 0.0046875 0.025
0 0.48046875 0.22734375 0.003125 0.015625
1 0.5453125 0.26953125 0.009375 0.0359375
1 0.55078125 0.23359375 0.00625 0.0234375
1 0.44375 0.25703125 0.00625 0.025
0 0.48984375 0.23203125 0.0046875 0.0234375
1 0.82265625 0.19609375 0.00625 0.0171875
1 0.54921875 0.21875 0.003125 0.0171875
0 0.49453125 0.23046875 0.0046875 0.0171875
0 0.3421875 0.29609375 0.009375 0.0359375
0 0.284375 0.28828125 0.0078125 0.03125
1 0.42578125 0.2625 0.00625 0.028125
1 0.725 0.19765625 0.0046875 0.0140625
1 0.67734375 0.2859375 0.0125 0.0484375
0 0.4703125 0.3984375 0.0234375 0.0875
0 0.4734375 0.23828125 0.00625 0.021875
0 0.796875 0.1921875 0.003125 0.0140625
1 0.940625 0.19140625 0.0046875 0.0171875
0 0.5625 0.2109375 0.003125 0.0140625
1 0.5734375 0.22734375 0.0046875 0.01875
0 0.74921875 0.19375 0.003125 0.0140625
1 0.625 0.20546875 0.003125 0.0140625
0 0.43828125 0.50703125 0.034375 0.134375
0 0.865625 0.190625 0.003125 0.0140625
0 0.92890625 0.18828125 0.0046875 0.015625
0 0.50078125 0.2203125 0.003125 0.015625
1 0.86015625 0.19609375 0.0046875 0.0171875
0 0.70234375 0.196875 0.003125 0.0140625
1 0.65625 0.2015625 0.003125 0.0140625
0 0.8390625 0.1921875 0.003125 0.0140625
1 0.76015625 0.196875 0.0046875 0.0140625
1 0.69921875 0.19921875 0.003125 0.0140625
0 0.653125 0.2 0.003125 0.0140625
1 0.79375 0.196875 0.003125 0.0171875
0 0.89140625 0.18984375 0.0046875 0.0140625
0 0.60625 0.2046875 0.003125 0.0140625
1 0.596875 0.20859375 0.003125 0.0140625
0 0.21328125 0.75859375 0.034375 0.1625
1 0.571875 0.21328125 0.003125 0.0140625
1 0.55703125 0.2203125 0.003125 0.015625
0 0.52578125 0.21640625 0.003125 0.0125
1 0.55546875 0.215625 0.003125 0.0140625