0 0.4765625 0.49765625 0.0328125 0.0875
0 0.590625 0.43671875 0.015625 0.04375
1 0.7125 0.4546875 0.0140625 0.0390625
0 0.51640625 0.44375 0.0203125 0.05625
1 0.62265625 0.39765625 0.0078125 0.021875
1 0.73515625 0.4953125 0.0203125 0.053125
1 0.665625 0.3984375 0.00625 0.01875
0 0.91875 0.47265625 0.009375 0.0265625
0 0.5390625 0.40078125 0.0125 0.0375
1 0.83125 0.47265625 0.0125 0.0328125
1 0.9484375 0.478125 0.0078125 0.0234375
1 0.77734375 0.45 0.0109375 0.03125
1 0.8671875 0.45078125 0.0078125 0.021875
0 0.5609375 0.3734375 0.0078125 0.0203125
0 0.93125 0.4875 0.0109375 0.0359375
0 0.6078125 0.3796875 0.0078125 0.021875
1 0.93203125 0.50859375 0.0171875 0.0421875
0 0.52421875 0.38359375 0.0109375 0.028125
1 0.6359375 0.3953125 0.00625 0.0203125
1 0.70234375 0.40703125 0.0078125 0.021875
1 0.75 0.43203125 0.009375 0.028125
1 0.79609375 0.42890625 0.0078125 0.0203125
1 0.7671875 0.54765625 0.0265625 0.0734375
1 0.6296875 0.409375 0.0078125 0.025
0 0.76328125 0.415625 0.0046875 0.0171875
0 0.65703125 0.3890625 0.00625 0.01875
1 0.66015625 0.42890625 0.0109375 0.0328125
1 0.73828125 0.4109375 0.0078125 0.021875
0 0.9140625 0.46484375 0.0078125 0.01875
0 0.86015625 0.46171875 0.0109375 0.028125
1 0.8546875 0.64921875 0.0515625 0.1203125
0 0.5296875 0.37265625 0.009375 0.028125
1 0.77109375 0.43203125 0.0078125 0.025
1 0.8265625 0.44140625 0.0078125 0.025
0 0.83125 0.434375 0.0078125 0.0203125
1 0.90703125 0.46484375 0.0078125 0.025
0 0.2578125 0.7578125 0.0421875 0.128125