0 0.24296875 0.390625 0.0203125 0.053125
1 0.5078125 0.546875 0.04375 0.1140625
0 0.2625 0.365625 0.0140625 0.040625
0 0.1375 0.54140625 0.05625 0.134375
0 0.09453125 0.3453125 0.015625 0.040625
1 0.38984375 0.3796875 0.015625 0.040625
1 0.44453125 0.453125 0.0296875 0.071875
0 0.1671875 0.3390625 0.0125 0.034375
0 0.271875 0.35 0.0125 0.0328125
0 0.2234375 0.3125 0.00625 0.0171875
1 0.4078125 0.40625 0.01875 0.05
1 0.3765625 0.3625 0.0125 0.0328125
1 0.365625 0.3484375 0.009375 0.028125
0 0.3015625 0.30625 0.0046875 0.0140625
1 0.3453125 0.32109375 0.0046875 0.015625
1 0.13828125 0.30234375 0.0078125 0.0203125
0 0.240625 0.30703125 0.0046875 0.0140625
0 0.26953125 0.30625 0.0046875 0.0140625
0 0.28515625 0.33203125 0.0078125 0.0234375
0 0.12109375 0.3078125 0.0078125 0.0234375
0 0.2046875 0.29921875 0.0046875 0.0109375
0 0.1671875 0.30859375 0.00625 0.01875
1 0.33671875 0.31796875 0.0046875 0.0140625
0 0.2453125 0.31171875 0.00625 0.0171875
1 0.3171875 0.31328125 0.0046875 0.0140625
1 0.1734375 0.303125 0.00625 0.0171875
0 0.259375 0.30234375 0.0046875 0.0125
0 0.165625 0.32578125 0.0078125 0.028125
1 0.35390625 0.33125 0.0078125 0.0203125
0 0.21171875 0.303125 0.0046875 0.0125
0 0.1328125 0.31484375 0.009375 0.025
0 0.28046875 0.33984375 0.0109375 0.0265625
1 0.3484375 0.3265625 0.0046875 0.0140625
0 0.209375 0.4390625 0.0296875 0.078125
1 0.1953125 0.28359375 0.003125 0.0109375
1 0.30859375 0.31171875 0.0046875 0.0125
1 0.20390625 0.28671875 0.0046875 0.0109375
1 0.225 0.29453125 0.003125 0.0109375
1 0.35859375 0.340625 0.0078125 0.0203125
0 0.246875 0.29453125 0.003125 0.0109375
1 0.3203125 0.3109375 0.0046875 0.0140625
1 0.1484375 0.29453125 0.0046875 0.015625
0 0.271875 0.309375 0.0046875 0.0125
0 0.30546875 0.3046875 0.003125 0.0109375
0 0.290625 0.32734375 0.00625 0.015625
0 0.25390625 0.29375 0.003125 0.009375
0 0.26875 0.2984375 0.003125 0.0109375
1 0.14140625 0.28984375 0.00625 0.0171875
1 0.20703125 0.29453125 0.0046875 0.0125
0 0.22578125 0.30078125 0.0046875 0.0125
1 0.21875 0.28984375 0.0046875 0.0109375
1 0.21796875 0.2859375 0.003125 0.0109375
0 0.29375 0.3203125 0.0046875 0.0171875
0 0.2921875 0.31484375 0.0046875 0.0125