0 0.78671875 0.175 0.0140625 0.0375
0 0.83125 0.17734375 0.0171875 0.040625
0 0.66171875 0.18203125 0.009375 0.0265625
0 0.82578125 0.37109375 0.0625 0.1296875
1 0.84453125 0.14765625 0.0125 0.03125
0 0.73984375 0.1765625 0.0125 0.03125
0 0.70390625 0.1796875 0.0125 0.03125
0 0.60546875 0.1859375 0.009375 0.0234375
1 0.79921875 0.15234375 0.0109375 0.028125
0 0.71953125 0.13984375 0.0046875 0.0140625
0 0.61640625 0.1671875 0.00625 0.0171875
1 0.6875 0.16328125 0.0078125 0.021875
1 0.74296875 0.1390625 0.00625 0.0171875
0 0.88671875 0.18125 0.021875 0.05
0 0.578125 0.184375 0.0078125 0.0203125
1 0.75 0.15703125 0.009375 0.025
1 0.675 0.15625 0.00625 0.0171875
0 0.78671875 0.125 0.00625 0.015625
1 0.84921875 0.1171875 0.00625 0.0171875
0 0.5859375 0.178125 0.00625 0.0171875
0 0.85859375 0.1109375 0.00625 0.0171875
0 0.4015625 0.72578125 0.10625 0.246875
1 0.78203125 0.13046875 0.00625 0.0171875
1 0.66171875 0.16171875 0.00625 0.0171875
1 0.66484375 0.1640625 0.0078125 0.0203125
1 0.70390625 0.1484375 0.00625 0.0171875
0 0.6609375 0.153125 0.0046875 0.0140625