0 0.30625 0.5578125 0.0140625 0.0203125
0 0.43984375 0.62890625 0.04375 0.059375
0 0.46953125 0.55859375 0.0203125 0.028125
0 0.484375 0.52734375 0.009375 0.0140625
0 0.47421875 0.52109375 0.0078125 0.0109375
0 0.49140625 0.5140625 0.00625 0.0109375
0 0.52109375 0.50859375 0.00625 0.009375
0 0.55078125 0.52421875 0.0125 0.0171875
0 0.58203125 0.50078125 0.00625 0.0078125
0 0.63515625 0.49375 0.00625 0.0078125
0 0.6765625 0.490625 0.0046875 0.009375
0 0.7109375 0.48828125 0.00625 0.009375
0 0.74921875 0.4859375 0.0078125 0.0109375
0 0.88046875 0.48203125 0.0109375 0.015625
0 0.9265625 0.496875 0.0203125 0.0234375
0 0.9125 0.5765625 0.053125 0.0609375
0 0.7296875 0.53125 0.021875 0.0296875
0 0.67578125 0.50546875 0.009375 0.0140625
0 0.63359375 0.5265625 0.015625 0.021875
0 0.6734375 0.65 0.05625 0.0828125
1 0.24140625 0.840625 0.1171875 0.1625
1 0.3109375 0.5484375 0.0109375 0.015625
1 0.40703125 0.53125 0.009375 0.0125
1 0.4359375 0.58203125 0.025 0.0390625
1 0.54375 0.51171875 0.009375 0.0125
1 0.575 0.5234375 0.0125 0.01875
1 0.7828125 0.49140625 0.0125 0.015625
1 0.84375 0.48984375 0.0125 0.0171875
1 0.671875 0.5015625 0.0078125 0.0125