0 0.5390625 0.55703125 0.0328125 0.10625
0 0.62734375 0.425 0.0109375 0.034375
1 0.85625 0.46484375 0.01875 0.059375
0 0.62890625 0.471875 0.01875 0.059375
0 0.64296875 0.4390625 0.0125 0.0421875
1 0.72265625 0.396875 0.0078125 0.0234375
1 0.878125 0.39609375 0.00625 0.0234375
0 0.89765625 0.3765625 0.0046875 0.0171875
1 0.93046875 0.3859375 0.00625 0.0203125
1 0.715625 0.4140625 0.0078125 0.03125
1 0.8125 0.40703125 0.0078125 0.0296875
1 0.79609375 0.3921875 0.00625 0.0203125
1 0.86484375 0.3890625 0.00625 0.0203125
1 0.86171875 0.41796875 0.0125 0.0359375
1 0.8171875 0.4 0.00625 0.025
0 0.59140625 0.4125 0.0078125 0.028125
0 0.93828125 0.37421875 0.0046875 0.015625
0 0.60625 0.38984375 0.00625 0.0203125
0 0.83984375 0.378125 0.0046875 0.0171875
1 0.80625 0.43828125 0.0140625 0.0453125
0 0.5875 0.40390625 0.00625 0.025
0 0.64296875 0.38515625 0.0046875 0.01875
1 0.7625 0.42421875 0.0125 0.0359375
1 0.6890625 0.4015625 0.0078125 0.0234375
0 0.70546875 0.3828125 0.0046875 0.01875
1 0.703125 0.4078125 0.0078125 0.0265625
1 0.94296875 0.39453125 0.0046875 0.021875
0 0.7734375 0.38046875 0.0046875 0.0171875