0 0.48828125 0.33828125 0.0125 0.05859375
0 0.18125 0.35625 0.009375 0.0390625
0 0.6 0.44921875 0.0265625 0.11328125
0 0.66953125 0.24765625 0.00625 0.03046875
1 0.92265625 0.21171875 0.0078125 0.03359375
1 0.70859375 0.28828125 0.0125 0.05078125
1 0.82890625 0.22734375 0.009375 0.03046875
0 0.87734375 0.20625 0.00625 0.03046875
1 0.7765625 0.3203125 0.01796875 0.0671875
0 0.59765625 0.27109375 0.00703125 0.03828125
0 0.7625 0.22578125 0.00546875 0.0296875
1 0.71640625 0.26328125 0.00859375 0.03984375
0 0.396875 0.33046875 0.0109375 0.04765625
0 0.29609375 0.33828125 0.009375 0.04140625
1 0.35859375 0.3078125 0.00859375 0.03359375
1 0.06484375 0.3640625 0.009375 0.03515625
1 0.47734375 0.29375 0.01015625 0.0359375
1 0.7609375 0.2453125 0.00625 0.0296875
0 0.36875 0.78828125 0.02421875 0.1140625
0 0.5625 0.36953125 0.0140625 0.0828125
1 0.22109375 0.3296875 0.0078125 0.03359375
0 0.05078125 0.38984375 0.0046875 0.03125