0 0.32890625 0.5625 0.046875 0.0984375
0 0.765625 0.3625 0.021875 0.04375
0 0.890625 0.3578125 0.025 0.053125
1 0.8953125 0.58203125 0.0828125 0.1609375
1 0.80390625 0.4046875 0.03125 0.0671875
0 0.24453125 0.45546875 0.01875 0.0453125
0 0.29765625 0.42890625 0.015625 0.034375
1 0.61328125 0.4828125 0.04375 0.090625
1 0.44453125 0.41015625 0.0171875 0.0375
1 0.43203125 0.43203125 0.0234375 0.046875
1 0.828125 0.30703125 0.0109375 0.021875
0 0.58046875 0.34140625 0.0109375 0.021875
1 0.59765625 0.38828125 0.0171875 0.040625
1 0.63046875 0.35703125 0.0125 0.028125
1 0.68984375 0.34296875 0.0125 0.028125
1 0.5734375 0.3765625 0.015625 0.034375
0 0.2703125 0.48984375 0.0265625 0.0625
1 0.53515625 0.36875 0.0125 0.028125
1 0.715625 0.3140625 0.009375 0.01875
1 0.84609375 0.28984375 0.0078125 0.0171875
0 0.509375 0.3578125 0.0109375 0.021875
1 0.60390625 0.35 0.0109375 0.025
0 0.728125 0.35234375 0.015625 0.0359375
1 0.47421875 0.39140625 0.0125 0.0296875
0 0.4296875 0.375 0.0109375 0.025
1 0.6625 0.33515625 0.0109375 0.0234375
0 0.3734375 0.39609375 0.0125 0.028125
0 0.8640625 0.315625 0.0109375 0.025
1 0.69921875 0.321875 0.009375 0.0203125
0 0.65078125 0.32109375 0.0078125 0.0171875
1 0.88984375 0.28828125 0.009375 0.0203125
1 0.88046875 0.28671875 0.0078125 0.0171875
0 0.6203125 0.33046875 0.009375 0.01875
1 0.79296875 0.3171875 0.0109375 0.0234375
1 0.75078125 0.3 0.0078125 0.015625
0 0.8078125 0.33203125 0.0140625 0.03125
1 0.74296875 0.32890625 0.0109375 0.025
0 0.8078125 0.28828125 0.00625 0.0140625
1 0.73046875 0.30703125 0.00625 0.015625
1 0.79609375 0.29375 0.0078125 0.0171875
0 0.68828125 0.3078125 0.00625 0.0171875
0 0.909375 0.30234375 0.0125 0.0265625
0 0.66484375 0.31484375 0.0078125 0.0171875
0 0.32265625 0.825 0.0796875 0.15
1 0.51328125 0.453125 0.0328125 0.0640625
1 0.6703125 0.39921875 0.025 0.0515625
0 0.7265625 0.30078125 0.00625 0.0140625
1 0.859375 0.29765625 0.009375 0.0203125
0 0.85078125 0.284375 0.00625 0.015625
0 0.9078125 0.278125 0.0078125 0.0171875