0 0.21328125 0.38203125 0.0296875 0.0609375
1 0.509375 0.359375 0.025 0.05625
0 0.8890625 0.2984375 0.0140625 0.03125
1 0.4609375 0.39609375 0.0328125 0.071875
0 0.8171875 0.29921875 0.0140625 0.03125
1 0.45078125 0.4609375 0.0421875 0.1015625
1 0.60859375 0.33359375 0.0203125 0.0453125
0 0.34375 0.34140625 0.01875 0.04375
1 0.90078125 0.3171875 0.01875 0.040625
1 0.775 0.31953125 0.01875 0.040625
0 0.578125 0.30703125 0.0140625 0.0328125
0 0.46796875 0.31796875 0.015625 0.0375
1 0.6671875 0.32578125 0.01875 0.0421875
0 0.8734375 0.27265625 0.009375 0.0203125
0 0.04453125 0.47890625 0.0390625 0.0984375
1 0.5546875 0.6171875 0.078125 0.175
0 0.88125 0.26171875 0.00625 0.0140625
0 0.69609375 0.3 0.0125 0.03125
0 0.8484375 0.2640625 0.00625 0.015625
0 0.84453125 0.26796875 0.0078125 0.0171875