0 0.4140625 0.46328125 0.021875 0.05625
0 0.25390625 0.65390625 0.0546875 0.1484375
0 0.46875 0.43203125 0.0171875 0.04375
1 0.76875 0.615625 0.0640625 0.15625
0 0.34296875 0.5203125 0.028125 0.078125
1 0.82265625 0.35703125 0.0125 0.034375
1 0.603125 0.42890625 0.0171875 0.0546875
1 0.6015625 0.47734375 0.03125 0.078125
0 0.55390625 0.403125 0.0125 0.034375
0 0.69921875 0.36171875 0.0109375 0.0296875
0 0.21328125 0.43203125 0.0078125 0.025
1 0.646875 0.35625 0.0078125 0.021875
1 0.57265625 0.37265625 0.009375 0.0234375
0 0.29453125 0.4265625 0.009375 0.025
0 0.6203125 0.36953125 0.009375 0.025
1 0.128125 0.4328125 0.0078125 0.0203125
0 0.15546875 0.43515625 0.0078125 0.021875
1 0.76015625 0.371875 0.0140625 0.0375
1 0.32421875 0.41875 0.009375 0.0234375
0 0.64140625 0.37734375 0.0109375 0.03125
1 0.69140625 0.390625 0.015625 0.0421875
0 0.3734375 0.41875 0.009375 0.025
1 0.26015625 0.4203125 0.0078125 0.021875
1 0.403125 0.40859375 0.0078125 0.025
1 0.490625 0.3921875 0.0078125 0.0234375
0 0.0765625 0.45078125 0.009375 0.025
1 0.19765625 0.4234375 0.009375 0.0234375
0 0.67421875 0.359375 0.009375 0.0265625
0 0.4703125 0.40234375 0.009375 0.025
1 0.715625 0.346875 0.009375 0.025
1 0.7796875 0.3453125 0.009375 0.0265625
1 0.04453125 0.45234375 0.0078125 0.021875
0 0.5484375 0.38515625 0.00625 0.025
1 0.81328125 0.34921875 0.0109375 0.028125