1 0.85703125 0.56796875 0.0421875 0.103125
0 0.5140625 0.5328125 0.0390625 0.1078125
0 0.20546875 0.35234375 0.015625 0.0453125
0 0.509375 0.39765625 0.0171875 0.046875
1 0.59609375 0.38671875 0.0125 0.0359375
1 0.646875 0.4171875 0.0171875 0.0453125
1 0.15390625 0.32265625 0.0125 0.0359375
0 0.03671875 0.734375 0.0421875 0.1328125
1 0.5390625 0.36640625 0.009375 0.028125
1 0.36328125 0.3296875 0.009375 0.025
0 0.12578125 0.3734375 0.021875 0.0578125
0 0.5640625 0.44453125 0.021875 0.0625
1 0.73046875 0.465625 0.0203125 0.059375
0 0.2625 0.33828125 0.0125 0.0359375
1 0.215625 0.3203125 0.0109375 0.0296875
0 0.3375 0.3375 0.009375 0.028125
1 0.2859375 0.32109375 0.009375 0.0265625
1 0.4890625 0.3546875 0.009375 0.025
1 0.42265625 0.3390625 0.0078125 0.025
0 0.41640625 0.35078125 0.009375 0.028125
0 0.465625 0.36953125 0.0125 0.034375