0 0.19765625 0.3953125 0.0265625 0.0765625
0 0.69921875 0.29453125 0.009375 0.028125
0 0.79296875 0.33828125 0.015625 0.0453125
0 0.5046875 0.4015625 0.0265625 0.0765625
1 0.16796875 0.3296875 0.0171875 0.0484375
1 0.640625 0.32109375 0.0140625 0.0390625
1 0.4484375 0.3484375 0.01875 0.0546875
1 0.23359375 0.27890625 0.009375 0.025
1 0.58125 0.3375 0.0171875 0.0484375
1 0.28359375 0.34375 0.0203125 0.053125
1 0.64609375 0.30625 0.0109375 0.0328125
0 0.7359375 0.37109375 0.021875 0.0609375
1 0.56796875 0.28515625 0.0078125 0.025
0 0.1015625 0.28203125 0.0078125 0.0265625
0 0.7625 0.3125 0.0109375 0.03125
0 0.271875 0.26875 0.0078125 0.0203125
1 0.1359375 0.29765625 0.0109375 0.0359375
1 0.509375 0.2796875 0.0078125 0.025
0 0.18359375 0.2734375 0.009375 0.025
1 0.4421875 0.27578125 0.0078125 0.0234375
0 0.5421875 0.27421875 0.0078125 0.0203125
0 0.6234375 0.2828125 0.009375 0.025
0 0.3640625 0.26796875 0.00625 0.0203125
1 0.1765625 0.28671875 0.0109375 0.028125
1 0.37109375 0.27421875 0.0078125 0.0234375
1 0.1234375 0.31328125 0.0109375 0.0390625
1 0.6171875 0.2953125 0.009375 0.028125
0 0.45625 0.26953125 0.00625 0.0203125
1 0.29921875 0.275 0.0078125 0.025