1 0.34296875 0.44296875 0.03125 0.0953125
1 0.28125 0.35625 0.0203125 0.059375
0 0.11328125 0.3109375 0.0140625 0.0421875
0 0.92578125 0.38203125 0.0078125 0.025
0 0.26640625 0.29140625 0.009375 0.028125
1 0.8046875 0.359375 0.0078125 0.025
1 0.82265625 0.37421875 0.009375 0.028125
0 0.33046875 0.29296875 0.00625 0.0234375
1 0.31171875 0.325 0.0125 0.040625
1 0.52578125 0.603125 0.059375 0.1625
1 0.88046875 0.40546875 0.0140625 0.040625
1 0.82578125 0.3546875 0.00625 0.0203125
0 0.3859375 0.29453125 0.00625 0.0203125
1 0.884375 0.35859375 0.00625 0.01875
0 0.94140625 0.39375 0.00625 0.028125
0 0.609375 0.2890625 0.003125 0.0125
0 0.19140625 0.29453125 0.0109375 0.0328125
1 0.765625 0.2984375 0.003125 0.0109375
1 0.4234375 0.30859375 0.0078125 0.025
0 0.428125 0.296875 0.0046875 0.0171875
1 0.3328125 0.31484375 0.0109375 0.03125
1 0.65234375 0.29765625 0.003125 0.0140625
0 0.59296875 0.2921875 0.0046875 0.0125
1 0.92890625 0.334375 0.003125 0.0109375
1 0.375 0.30859375 0.009375 0.028125
1 0.70546875 0.29609375 0.003125 0.0109375
1 0.61796875 0.30390625 0.0046875 0.0140625
1 0.85703125 0.31484375 0.003125 0.009375
0 0.93359375 0.32890625 0.003125 0.009375
1 0.459375 0.30703125 0.00625 0.0234375
1 0.68828125 0.296875 0.003125 0.0109375
1 0.728125 0.29609375 0.0015625 0.009375
1 0.671875 0.296875 0.003125 0.0125
1 0.81328125 0.30546875 0.003125 0.009375
0 0.865625 0.31328125 0.003125 0.0109375
1 0.4921875 0.30625 0.00625 0.0203125
1 0.5953125 0.30546875 0.0046875 0.0140625
0 0.46328125 0.296875 0.0046875 0.015625
1 0.89453125 0.325 0.003125 0.0109375
0 0.83515625 0.30859375 0.0015625 0.009375
0 0.54453125 0.29453125 0.003125 0.0140625
1 0.634375 0.30078125 0.0046875 0.0140625
0 0.7453125 0.2921875 0.0015625 0.009375
0 0.7171875 0.28828125 0.0015625 0.0078125
0 0.89765625 0.3203125 0.003125 0.009375
1 0.54765625 0.30546875 0.0046875 0.015625
0 0.65390625 0.2890625 0.003125 0.0109375
0 0.4890625 0.29609375 0.003125 0.0171875
0 0.68828125 0.2875 0.0015625 0.009375
0 0.7875 0.29921875 0.003125 0.009375
0 0.6328125 0.2890625 0.003125 0.0125
0 0.67265625 0.2890625 0.003125 0.0109375
1 0.521875 0.30546875 0.0046875 0.0171875
0 0.70390625 0.2875 0.003125 0.009375
0 0.5140625 0.2953125 0.0046875 0.015625
1 0.5671875 0.3046875 0.003125 0.015625
0 0.56953125 0.29296875 0.003125 0.0140625