0 0.34453125 0.56484375 0.05 0.1078125
0 0.50703125 0.47109375 0.03125 0.0703125
0 0.8765625 0.3828125 0.0234375 0.0546875
0 0.7515625 0.39765625 0.0234375 0.0515625
0 0.6390625 0.4265625 0.025 0.0578125
1 0.7984375 0.51640625 0.046875 0.1140625
1 0.91484375 0.4453125 0.040625 0.0875
1 0.47578125 0.34609375 0.00625 0.015625
1 0.47265625 0.34765625 0.00625 0.015625
1 0.2703125 0.37265625 0.00625 0.0140625
1 0.28046875 0.37734375 0.00625 0.0140625
1 0.3375 0.36171875 0.00625 0.0140625
0 0.45546875 0.35078125 0.00625 0.0140625
0 0.43671875 0.353125 0.0046875 0.0125
0 0.4390625 0.35078125 0.0046875 0.0125
0 0.40625 0.35859375 0.00625 0.0140625
0 0.3203125 0.3703125 0.00625 0.0140625
0 0.296875 0.371875 0.00625 0.0140625