1 0.60703125 0.76875 0.0953125 0.2125
1 0.32578125 0.46015625 0.0625 0.1421875
1 0.1125 0.2890625 0.0453125 0.0984375
1 0.1390625 0.14453125 0.0140625 0.03125
1 0.23359375 0.1703125 0.0125 0.028125
1 0.303125 0.1890625 0.0109375 0.025
1 0.35234375 0.19921875 0.009375 0.021875
1 0.38046875 0.20546875 0.009375 0.0203125
1 0.3921875 0.20625 0.009375 0.0203125
1 0.39765625 0.2046875 0.0078125 0.0171875
1 0.41953125 0.20390625 0.0078125 0.0171875
1 0.47578125 0.225 0.00625 0.015625
1 0.9265625 0.41015625 0.0078125 0.0171875
1 0.87421875 0.38671875 0.00625 0.015625
1 0.8265625 0.365625 0.00625 0.0140625
0 0.19140625 0.14609375 0.0109375 0.025
0 0.12734375 0.12734375 0.0125 0.0265625
0 0.240625 0.15859375 0.0078125 0.021875
0 0.2671875 0.1671875 0.009375 0.0234375
0 0.29921875 0.17421875 0.0078125 0.01875
0 0.31640625 0.17734375 0.009375 0.0203125
0 0.42578125 0.20390625 0.00625 0.0140625
0 0.46171875 0.2171875 0.00625 0.0140625
0 0.48203125 0.2234375 0.00625 0.0140625
0 0.94375 0.4125 0.00625 0.015625
0 0.91328125 0.39921875 0.00625 0.0140625
0 0.8828125 0.3875 0.00625 0.0140625
0 0.85625 0.375 0.00625 0.0140625
0 0.8328125 0.36484375 0.00625 0.0125
0 0.821875 0.35859375 0.00625 0.0140625
0 0.81328125 0.353125 0.0046875 0.0109375
0 0.7984375 0.3453125 0.003125 0.0109375
0 0.7734375 0.3328125 0.003125 0.0109375
0 0.74296875 0.31953125 0.003125 0.009375
0 0.70703125 0.30390625 0.0046875 0.0109375
0 0.66953125 0.28828125 0.0046875 0.009375
0 0.63203125 0.2734375 0.0046875 0.009375
0 0.56640625 0.24921875 0.0046875 0.0109375
0 0.5375 0.240625 0.0046875 0.009375
0 0.525 0.23671875 0.0046875 0.0109375
0 0.51796875 0.234375 0.0046875 0.0109375
0 0.50390625 0.23125 0.0046875 0.0109375
1 0.5078125 0.2359375 0.00625 0.0140625
1 0.54375 0.24765625 0.0046875 0.0125
1 0.5625 0.253125 0.0046875 0.0125
1 0.5703125 0.25390625 0.003125 0.0109375
1 0.57890625 0.25625 0.0046875 0.0109375
1 0.59609375 0.2625 0.0046875 0.0109375
1 0.61796875 0.26953125 0.0046875 0.009375
1 0.6421875 0.2796875 0.0046875 0.0109375
1 0.66640625 0.28828125 0.0046875 0.0109375
1 0.69296875 0.29921875 0.0046875 0.0109375
1 0.7203125 0.3109375 0.0046875 0.0109375
1 0.73671875 0.31953125 0.0046875 0.0109375
1 0.75234375 0.3265625 0.0046875 0.0109375
1 0.76171875 0.33203125 0.0046875 0.0109375
1 0.76875 0.33671875 0.00625 0.0125
1 0.78203125 0.3453125 0.00625 0.0125