1 0.4265625 0.6640625 0.06875 0.1984375
1 0.2765625 0.4640625 0.040625 0.11875
1 0.203125 0.34765625 0.021875 0.0703125
1 0.171875 0.29140625 0.015625 0.0515625
1 0.15390625 0.2546875 0.0125 0.0421875
1 0.146875 0.23125 0.0109375 0.034375
1 0.1421875 0.2125 0.009375 0.028125
1 0.13828125 0.203125 0.00625 0.0234375
1 0.140625 0.19453125 0.0046875 0.01875
1 0.15703125 0.1890625 0.0046875 0.0171875
1 0.203125 0.1953125 0.0046875 0.015625
1 0.2671875 0.21015625 0.0046875 0.0140625
1 0.33359375 0.2296875 0.0046875 0.0140625
1 0.39765625 0.25 0.0046875 0.0140625
1 0.4578125 0.271875 0.0046875 0.015625
1 0.52578125 0.29375 0.0046875 0.0171875
1 0.5890625 0.315625 0.0046875 0.0171875
1 0.65 0.33828125 0.00625 0.0203125
1 0.690625 0.35859375 0.00625 0.0203125
1 0.7078125 0.371875 0.0078125 0.025
1 0.74921875 0.4 0.009375 0.03125
1 0.8546875 0.4515625 0.0125 0.040625
1 0.95859375 0.3828125 0.0046875 0.0125
1 0.93828125 0.37265625 0.0046875 0.0140625
0 0.084375 0.16328125 0.0046875 0.01875
0 0.10390625 0.1671875 0.0046875 0.0171875
0 0.146875 0.17578125 0.0046875 0.0140625
0 0.2140625 0.1921875 0.0046875 0.0140625
0 0.275 0.209375 0.0046875 0.0140625
0 0.31640625 0.221875 0.0046875 0.0140625
0 0.4984375 0.27890625 0.0046875 0.0140625
0 0.5453125 0.29609375 0.0046875 0.015625
0 0.59609375 0.3125 0.0046875 0.015625
0 0.64375 0.32890625 0.0046875 0.015625
0 0.70546875 0.35390625 0.0046875 0.0171875
0 0.76015625 0.378125 0.00625 0.0203125
0 0.803125 0.40078125 0.0078125 0.0234375
0 0.8203125 0.4109375 0.0078125 0.0265625
0 0.88515625 0.43984375 0.0109375 0.03125
0 0.92421875 0.38046875 0.0046875 0.0140625