0 0.21015625 0.35546875 0.0203125 0.0625
0 0.5796875 0.3640625 0.0265625 0.084375
0 0.7984375 0.3234375 0.0203125 0.06875
0 0.1796875 0.32734375 0.0140625 0.05
0 0.65546875 0.23671875 0.0078125 0.028125
0 0.403125 0.25234375 0.0078125 0.028125
0 0.26796875 0.2796875 0.0109375 0.0328125
1 0.5921875 0.22734375 0.00625 0.0234375
1 0.184375 0.2828125 0.009375 0.03125
0 0.73203125 0.23984375 0.0078125 0.03125
0 0.48828125 0.24296875 0.0078125 0.0265625
0 0.3375 0.26328125 0.009375 0.0296875
1 0.8953125 0.2375 0.009375 0.034375
0 0.2109375 0.30078125 0.0109375 0.0390625
0 0.79765625 0.24921875 0.0109375 0.0359375
1 0.08046875 0.3125 0.0109375 0.0390625
1 0.11640625 0.5171875 0.05 0.1359375
0 0.5765625 0.2375 0.0078125 0.0265625
1 0.69375 0.225 0.0078125 0.025
0 0.34609375 0.37578125 0.025 0.0796875
1 0.2859375 0.2609375 0.0078125 0.0265625
1 0.67890625 0.52109375 0.046875 0.15625
1 0.79609375 0.22890625 0.0046875 0.0296875
1 0.48203125 0.234375 0.00625 0.0234375
1 0.371875 0.246875 0.0078125 0.0234375
0 0.85859375 0.28984375 0.0109375 0.05625
0 0.8453125 0.26484375 0.0078125 0.04375