1 0.2875 0.45234375 0.040625 0.1171875
0 0.81796875 0.40859375 0.00625 0.0234375
0 0.8359375 0.4203125 0.009375 0.0265625
1 0.2171875 0.334375 0.0234375 0.0703125
1 0.1875 0.2765625 0.015625 0.0515625
1 0.8703125 0.46171875 0.0125 0.0421875
1 0.76328125 0.40546875 0.009375 0.03125
0 0.0765625 0.15546875 0.00625 0.021875
0 0.6578125 0.33125 0.0046875 0.0171875
0 0.1234375 0.1515625 0.0046875 0.0171875
1 0.17109375 0.24140625 0.0125 0.0421875
1 0.43359375 0.65859375 0.06875 0.1984375
1 0.7046875 0.3609375 0.00625 0.021875
1 0.5390625 0.290625 0.0046875 0.0171875
1 0.471875 0.2671875 0.0046875 0.015625
1 0.16484375 0.21640625 0.009375 0.034375
1 0.17421875 0.17578125 0.0046875 0.01875
0 0.71953125 0.35703125 0.0046875 0.0171875
0 0.16484375 0.1625 0.0046875 0.0140625
0 0.77421875 0.38359375 0.00625 0.0203125
0 0.9015625 0.45234375 0.009375 0.0328125
0 0.084375 0.14765625 0.00625 0.01875
1 0.34765625 0.22109375 0.0046875 0.0140625
0 0.4625 0.25703125 0.0046875 0.0140625
1 0.21953125 0.1828125 0.0046875 0.015625
0 0.1046875 0.14921875 0.0046875 0.015625
0 0.290625 0.19921875 0.0046875 0.0125
1 0.721875 0.37578125 0.0078125 0.025
1 0.603125 0.315625 0.0046875 0.0171875
0 0.51171875 0.27578125 0.0046875 0.0140625
1 0.16015625 0.19921875 0.009375 0.028125
1 0.28359375 0.19921875 0.0046875 0.015625
0 0.61015625 0.31328125 0.0046875 0.0140625
0 0.56015625 0.29375 0.0046875 0.015625
1 0.15703125 0.18828125 0.00625 0.0234375
0 0.33203125 0.21171875 0.0046875 0.0125
0 0.37421875 0.2265625 0.0046875 0.0140625
0 0.23046875 0.18046875 0.0046875 0.0140625
1 0.6640625 0.340625 0.0046875 0.0203125
0 0.41953125 0.24140625 0.003125 0.0125
1 0.4125 0.24375 0.0046875 0.015625
0 0.8828125 0.36171875 0.003125 0.0125
0 0.884375 0.36640625 0.003125 0.0140625
0 0.89453125 0.365625 0.003125 0.009375
0 0.90078125 0.37421875 0.0046875 0.0140625
0 0.91640625 0.37265625 0.003125 0.0109375
0 0.94296875 0.39140625 0.0046875 0.0140625
0 0.9484375 0.38359375 0.003125 0.0109375
1 0.953125 0.38515625 0.003125 0.0125
1 0.95703125 0.3859375 0.003125 0.0109375