1 0.6765625 0.2796875 0.0390625 0.078125
0 0.39375 0.40859375 0.0375 0.0828125
1 0.5796875 0.271875 0.0296875 0.0609375
0 0.33828125 0.36171875 0.0265625 0.0546875
0 0.27578125 0.3578125 0.0203125 0.040625
0 0.2046875 0.36015625 0.0140625 0.03125
0 0.30390625 0.3578125 0.0234375 0.0484375
0 0.3890625 0.61640625 0.084375 0.1734375
1 0.446875 0.28359375 0.01875 0.040625
1 0.4078125 0.290625 0.01875 0.0375
0 0.4 0.4703125 0.053125 0.1125
0 0.834375 0.0890625 0.0109375 0.0203125
1 0.575 0.18828125 0.0109375 0.0203125
0 0.7640625 0.11640625 0.0125 0.0234375
0 0.365625 0.3765625 0.03125 0.065625
1 0.7328125 0.13359375 0.0125 0.0234375
0 0.72421875 0.1296875 0.009375 0.0203125
1 0.36484375 0.296875 0.0171875 0.034375
0 0.24375 0.35859375 0.01875 0.0375
0 0.22421875 0.33125 0.0109375 0.0234375
0 0.80234375 0.10078125 0.009375 0.0203125
0 0.4546875 0.22578125 0.009375 0.01875
0 0.19765625 0.3515625 0.0125 0.0265625
1 0.509375 0.2734375 0.0234375 0.046875
1 0.503125 0.21328125 0.0109375 0.0234375
1 0.403125 0.25078125 0.009375 0.01875
1 0.44296875 0.2359375 0.0109375 0.0203125
0 0.51875 0.2015625 0.009375 0.01875
0 0.8515625 0.08046875 0.009375 0.0203125
1 0.36015625 0.26875 0.0078125 0.0203125
1 0.79765625 0.11171875 0.0125 0.0234375
0 0.84296875 0.0765625 0.0078125 0.015625
0 0.3890625 0.25234375 0.0078125 0.0171875
1 0.3046875 0.29921875 0.009375 0.021875
1 0.859375 0.08828125 0.0109375 0.0234375
1 0.325 0.28671875 0.0109375 0.021875
0 0.2703125 0.30546875 0.0109375 0.0203125
0 0.5828125 0.178125 0.0109375 0.021875
0 0.6453125 0.15703125 0.0078125 0.0203125
1 0.64296875 0.1640625 0.0125 0.0265625
1 0.3125 0.30703125 0.015625 0.03125
0 0.32578125 0.27890625 0.009375 0.0203125
1 0.79765625 0.3046875 0.0546875 0.1109375
0 0.84375 0.07265625 0.0078125 0.0171875