1 0.6875 0.5921875 0.0390625 0.1203125
0 0.24140625 0.4484375 0.028125 0.0734375
1 0.5390625 0.4859375 0.0296875 0.0796875
1 0.85 0.45625 0.0171875 0.0484375
0 0.60703125 0.38984375 0.009375 0.028125
0 0.528125 0.3828125 0.009375 0.03125
0 0.2046875 0.52421875 0.0421875 0.115625
0 0.36875 0.38359375 0.0125 0.0359375
1 0.66796875 0.41484375 0.0140625 0.0375
0 0.45390625 0.38125 0.0109375 0.0328125
0 0.8578125 0.42421875 0.009375 0.0296875
0 0.28203125 0.39296875 0.0171875 0.0484375
1 0.76875 0.43359375 0.015625 0.0375
0 0.69921875 0.4 0.0109375 0.028125
1 0.57109375 0.4078125 0.0140625 0.0390625
1 0.4828125 0.4125 0.0125 0.04375
1 0.4875 0.44296875 0.021875 0.059375