0 0.33359375 0.371875 0.0234375 0.0515625
0 0.1296875 0.43984375 0.021875 0.0453125
0 0.41953125 0.3671875 0.028125 0.0640625
0 0.2390625 0.39765625 0.0203125 0.0453125
0 0.51171875 0.5234375 0.0671875 0.146875
0 0.61484375 0.21640625 0.015625 0.034375
1 0.78046875 0.159375 0.01875 0.0375
0 0.83125 0.1234375 0.015625 0.03125
0 0.71015625 0.171875 0.0140625 0.03125
1 0.653125 0.2609375 0.028125 0.059375
1 0.6609375 0.2296875 0.021875 0.0453125
1 0.17421875 0.39765625 0.015625 0.0375
1 0.7265625 0.29140625 0.040625 0.0828125
1 0.70859375 0.19453125 0.0171875 0.0390625
0 0.540625 0.25859375 0.015625 0.0390625
1 0.3046875 0.3484375 0.0171875 0.0375
1 0.41953125 0.31171875 0.0171875 0.040625
0 0.484375 0.4015625 0.0296875 0.0859375