0 0.82734375 0.4921875 0.0171875 0.0296875
0 0.34921875 0.4671875 0.040625 0.065625
0 0.22890625 0.5296875 0.0671875 0.1078125
0 0.44609375 0.41171875 0.0203125 0.0359375
0 0.41328125 0.43125 0.0234375 0.04375
0 0.52265625 0.41796875 0.0171875 0.028125
0 0.6203125 0.43984375 0.0171875 0.0265625
0 0.7203125 0.46328125 0.0140625 0.025
1 0.7984375 0.50078125 0.021875 0.0375
1 0.67890625 0.53203125 0.0390625 0.06875
1 0.759375 0.64296875 0.06875 0.1203125
1 0.71328125 0.475 0.01875 0.0328125
1 0.65 0.459375 0.0203125 0.034375
1 0.6234375 0.475 0.0265625 0.046875
1 0.62109375 0.46171875 0.021875 0.0390625