0 0.14765625 0.1171875 0.0140625 0.0296875
0 0.90859375 0.25859375 0.0125 0.025
0 0.81171875 0.2375 0.0125 0.025
0 0.92421875 0.46640625 0.053125 0.0984375
0 0.590625 0.52734375 0.075 0.1546875
0 0.2515625 0.125 0.0109375 0.0234375
0 0.734375 0.21875 0.0109375 0.0234375
1 0.67421875 0.1921875 0.00625 0.0140625
1 0.35703125 0.13203125 0.0078125 0.0171875
0 0.68046875 0.203125 0.009375 0.0203125
1 0.14609375 0.0984375 0.00625 0.0140625
0 0.6296875 0.18515625 0.0078125 0.01875
0 0.3359375 0.13359375 0.009375 0.0203125
0 0.5109375 0.16328125 0.00625 0.0171875
1 0.1890625 0.11015625 0.0109375 0.021875
1 0.27109375 0.1203125 0.0078125 0.0171875
1 0.78125 0.22109375 0.009375 0.01875
1 0.978125 0.2703125 0.0078125 0.01875
0 0.175 0.09921875 0.0046875 0.0125
1 0.27578125 0.11640625 0.0046875 0.0125
1 0.86015625 0.240625 0.0078125 0.0171875
1 0.40078125 0.13515625 0.00625 0.0140625
0 0.45703125 0.15234375 0.0078125 0.0171875
1 0.51875 0.159375 0.00625 0.015625
1 0.609375 0.17421875 0.00625 0.0109375
0 0.2140625 0.10390625 0.00625 0.0109375
1 0.71640625 0.2046875 0.0078125 0.0171875
1 0.596875 0.17421875 0.00625 0.0171875
0 0.2609375 0.11015625 0.00625 0.0140625
0 0.565625 0.17265625 0.0078125 0.0171875
0 0.40546875 0.14375 0.0078125 0.0171875
1 0.43984375 0.14375 0.0078125 0.0171875
0 0.5109375 0.153125 0.0046875 0.0109375
1 0.4984375 0.14921875 0.00625 0.0125
1 0.3625 0.13046875 0.0046875 0.0109375
1 0.21875 0.10859375 0.00625 0.0140625
1 0.55234375 0.1625 0.0046875 0.0125
0 0.55546875 0.16015625 0.0046875 0.0109375
0 0.325 0.1203125 0.0046875 0.0109375
1 0.31640625 0.121875 0.0046875 0.0125