0 0.26484375 0.39375 0.0328125 0.071875
0 0.85859375 0.3078125 0.015625 0.0375
0 0.69609375 0.309375 0.015625 0.0375
1 0.7703125 0.3296875 0.0203125 0.046875
1 0.45 0.521875 0.0578125 0.134375
0 0.41640625 0.34296875 0.021875 0.0515625
0 0.5578125 0.31953125 0.015625 0.0421875
1 0.66015625 0.33984375 0.0234375 0.053125
1 0.4828125 0.4109375 0.0359375 0.084375
1 0.5609375 0.36328125 0.028125 0.0640625
1 0.91015625 0.32734375 0.0203125 0.046875
0 0.05546875 0.528125 0.04375 0.1265625
1 0.64140625 0.790625 0.0328125 0.0734375