0 0.11015625 0.29921875 0.015625 0.05
1 0.5015625 0.42265625 0.0203125 0.078125
1 0.45390625 0.36796875 0.015625 0.059375
1 0.2421875 0.2828125 0.009375 0.0375
1 0.3671875 0.32734375 0.0140625 0.0484375
0 0.075 0.28125 0.0140625 0.046875
1 0.17578125 0.26484375 0.009375 0.034375
1 0.11015625 0.25078125 0.009375 0.0328125
0 0.14921875 0.321875 0.0140625 0.0578125
0 0.16171875 0.35625 0.0203125 0.0703125
0 0.13671875 0.3875 0.021875 0.0859375
1 0.3 0.30078125 0.009375 0.0421875
1 0.53515625 0.58359375 0.0390625 0.146875
1 0.76875 0.3140625 0.0046875 0.0140625
0 0.91328125 0.33984375 0.0046875 0.015625
1 0.2703125 0.23671875 0.0046875 0.0171875
0 0.29453125 0.2375 0.0046875 0.015625
1 0.39765625 0.24375 0.003125 0.0125
1 0.1328125 0.21875 0.00625 0.01875
1 0.31640625 0.24296875 0.0046875 0.0171875
1 0.053125 0.20859375 0.00625 0.0171875
0 0.065625 0.20703125 0.0046875 0.0171875
0 0.7640625 0.309375 0.003125 0.0140625
1 0.73984375 0.3078125 0.003125 0.0140625
1 0.3921875 0.25078125 0.0046875 0.015625
1 0.8609375 0.3296875 0.0046875 0.0140625
0 0.2640625 0.2328125 0.0046875 0.0140625
0 0.8546875 0.3265625 0.0046875 0.0140625
1 0.41796875 0.25078125 0.003125 0.0140625
1 0.40546875 0.24296875 0.003125 0.0109375
0 0.72265625 0.303125 0.0046875 0.0140625
1 0.35625 0.24765625 0.0046875 0.0171875
1 0.79765625 0.3171875 0.0046875 0.0140625
0 0.603125 0.2796875 0.003125 0.0125
1 0.946875 0.35 0.003125 0.0171875
1 0.5640625 0.27421875 0.003125 0.0140625
0 0.35078125 0.23671875 0.003125 0.0125
1 0.4234375 0.2453125 0.003125 0.0109375
1 0.70625 0.30234375 0.0046875 0.0140625
0 0.65078125 0.28984375 0.0046875 0.0125
0 0.321875 0.23984375 0.003125 0.0140625
1 0.4109375 0.25234375 0.003125 0.0140625
0 0.8875 0.3328125 0.0046875 0.0140625
0 0.13828125 0.21640625 0.0046875 0.015625
1 0.83671875 0.32421875 0.0046875 0.0140625
1 0.5484375 0.26953125 0.003125 0.0140625
1 0.90703125 0.34140625 0.0046875 0.0140625
0 0.69921875 0.2984375 0.0046875 0.0140625
0 0.5703125 0.27109375 0.003125 0.0109375
1 0.4640625 0.2515625 0.003125 0.0109375
0 0.36328125 0.2421875 0.0046875 0.0140625
0 0.590625 0.27578125 0.003125 0.0125
1 0.4921875 0.25625 0.003125 0.0109375
0 0.74375 0.30703125 0.003125 0.0140625
0 0.37109375 0.2375 0.003125 0.009375
0 0.47578125 0.2515625 0.003125 0.0109375
0 0.34296875 0.24140625 0.0046875 0.0140625
1 0.59375 0.28125 0.003125 0.0140625
0 0.8046875 0.31640625 0.003125 0.0140625
1 0.53203125 0.265625 0.003125 0.0140625
1 0.515625 0.26171875 0.003125 0.0109375
0 0.625 0.284375 0.003125 0.0125
1 0.4140625 0.24921875 0.003125 0.0125
1 0.19765625 0.228125 0.0046875 0.0171875
1 0.62890625 0.2875 0.0046875 0.0140625
0 0.4015625 0.240625 0.003125 0.0109375
1 0.66953125 0.2953125 0.003125 0.0140625
0 0.4390625 0.24609375 0.003125 0.0109375
0 0.54453125 0.26640625 0.003125 0.0109375
0 0.51171875 0.25859375 0.003125 0.0109375
1 0.440625 0.2484375 0.003125 0.0109375
1 0.0453125 0.2421875 0.0015625 0.025
0 0.671875 0.29296875 0.003125 0.0140625
1 0.39609375 0.2421875 0.003125 0.0125
0 0.3546875 0.24140625 0.003125 0.0140625