0 0.265625 0.51328125 0.0390625 0.0765625
0 0.33984375 0.44765625 0.021875 0.0453125
0 0.36640625 0.41484375 0.0140625 0.0328125
0 0.30859375 0.39765625 0.0125 0.0265625
0 0.27265625 0.39140625 0.009375 0.021875
0 0.26328125 0.38046875 0.00625 0.0203125
0 0.8734375 0.41640625 0.0125 0.025
0 0.7890625 0.403125 0.009375 0.0203125
0 0.6875 0.38828125 0.0078125 0.015625
0 0.62109375 0.38046875 0.00625 0.0140625
0 0.55703125 0.375 0.0046875 0.0140625
0 0.4984375 0.3734375 0.0046875 0.0125
1 0.81796875 0.53125 0.0421875 0.075
1 0.8828125 0.4421875 0.021875 0.0375
1 0.734375 0.41875 0.0171875 0.0296875
1 0.68046875 0.44921875 0.021875 0.04375
1 0.6578125 0.4046875 0.0125 0.025
1 0.59765625 0.4171875 0.015625 0.0296875
1 0.60234375 0.3921875 0.0078125 0.0203125
1 0.5484375 0.384375 0.00625 0.015625
1 0.515625 0.40078125 0.0125 0.025
1 0.50859375 0.38125 0.0078125 0.015625
1 0.44296875 0.390625 0.009375 0.0203125
1 0.45703125 0.3796875 0.0078125 0.0171875
1 0.39609375 0.384375 0.009375 0.01875
1 0.40625 0.38203125 0.0078125 0.0171875