0 0.12578125 0.60078125 0.0140625 0.01875
0 0.1359375 0.621875 0.0234375 0.0296875
0 0.2171875 0.571875 0.0109375 0.015625
0 0.3625 0.55703125 0.0171875 0.021875
0 0.41015625 0.521875 0.0078125 0.0125
0 0.44453125 0.51875 0.0109375 0.0140625
0 0.46484375 0.53046875 0.015625 0.021875
0 0.509375 0.51015625 0.0125 0.0171875
0 0.5390625 0.5171875 0.0171875 0.021875
0 0.6125 0.5375 0.0296875 0.040625
0 0.303125 0.59765625 0.03125 0.0359375
0 0.32890625 0.63359375 0.0453125 0.05625
1 0.24609375 0.578125 0.0171875 0.021875
1 0.25859375 0.56640625 0.0125 0.0171875
1 0.30625 0.5484375 0.0109375 0.0140625
1 0.3484375 0.53515625 0.0078125 0.0125
1 0.48671875 0.5171875 0.0140625 0.01875
1 0.4828125 0.5046875 0.0078125 0.0125
1 0.515625 0.50234375 0.009375 0.0140625
1 0.53203125 0.50859375 0.0109375 0.0171875
1 0.5859375 0.52109375 0.021875 0.0296875
1 0.3921875 0.79765625 0.103125 0.15