0 0.19609375 0.671875 0.059375 0.0828125
0 0.06875 0.58046875 0.0328125 0.0375
0 0.15234375 0.5296875 0.009375 0.015625
0 0.19609375 0.54453125 0.0171875 0.0140625
0 0.33515625 0.540625 0.0140625 0.021875
0 0.35 0.5171875 0.0078125 0.0125
0 0.4671875 0.50234375 0.00625 0.009375
0 0.48828125 0.5078125 0.00625 0.0125
0 0.534375 0.52265625 0.015625 0.0125
0 0.8484375 0.5625 0.028125 0.0453125
1 0.0578125 0.55078125 0.0171875 0.0234375
1 0.1890625 0.5578125 0.01875 0.025
1 0.26015625 0.58515625 0.0328125 0.0421875
1 0.29453125 0.55703125 0.025 0.0203125
1 0.246875 0.528125 0.0109375 0.015625
1 0.34609375 0.5296875 0.0109375 0.0171875
1 0.453125 0.50703125 0.00625 0.0109375
1 0.48515625 0.5140625 0.009375 0.0140625
1 0.53671875 0.5125 0.009375 0.015625
1 0.62265625 0.534375 0.0203125 0.0203125