1 0.20625 0.43515625 0.0390625 0.078125
1 0.1 0.4125 0.0328125 0.065625
1 0.3 0.509375 0.0609375 0.1234375
1 0.13359375 0.303125 0.0109375 0.0203125
0 0.053125 0.31328125 0.009375 0.01875
0 0.02578125 0.31875 0.009375 0.0203125
1 0.778125 0.2234375 0.0078125 0.015625
1 0.16015625 0.296875 0.009375 0.01875
1 0.81796875 0.21953125 0.0078125 0.0140625
1 0.02265625 0.328125 0.0125 0.025
0 0.61953125 0.234375 0.00625 0.0140625
1 0.6734375 0.2328125 0.0078125 0.015625
1 0.721875 0.228125 0.0078125 0.015625
0 0.14296875 0.28671875 0.00625 0.0140625
0 0.1 0.3015625 0.0078125 0.0171875
1 0.8609375 0.21640625 0.0078125 0.015625
1 0.1828125 0.284375 0.00625 0.0140625
1 0.5359375 0.23828125 0.0046875 0.0125
1 0.55 0.23984375 0.00625 0.0140625
1 0.25625 0.2734375 0.00625 0.0140625
1 0.353125 0.25546875 0.0046875 0.0125
0 0.59921875 0.23359375 0.0046875 0.0125
0 0.21015625 0.27734375 0.00625 0.0140625
0 0.66875 0.2296875 0.00625 0.0140625
1 0.628125 0.2359375 0.0078125 0.015625
1 0.34296875 0.2578125 0.00625 0.0109375
1 0.2875 0.2671875 0.00625 0.0140625
0 0.80390625 0.21796875 0.00625 0.0125
1 0.45 0.2421875 0.00625 0.0109375
0 0.6953125 0.22734375 0.00625 0.0125
1 0.325 0.2625 0.00625 0.0140625
1 0.36171875 0.253125 0.0046875 0.0109375
0 0.746875 0.221875 0.00625 0.0140625
0 0.1140625 0.29375 0.00625 0.0140625
1 0.52890625 0.2375 0.00625 0.0125
1 0.20234375 0.28125 0.00625 0.0140625
0 0.49140625 0.23671875 0.0046875 0.0109375
1 0.5015625 0.23828125 0.00625 0.0125
0 0.57421875 0.23359375 0.0046875 0.0109375
1 0.3796875 0.2515625 0.0046875 0.0109375
1 0.42578125 0.2453125 0.0046875 0.0109375
1 0.47578125 0.23984375 0.0046875 0.0109375
0 0.8671875 0.21328125 0.00625 0.0140625
0 0.30859375 0.26171875 0.0046875 0.0109375
1 0.53984375 0.2390625 0.00625 0.0140625
0 0.6421875 0.23125 0.00625 0.0140625
1 0.0875 0.315625 0.0109375 0.0203125
1 0.51640625 0.2375 0.0046875 0.0125
0 0.24453125 0.271875 0.00625 0.0125
0 0.55390625 0.23359375 0.0046875 0.009375
1 0.17265625 0.2921875 0.0078125 0.0171875
0 0.30078125 0.26328125 0.0046875 0.0109375
0 0.584375 0.2328125 0.0046875 0.0109375
0 0.08359375 0.30625 0.0078125 0.0171875
1 0.178125 0.2890625 0.0078125 0.015625
0 0.41875 0.2453125 0.0046875 0.009375
0 0.52578125 0.23515625 0.0046875 0.0109375
0 0.2640625 0.26875 0.00625 0.0125
0 0.590625 0.234375 0.0046875 0.0125
1 0.5875 0.2390625 0.00625 0.0140625
1 0.4015625 0.2484375 0.0046875 0.0125
1 0.1734375 0.28828125 0.00625 0.015625
0 0.45546875 0.23984375 0.003125 0.0078125
0 0.3828125 0.24921875 0.0046875 0.0109375