1 0.6703125 0.7515625 0.053125 0.1359375
1 0.47109375 0.50390625 0.053125 0.1203125
1 0.4625 0.41015625 0.034375 0.0765625
1 0.50234375 0.3703125 0.025 0.059375
1 0.59609375 0.33515625 0.01875 0.0421875
1 0.6171875 0.31953125 0.015625 0.0375
1 0.6078125 0.30546875 0.0140625 0.03125
1 0.58828125 0.29609375 0.0109375 0.0265625
1 0.55625 0.28828125 0.009375 0.0234375
1 0.528125 0.284375 0.009375 0.0203125
1 0.49375 0.2828125 0.0078125 0.0203125
1 0.46328125 0.28046875 0.0078125 0.01875
1 0.41796875 0.28046875 0.00625 0.0171875
1 0.3953125 0.27578125 0.00625 0.015625
1 0.38828125 0.27734375 0.00625 0.015625
1 0.4390625 0.27109375 0.00625 0.0140625
1 0.87109375 0.25390625 0.0046875 0.0109375
0 0.165625 0.40390625 0.0328125 0.0703125
0 0.3078125 0.35390625 0.01875 0.046875
0 0.42265625 0.3265625 0.015625 0.0375
0 0.44609375 0.31796875 0.0140625 0.0328125
0 0.459375 0.3078125 0.0109375 0.0296875
0 0.45390625 0.3 0.009375 0.0265625
0 0.4453125 0.29609375 0.009375 0.025
0 0.434375 0.290625 0.009375 0.021875
0 0.41640625 0.28828125 0.0078125 0.0203125
0 0.39375 0.28671875 0.0078125 0.0203125
0 0.359375 0.2859375 0.0078125 0.0203125
0 0.31171875 0.284375 0.0078125 0.0171875
0 0.30078125 0.2796875 0.00625 0.0171875
0 0.32578125 0.2765625 0.00625 0.0140625