0 0.328125 0.57734375 0.05 0.096875
0 0.42890625 0.45234375 0.021875 0.0421875
0 0.45859375 0.4140625 0.015625 0.0296875
0 0.46796875 0.403125 0.0109375 0.0234375
0 0.47421875 0.3953125 0.009375 0.0203125
0 0.48046875 0.3890625 0.0078125 0.01875
0 0.4859375 0.38359375 0.00625 0.015625
0 0.57421875 0.375 0.00625 0.0140625
0 0.9 0.36328125 0.0109375 0.0203125
0 0.8109375 0.36640625 0.0078125 0.01875
0 0.521875 0.37890625 0.00625 0.0140625
1 0.81796875 0.5390625 0.059375 0.1015625
1 0.66328125 0.43671875 0.0234375 0.046875
1 0.61015625 0.4046875 0.015625 0.03125
1 0.59375 0.39296875 0.0125 0.0265625
1 0.5703125 0.38203125 0.0078125 0.01875
1 0.58515625 0.3875 0.009375 0.01875
1 0.5859375 0.37734375 0.00625 0.0171875
1 0.61796875 0.375 0.00625 0.0171875
1 0.65390625 0.37421875 0.0078125 0.0171875
1 0.70234375 0.3734375 0.0078125 0.01875
1 0.75078125 0.371875 0.0109375 0.021875
1 0.83515625 0.36953125 0.0125 0.025