0 0.340625 0.29296875 0.028125 0.059375
0 0.75078125 0.39609375 0.0140625 0.03125
1 0.7125 0.4203125 0.0203125 0.0484375
0 0.475 0.3109375 0.01875 0.04375
0 0.69921875 0.378125 0.0125 0.03125
0 0.59375 0.3421875 0.015625 0.0359375
0 0.765625 0.38359375 0.009375 0.0234375
1 0.58125 0.4171875 0.03125 0.0703125
1 0.86484375 0.465625 0.015625 0.0390625
1 0.88046875 0.4390625 0.0109375 0.025
1 0.50625 0.48359375 0.05 0.1109375
1 0.625 0.40546875 0.0234375 0.0546875
1 0.8421875 0.41484375 0.0078125 0.0203125
1 0.80390625 0.446875 0.01875 0.0421875
1 0.9 0.471875 0.0140625 0.0328125
0 0.784375 0.39453125 0.0078125 0.025
0 0.13046875 0.30234375 0.0546875 0.1046875
1 0.90625 0.45859375 0.009375 0.028125
1 0.796875 0.38984375 0.0078125 0.01875
0 0.778125 0.40390625 0.0125 0.028125
1 0.79296875 0.3703125 0.0046875 0.0140625
1 0.7640625 0.3578125 0.00625 0.0140625
0 0.87265625 0.40390625 0.00625 0.0140625
1 0.715625 0.3421875 0.00625 0.0140625
0 0.775 0.35859375 0.0046875 0.0125
0 0.821875 0.38046875 0.0046875 0.0109375
1 0.853125 0.39765625 0.00625 0.0140625
1 0.8265625 0.38515625 0.00625 0.0140625
0 0.73984375 0.36796875 0.0078125 0.0203125
1 0.9421875 0.4390625 0.00625 0.0140625
0 0.65390625 0.31796875 0.00625 0.0171875
0 0.953125 0.44140625 0.0046875 0.0140625
1 0.72109375 0.346875 0.00625 0.0171875
0 0.66875 0.315625 0.00625 0.0140625
0 0.925 0.4296875 0.00625 0.0140625
0 0.6859375 0.33671875 0.0078125 0.01875
0 0.64921875 0.31171875 0.00625 0.015625
0 0.73203125 0.34140625 0.0046875 0.0125
1 0.7390625 0.34765625 0.0046875 0.0140625
1 0.9015625 0.42109375 0.0046875 0.0140625
1 0.55546875 0.73203125 0.1015625 0.2125
0 0.6953125 0.3265625 0.0046875 0.0125
1 0.74296875 0.36015625 0.00625 0.01875
0 0.90390625 0.4203125 0.0046875 0.0125
0 0.7875 0.4015625 0.0109375 0.0265625
1 0.7203125 0.340625 0.0046875 0.0140625