0 0.83984375 0.1734375 0.0078125 0.0265625
0 0.8109375 0.40390625 0.046875 0.125
1 0.85625 0.1625 0.0078125 0.0203125
0 0.75390625 0.171875 0.0078125 0.0203125
1 0.846875 0.1578125 0.00625 0.01875
1 0.90859375 0.14921875 0.0078125 0.01875
0 0.8140625 0.1578125 0.00625 0.0171875
0 0.37265625 0.73515625 0.0828125 0.2484375
0 0.7734375 0.17421875 0.00625 0.0203125
1 0.89140625 0.16171875 0.009375 0.0234375
0 0.875 0.1484375 0.00625 0.0171875
0 0.76953125 0.165625 0.0046875 0.0171875
1 0.8671875 0.1546875 0.00625 0.01875
1 0.83828125 0.16171875 0.0046875 0.021875