0 0.27421875 0.30625 0.009375 0.0375
1 0.85234375 0.3171875 0.0171875 0.0703125
0 0.15234375 0.2984375 0.009375 0.03125
1 0.4234375 0.27421875 0.0078125 0.03125
0 0.5515625 0.30234375 0.0140625 0.046875
0 0.51953125 0.5984375 0.046875 0.178125
0 0.075 0.28984375 0.00625 0.0234375
0 0.40625 0.30078125 0.009375 0.0421875
1 0.58671875 0.2734375 0.009375 0.0328125
1 0.72265625 0.275 0.0125 0.0421875
0 0.14609375 0.2859375 0.00625 0.0265625
0 0.59765625 0.3671875 0.0203125 0.075
1 0.2640625 0.27734375 0.00625 0.025
1 0.75546875 0.22265625 0.00625 0.0203125
1 0.05703125 0.2828125 0.00625 0.0234375
1 0.24140625 0.27109375 0.0046875 0.021875
1 0.94375 0.21484375 0.00625 0.025
0 0.190625 0.3046875 0.009375 0.0359375
1 0.31796875 0.28046875 0.0078125 0.03125
1 0.8265625 0.21875 0.0046875 0.021875
1 0.39765625 0.246875 0.0046875 0.0171875
0 0.87265625 0.2171875 0.00625 0.0203125
1 0.15703125 0.275 0.0046875 0.01875
1 0.4578125 0.24140625 0.0046875 0.0171875
0 0.78046875 0.2203125 0.0046875 0.01875
0 0.70390625 0.22265625 0.0046875 0.01875
1 0.6828125 0.22578125 0.00625 0.0203125
1 0.5625 0.23203125 0.0046875 0.01875
0 0.559375 0.22734375 0.003125 0.0171875
1 0.509375 0.2359375 0.0046875 0.0171875
0 0.49296875 0.2328125 0.0046875 0.0171875
0 0.434375 0.23828125 0.003125 0.015625
1 0.3359375 0.25078125 0.0046875 0.0171875
1 0.2859375 0.25625 0.0046875 0.0171875
1 0.10859375 0.265625 0.0046875 0.021875
0 0.625 0.22421875 0.003125 0.0171875
1 0.62265625 0.22734375 0.00625 0.021875
0 0.3671875 0.24296875 0.00625 0.0171875
0 0.315625 0.246875 0.0046875 0.015625
0 0.25625 0.25390625 0.003125 0.015625
0 0.196875 0.25859375 0.0046875 0.0171875
1 0.175 0.2671875 0.0046875 0.0171875
1 0.23671875 0.2609375 0.00625 0.01875
0 0.1453125 0.2625 0.00625 0.0203125
0 0.07578125 0.26796875 0.0046875 0.0140625