0 0.803125 0.3890625 0.0125 0.025
1 0.21640625 0.2625 0.0328125 0.06875
0 0.85078125 0.41015625 0.0125 0.025
0 0.15546875 0.14609375 0.015625 0.03125
1 0.1859375 0.1765625 0.0171875 0.0375
1 0.3671875 0.22265625 0.0125 0.0265625
1 0.27890625 0.328125 0.0421875 0.0859375
1 0.29921875 0.2 0.0140625 0.03125
1 0.34921875 0.40859375 0.0546875 0.1125
1 0.82890625 0.4140625 0.0140625 0.03125
0 0.25703125 0.175 0.0125 0.025
1 0.15234375 0.19921875 0.025 0.0515625
0 0.6234375 0.3125 0.009375 0.0234375
0 0.44921875 0.240625 0.0109375 0.021875
0 0.53671875 0.2765625 0.0109375 0.0234375
1 0.23359375 0.18515625 0.015625 0.034375
1 0.50859375 0.584375 0.075 0.1578125
1 0.42734375 0.24375 0.0125 0.0265625
0 0.35546875 0.20703125 0.0109375 0.0234375
1 0.51484375 0.2796875 0.0125 0.028125
1 0.61640625 0.32265625 0.0125 0.028125
1 0.16171875 0.1796875 0.015625 0.040625
1 0.7109375 0.36328125 0.0140625 0.0296875
1 0.9109375 0.4484375 0.0171875 0.0328125
0 0.8921875 0.4265625 0.0140625 0.025
0 0.9234375 0.43671875 0.0140625 0.0234375
0 0.93671875 0.43984375 0.0109375 0.0234375
0 0.94375 0.43828125 0.0109375 0.0234375
0 0.93671875 0.4328125 0.0109375 0.0203125
0 0.9046875 0.41328125 0.009375 0.0171875
0 0.89765625 0.4046875 0.0078125 0.015625
1 0.97265625 0.43984375 0.009375 0.0171875
0 0.9640625 0.42890625 0.00625 0.0140625
0 0.91953125 0.41171875 0.00625 0.0140625