0 0.78984375 0.2890625 0.0078125 0.025
0 0.04296875 0.38046875 0.0203125 0.053125
0 0.20703125 0.325 0.0109375 0.0296875
0 0.11640625 0.33984375 0.0125 0.0359375
1 0.2953125 0.4078125 0.025 0.06875
0 0.89609375 0.2921875 0.0078125 0.025
1 0.74375 0.26875 0.0046875 0.0140625
0 0.3078125 0.29765625 0.0078125 0.0234375
0 0.9015625 0.2640625 0.0046875 0.0140625
1 0.2640625 0.36171875 0.0171875 0.0484375
1 0.653125 0.28828125 0.0078125 0.021875
1 0.346875 0.32265625 0.0109375 0.03125
1 0.40703125 0.55234375 0.05 0.1328125
0 0.38515625 0.28671875 0.00625 0.0171875
0 0.69453125 0.27890625 0.00625 0.0171875
1 0.89375 0.30390625 0.0140625 0.034375
0 0.3453125 0.29296875 0.0078125 0.01875
1 0.559375 0.2640625 0.0046875 0.0125
1 0.65859375 0.27109375 0.0046875 0.015625
1 0.62421875 0.28203125 0.00625 0.01875
1 0.28828125 0.340625 0.0140625 0.0375
0 0.80078125 0.271875 0.00625 0.0171875
0 0.821875 0.26484375 0.00625 0.0140625
1 0.44453125 0.28671875 0.00625 0.0171875
1 0.57421875 0.2609375 0.0046875 0.0109375
1 0.48671875 0.2796875 0.0046875 0.0171875
1 0.7046875 0.2703125 0.0046875 0.0140625
0 0.77421875 0.27265625 0.0046875 0.0140625
1 0.38515625 0.309375 0.009375 0.0265625
1 0.5390625 0.2671875 0.0046875 0.0125
0 0.71171875 0.28359375 0.00625 0.0171875
1 0.50234375 0.275 0.0046875 0.0140625
1 0.6140625 0.25625 0.003125 0.0109375
1 0.87734375 0.259375 0.0046875 0.0125
1 0.73671875 0.29609375 0.0109375 0.028125
1 0.58984375 0.25859375 0.0046875 0.0125
1 0.81328125 0.259375 0.0046875 0.0125
0 0.45078125 0.271875 0.0046875 0.0140625
1 0.76328125 0.2640625 0.0046875 0.0125
1 0.75 0.2484375 0.003125 0.009375
1 0.628125 0.27734375 0.00625 0.0171875
1 0.39296875 0.29921875 0.009375 0.0234375
1 0.90703125 0.25078125 0.003125 0.0109375
1 0.51484375 0.2703125 0.00625 0.0140625
0 0.81640625 0.26875 0.0046875 0.0140625
1 0.4109375 0.2890625 0.0078125 0.0203125
0 0.4296875 0.27734375 0.00625 0.0140625
0 0.271875 0.309375 0.009375 0.025
0 0.840625 0.26328125 0.0046875 0.0125
1 0.77890625 0.24921875 0.003125 0.009375
0 0.603125 0.2546875 0.003125 0.0109375
0 0.525 0.2609375 0.003125 0.0125
0 0.91328125 0.25 0.0046875 0.0109375
0 0.7109375 0.27265625 0.0046875 0.0140625
0 0.83671875 0.24765625 0.0046875 0.0109375
0 0.475 0.26796875 0.0046875 0.0140625
1 0.846875 0.24921875 0.0046875 0.0109375
0 0.546875 0.25703125 0.003125 0.0109375
1 0.75078125 0.265625 0.0046875 0.0125
0 0.79765625 0.246875 0.0046875 0.0109375
1 0.715625 0.2484375 0.003125 0.0109375
1 0.6390625 0.25390625 0.003125 0.0109375
0 0.56953125 0.25546875 0.003125 0.0109375
0 0.759375 0.24609375 0.003125 0.0078125
0 0.5 0.265625 0.003125 0.0109375
0 0.6609375 0.2515625 0.003125 0.009375
1 0.87578125 0.25078125 0.003125 0.0078125
1 0.8140625 0.25 0.0046875 0.0109375
1 0.66484375 0.2515625 0.003125 0.0109375
0 0.72734375 0.24765625 0.003125 0.009375
0 0.63046875 0.25234375 0.003125 0.0109375
1 0.684375 0.25 0.003125 0.0109375
0 0.696875 0.24921875 0.003125 0.009375
0 0.73671875 0.28671875 0.00625 0.021875
0 0.8765625 0.24921875 0.003125 0.009375