1 0.6640625 0.40546875 0.015625 0.053125
1 0.5078125 0.4953125 0.0359375 0.115625
0 0.54140625 0.33671875 0.009375 0.0359375
0 0.14296875 0.34609375 0.0234375 0.075
0 0.65859375 0.36640625 0.009375 0.03125
0 0.9078125 0.4359375 0.009375 0.0296875
0 0.41328125 0.31875 0.0109375 0.0421875
0 0.28828125 0.321875 0.015625 0.053125
1 0.58046875 0.409375 0.021875 0.0703125
0 0.77578125 0.39921875 0.00625 0.028125
1 0.89765625 0.45703125 0.0125 0.0375
1 0.77734375 0.4234375 0.0109375 0.040625
1 0.659375 0.821875 0.0234375 0.06875