0 0.81640625 0.359375 0.009375 0.034375
0 0.5 0.325 0.0109375 0.0390625
0 0.73984375 0.346875 0.009375 0.0328125
0 0.3796875 0.328125 0.0125 0.0484375
0 0.9046875 0.35859375 0.0078125 0.0265625
1 0.51796875 0.5 0.034375 0.115625
0 0.61484375 0.33046875 0.009375 0.034375
1 0.63828125 0.36796875 0.0140625 0.05
1 0.5765625 0.38046875 0.0171875 0.059375
0 0.240625 0.35390625 0.01875 0.065625
1 0.9359375 0.40078125 0.0125 0.0421875
1 0.79453125 0.37734375 0.0109375 0.0421875
0 0.85390625 0.36328125 0.009375 0.0296875
1 0.52578125 0.415625 0.021875 0.078125
0 0.85625 0.33515625 0.0046875 0.0203125
1 0.71796875 0.36796875 0.0109375 0.04375
0 0.846875 0.31796875 0.003125 0.0140625
0 0.83671875 0.3296875 0.0046875 0.0171875
0 0.80859375 0.3203125 0.0046875 0.0171875
0 0.8890625 0.346875 0.0046875 0.021875
0 0.87109375 0.34140625 0.0046875 0.0203125
1 0.88046875 0.33203125 0.0046875 0.0171875
1 0.94296875 0.35 0.00625 0.01875
0 0.8859375 0.36484375 0.009375 0.028125
1 0.91484375 0.3421875 0.00625 0.01875
0 0.7984375 0.3140625 0.003125 0.015625
1 0.87578125 0.32734375 0.003125 0.0140625
0 0.89921875 0.36171875 0.0078125 0.0265625
1 0.8921875 0.328125 0.003125 0.0140625
1 0.92421875 0.334375 0.0046875 0.0140625
1 0.71875 0.7359375 0.06875 0.2046875
0 0.81328125 0.31328125 0.003125 0.0140625
0 0.89765625 0.353125 0.0046875 0.0234375
0 0.8953125 0.32578125 0.003125 0.0140625
0 0.0546875 0.4703125 0.0171875 0.084375
1 0.871875 0.328125 0.0046875 0.015625