0 0.19609375 0.34765625 0.0140625 0.034375
0 0.3640625 0.521875 0.065625 0.140625
0 0.70390625 0.215625 0.01875 0.046875
0 0.70078125 0.35703125 0.0515625 0.1125
0 0.10859375 0.39140625 0.0171875 0.040625
0 0.271875 0.315625 0.0140625 0.03125
0 0.54609375 0.2328125 0.0140625 0.0359375
0 0.6296875 0.21953125 0.015625 0.0390625
1 0.81484375 0.175 0.01875 0.0453125
0 0.46171875 0.25390625 0.0125 0.03125
1 0.590625 0.20859375 0.0125 0.03125
1 0.14921875 0.353125 0.0125 0.03125
1 0.70546875 0.18828125 0.0140625 0.0359375
1 0.24609375 0.3140625 0.0109375 0.028125
1 0.3640625 0.26953125 0.009375 0.025
1 0.4828125 0.23671875 0.0125 0.0296875
1 0.025 0.41171875 0.0109375 0.0375
0 0.77890625 0.26953125 0.028125 0.078125
0 0.3671875 0.28125 0.0109375 0.028125
0 0.76328125 0.228125 0.0171875 0.0609375