1 0.290625 0.35546875 0.0234375 0.0578125
0 0.7078125 0.2875 0.0109375 0.028125
0 0.20625 0.4140625 0.0328125 0.0828125
0 0.8140625 0.3296875 0.01875 0.046875
0 0.77734375 0.30390625 0.0140625 0.0359375
0 0.5359375 0.4109375 0.0328125 0.0859375
1 0.16875 0.34375 0.0203125 0.0515625
1 0.23125 0.28671875 0.0109375 0.0265625
0 0.7671875 0.36796875 0.028125 0.065625
1 0.46328125 0.353125 0.0234375 0.059375
1 0.59921875 0.3375 0.01875 0.0515625
0 0.178125 0.2828125 0.009375 0.025
1 0.57265625 0.28203125 0.0109375 0.028125
1 0.3703125 0.2765625 0.009375 0.0234375
0 0.26796875 0.27578125 0.0078125 0.0203125
1 0.44296875 0.27578125 0.009375 0.025
1 0.65625 0.3171875 0.015625 0.040625
1 0.17265625 0.29609375 0.0125 0.03125
0 0.09609375 0.29453125 0.0109375 0.0265625
1 0.51171875 0.27734375 0.009375 0.025
0 0.54453125 0.27109375 0.0078125 0.021875
0 0.45546875 0.26953125 0.0078125 0.01875
0 0.3625 0.27109375 0.0078125 0.0203125
1 0.62421875 0.290625 0.0109375 0.0296875
0 0.628125 0.2765625 0.0078125 0.025
1 0.29765625 0.28046875 0.009375 0.025
1 0.1328125 0.31015625 0.0109375 0.0359375
1 0.659375 0.3015625 0.0109375 0.034375
1 0.121875 0.32578125 0.0140625 0.0421875