1 0.52109375 0.415625 0.0359375 0.08125
0 0.3203125 0.35625 0.0234375 0.05
0 0.2203125 0.4125 0.0359375 0.0734375
1 0.490625 0.28515625 0.0109375 0.0234375
0 0.41328125 0.309375 0.0140625 0.03125
0 0.42890625 0.303125 0.0125 0.028125
1 0.5296875 0.35390625 0.0234375 0.053125
1 0.44765625 0.2828125 0.0109375 0.021875
0 0.3515625 0.28984375 0.0109375 0.0234375
1 0.496875 0.2671875 0.00625 0.0140625
0 0.49140625 0.2640625 0.00625 0.0140625
0 0.246875 0.2921875 0.009375 0.0203125
1 0.53984375 0.265625 0.0078125 0.015625
1 0.5484375 0.29609375 0.0125 0.028125
1 0.53984375 0.5578125 0.065625 0.1484375
0 0.38203125 0.29140625 0.0109375 0.0234375
0 0.32109375 0.29140625 0.009375 0.0203125
1 0.46171875 0.26796875 0.0078125 0.0171875
1 0.284375 0.28515625 0.009375 0.01875
0 0.421875 0.296875 0.0109375 0.025
1 0.2984375 0.2765625 0.0078125 0.015625
1 0.52734375 0.2890625 0.0109375 0.025
0 0.4703125 0.265625 0.00625 0.0140625
1 0.61015625 0.2609375 0.00625 0.0140625
1 0.259375 0.28515625 0.0078125 0.0171875
1 0.409375 0.2703125 0.0078125 0.015625
0 0.40546875 0.29296875 0.0109375 0.021875
1 0.54453125 0.30546875 0.015625 0.034375
1 0.33828125 0.2734375 0.00625 0.0140625
1 0.65234375 0.25546875 0.00625 0.0140625
0 0.58359375 0.2578125 0.00625 0.0125
1 0.25234375 0.28125 0.0078125 0.015625
0 0.275 0.27578125 0.00625 0.0140625
1 0.57734375 0.26328125 0.00625 0.015625
0 0.59609375 0.2578125 0.00625 0.0140625
1 0.3546875 0.2828125 0.009375 0.0203125
0 0.603125 0.25625 0.0046875 0.0109375
1 0.24609375 0.28359375 0.0078125 0.0171875
0 0.546875 0.2625 0.00625 0.0140625
0 0.52109375 0.26328125 0.00625 0.0140625
0 0.42265625 0.26640625 0.00625 0.0140625
1 0.4046875 0.28046875 0.00625 0.01875
1 0.6625 0.25390625 0.00625 0.0109375
1 0.26875 0.27890625 0.00625 0.0140625
1 0.64453125 0.25625 0.00625 0.0140625
0 0.37265625 0.26796875 0.0046875 0.0140625
1 0.37578125 0.27109375 0.00625 0.0140625
0 0.66484375 0.25078125 0.0046875 0.0109375
0 0.60546875 0.25625 0.0046875 0.0109375
0 0.375 0.328125 0.0140625 0.040625
0 0.56328125 0.26015625 0.00625 0.0140625
0 0.63203125 0.2578125 0.00625 0.0140625
0 0.6140625 0.25390625 0.00625 0.0109375
0 0.19296875 0.29375 0.009375 0.0203125
0 0.175 0.290625 0.0078125 0.0171875
0 0.22734375 0.28046875 0.0078125 0.015625
0 0.18984375 0.284375 0.0078125 0.015625
0 0.3234375 0.271875 0.00625 0.0140625
0 0.63828125 0.25234375 0.00625 0.0125
0 0.69140625 0.2515625 0.00625 0.0125
0 0.72109375 0.25 0.00625 0.0125
0 0.7390625 0.25 0.00625 0.0125
0 0.7609375 0.25 0.00625 0.0125
0 0.77734375 0.2484375 0.00625 0.0109375
0 0.7875 0.24765625 0.00625 0.0125
0 0.80703125 0.24609375 0.00625 0.0140625
0 0.88125 0.24453125 0.00625 0.0125
0 0.8421875 0.24453125 0.0046875 0.0140625
1 0.68046875 0.25234375 0.00625 0.015625
1 0.72578125 0.25078125 0.00625 0.0140625
1 0.75390625 0.25078125 0.00625 0.0140625
1 0.79296875 0.25 0.00625 0.0140625
1 0.815625 0.2484375 0.00625 0.0125
1 0.83125 0.246875 0.00625 0.0140625
1 0.86953125 0.2453125 0.00625 0.0125
1 0.89765625 0.24375 0.00625 0.0140625
1 0.84453125 0.24609375 0.00625 0.0109375