0 0.384375 0.3515625 0.01875 0.059375
0 0.44921875 0.37578125 0.025 0.0765625
0 0.0734375 0.39765625 0.015625 0.0453125
0 0.48515625 0.48984375 0.0421875 0.128125
0 0.2953125 0.35078125 0.0171875 0.0484375
0 0.19140625 0.36796875 0.015625 0.0453125
1 0.65078125 0.30390625 0.0234375 0.065625
1 0.52109375 0.29609375 0.0171875 0.0484375
1 0.25859375 0.33046875 0.0125 0.034375
1 0.38828125 0.30703125 0.0140625 0.040625
1 0.11875 0.36484375 0.0125 0.0359375
1 0.8953125 0.39921875 0.0546875 0.13125
0 0.87265625 0.1171875 0.0046875 0.009375