0 0.4390625 0.36875 0.0234375 0.0703125
0 0.53359375 0.2390625 0.00625 0.0234375
0 0.3546875 0.35546875 0.0171875 0.053125
0 0.24296875 0.365625 0.015625 0.0453125
0 0.4875 0.4375 0.0328125 0.1015625
0 0.5296875 0.253125 0.009375 0.028125
0 0.15 0.3875 0.0140625 0.04375
1 0.20234375 0.35390625 0.0109375 0.034375
1 0.30078125 0.325 0.0109375 0.0328125
0 0.40703125 0.703125 0.08125 0.21875
1 0.20703125 0.315625 0.00625 0.0203125
1 0.796875 0.35390625 0.0328125 0.1
0 0.39375 0.259375 0.00625 0.0171875
1 0.615625 0.30234375 0.01875 0.059375
1 0.36484375 0.2703125 0.00625 0.01875
0 0.47109375 0.28203125 0.0109375 0.0328125
1 0.315625 0.2828125 0.00625 0.01875
1 0.47421875 0.30234375 0.0140625 0.0421875
1 0.3875 0.2953125 0.0109375 0.03125
0 0.503125 0.2390625 0.00625 0.01875
1 0.15234375 0.33515625 0.00625 0.0203125
1 0.4078125 0.26171875 0.00625 0.0203125
0 0.184375 0.31796875 0.0046875 0.0171875
1 0.440625 0.27265625 0.009375 0.028125
1 0.45390625 0.2609375 0.00625 0.0234375
1 0.1046875 0.35390625 0.0078125 0.0234375
0 0.45390625 0.2453125 0.0046875 0.0171875
1 0.2625 0.29765625 0.00625 0.0171875
1 0.4390625 0.25703125 0.00625 0.021875
0 0.25859375 0.2953125 0.0046875 0.0171875
1 0.0796875 0.3765625 0.009375 0.028125
0 0.328125 0.275 0.0046875 0.0171875
0 0.1078125 0.3453125 0.00625 0.0171875
1 0.0765625 0.36953125 0.00625 0.0265625