0 0.44296875 0.39296875 0.0328125 0.0828125
0 0.79375 0.2109375 0.015625 0.0453125
0 0.3546875 0.3609375 0.0234375 0.0578125
0 0.271875 0.36640625 0.01875 0.05
0 0.81015625 0.1859375 0.0125 0.034375
0 0.1671875 0.38828125 0.01875 0.0484375
0 0.209375 0.3296875 0.009375 0.0265625
0 0.77265625 0.17890625 0.0109375 0.028125
1 0.6625 0.31015625 0.0265625 0.071875
0 0.7109375 0.18515625 0.009375 0.025
0 0.6875 0.2578125 0.021875 0.0515625
1 0.46953125 0.2953125 0.015625 0.04375
0 0.48359375 0.50703125 0.05 0.140625
1 0.58515625 0.26015625 0.015625 0.040625
1 0.90390625 0.4 0.0609375 0.140625
0 0.6390625 0.19609375 0.0078125 0.0203125
1 0.32265625 0.29140625 0.009375 0.025
0 0.04375 0.425 0.0171875 0.0453125
1 0.54609375 0.22109375 0.0078125 0.0234375
1 0.36171875 0.31796875 0.015625 0.040625
1 0.6015625 0.21015625 0.0078125 0.021875
1 0.07578125 0.39453125 0.0140625 0.0375
0 0.565625 0.2125 0.00625 0.01875
0 0.17421875 0.35234375 0.0109375 0.03125
1 0.66796875 0.228125 0.0140625 0.0375
1 0.27265625 0.321875 0.0109375 0.03125
1 0.6953125 0.209375 0.0125 0.0328125
1 0.43046875 0.25234375 0.0078125 0.021875
1 0.64921875 0.20390625 0.0078125 0.025
1 0.29453125 0.32578125 0.0125 0.0359375
1 0.68359375 0.2015625 0.009375 0.028125
0 0.26640625 0.3046875 0.0078125 0.025
1 0.371875 0.271875 0.0078125 0.0234375
0 0.4921875 0.23046875 0.00625 0.01875
0 0.415625 0.25234375 0.00625 0.0203125
1 0.28671875 0.3078125 0.009375 0.028125
1 0.4890625 0.2359375 0.0078125 0.0203125
0 0.3390625 0.27734375 0.0078125 0.0203125