0 0.7515625 0.30625 0.00703125 0.03125
1 0.36328125 0.3078125 0.0125 0.05234375
0 0.36484375 0.27265625 0.00859375 0.03671875
0 0.62265625 0.28671875 0.00703125 0.03046875
1 0.29375 0.33984375 0.01875 0.06953125
0 0.49453125 0.27578125 0.00703125 0.03046875
1 0.2703125 0.4171875 0.02890625 0.1046875
0 0.09296875 0.3109375 0.0171875 0.06484375
1 0.45 0.2953125 0.0109375 0.0453125
1 0.65234375 0.3046875 0.0078125 0.0359375
0 0.23359375 0.28125 0.01171875 0.0453125
0 0.89140625 0.3328125 0.00859375 0.03515625
1 0.54765625 0.29609375 0.00859375 0.03984375
1 0.87265625 0.34296875 0.009375 0.03984375
1 0.759375 0.32109375 0.00859375 0.0359375
1 0.415625 0.61484375 0.0515625 0.18984375