0 0.12109375 0.58125 0.0140625 0.0171875
0 0.13046875 0.603125 0.0234375 0.0296875
0 0.2140625 0.55703125 0.0109375 0.015625
0 0.36015625 0.55 0.015625 0.021875
0 0.409375 0.5171875 0.0078125 0.0125
0 0.44375 0.515625 0.009375 0.0140625
0 0.46328125 0.52890625 0.015625 0.021875
0 0.50859375 0.51015625 0.0109375 0.015625
0 0.5375 0.51953125 0.015625 0.021875
0 0.61015625 0.54375 0.028125 0.0390625
0 0.29765625 0.5875 0.0296875 0.0359375
0 0.321875 0.625 0.0421875 0.05625
1 0.2421875 0.56484375 0.015625 0.021875
1 0.25546875 0.55390625 0.0125 0.0171875
1 0.3046875 0.53828125 0.009375 0.0140625
1 0.346875 0.52734375 0.0078125 0.0125
1 0.4859375 0.51640625 0.0140625 0.01875
1 0.48203125 0.50390625 0.0078125 0.0125
1 0.515625 0.503125 0.009375 0.0140625
1 0.53203125 0.51015625 0.009375 0.0171875
1 0.584375 0.525 0.021875 0.0296875
1 0.3765625 0.79140625 0.096875 0.146875