0 0.71875 0.453125 0.0234375 0.04375
0 0.56953125 0.465625 0.0296875 0.05625
0 0.91171875 0.41875 0.0125 0.025
0 0.4 0.4828125 0.0296875 0.0609375
0 0.83046875 0.40390625 0.009375 0.0203125
0 0.8859375 0.45078125 0.0203125 0.040625
0 0.7796875 0.39609375 0.009375 0.0171875
0 0.8828125 0.38828125 0.0046875 0.0109375
0 0.81796875 0.3859375 0.00625 0.0109375
0 0.76015625 0.390625 0.00625 0.0125
0 0.7640625 0.38671875 0.00625 0.0140625
0 0.77890625 0.3859375 0.00625 0.0125
1 0.878125 0.39609375 0.00625 0.0171875
1 0.91953125 0.4046875 0.009375 0.01875
1 0.8921875 0.3953125 0.0078125 0.015625