0 0.47109375 0.53359375 0.06875 0.140625
0 0.37109375 0.38359375 0.0265625 0.059375
0 0.165625 0.43671875 0.0203125 0.04375
0 0.35703125 0.3234375 0.015625 0.0328125
0 0.06875 0.48203125 0.021875 0.04375
1 0.10703125 0.44453125 0.0171875 0.0359375
1 0.65390625 0.296875 0.034375 0.0734375
0 0.28046875 0.3984375 0.0234375 0.0484375
1 0.90703125 0.3734375 0.0765625 0.1515625
1 0.20234375 0.39609375 0.0140625 0.03125
0 0.3671875 0.28515625 0.009375 0.01875
0 0.40078125 0.290625 0.0125 0.0265625
1 0.27890625 0.325 0.009375 0.01875
1 0.37109375 0.33515625 0.01875 0.0390625
1 0.50078125 0.303125 0.0234375 0.05
0 0.44375 0.4078125 0.0390625 0.0828125
1 0.32734375 0.3125 0.0109375 0.0234375
1 0.1875 0.3640625 0.009375 0.01875
1 0.02265625 0.4515625 0.0109375 0.0234375
1 0.278125 0.353125 0.0140625 0.03125
1 0.13671875 0.38984375 0.009375 0.01875
1 0.08125 0.41796875 0.0078125 0.01875
0 0.31875 0.303125 0.0078125 0.01875
0 0.128125 0.3890625 0.0078125 0.0171875
1 0.23671875 0.3421875 0.009375 0.0171875
0 0.2609375 0.3265625 0.0078125 0.0171875
0 0.053125 0.428125 0.009375 0.0171875
1 0.3203125 0.32421875 0.0125 0.0265625
0 0.39921875 0.27890625 0.009375 0.0234375
1 0.3109375 0.3140625 0.009375 0.0203125
0 0.196875 0.35546875 0.0078125 0.0171875