1 0.50234375 0.54609375 0.0640625 0.14375
1 0.5125 0.4234375 0.0375 0.090625
1 0.571875 0.39296875 0.028125 0.065625
1 0.6390625 0.39921875 0.0234375 0.05625
1 0.74140625 0.42265625 0.0203125 0.0453125
1 0.7734375 0.4203125 0.01875 0.040625
1 0.76171875 0.39921875 0.015625 0.034375
1 0.74609375 0.38203125 0.0140625 0.03125
1 0.7265625 0.365625 0.0125 0.028125
1 0.7 0.34609375 0.0109375 0.025
1 0.67265625 0.3296875 0.0109375 0.021875
1 0.64375 0.3125 0.009375 0.0203125
1 0.621875 0.30078125 0.009375 0.0203125
1 0.596875 0.28671875 0.0078125 0.0171875
1 0.5828125 0.26953125 0.0046875 0.0140625
1 0.56328125 0.26875 0.00625 0.0171875
1 0.5609375 0.2625 0.00625 0.015625
1 0.55078125 0.26015625 0.00625 0.0171875
1 0.76875 0.3546875 0.00625 0.015625
1 0.72421875 0.33359375 0.00625 0.0140625
1 0.825 0.38203125 0.00625 0.0171875
1 0.86484375 0.40234375 0.0078125 0.0171875
1 0.9046875 0.4203125 0.0078125 0.0171875
1 0.9484375 0.43828125 0.0078125 0.015625
0 0.21875 0.28046875 0.0359375 0.0765625
0 0.38515625 0.2859375 0.0234375 0.053125
0 0.525 0.31796875 0.01875 0.04375
0 0.596875 0.3390625 0.0171875 0.0375
0 0.621875 0.34375 0.0140625 0.03125
0 0.63671875 0.33984375 0.0140625 0.03125
0 0.634375 0.33125 0.0109375 0.0265625
0 0.628125 0.32265625 0.0109375 0.028125
0 0.61328125 0.31015625 0.0109375 0.025
0 0.5984375 0.3 0.009375 0.0234375
0 0.57734375 0.2875 0.009375 0.021875
0 0.559375 0.278125 0.0078125 0.0171875
0 0.53671875 0.265625 0.0078125 0.0203125
0 0.50390625 0.246875 0.00625 0.015625
0 0.48828125 0.23515625 0.00625 0.015625
0 0.49609375 0.234375 0.00625 0.0140625
0 0.52109375 0.24296875 0.00625 0.0140625
0 0.61015625 0.28046875 0.00625 0.0140625
0 0.5984375 0.2734375 0.00625 0.0140625
0 0.55625 0.25625 0.00625 0.0140625
0 0.7328125 0.33515625 0.0078125 0.015625
0 0.85390625 0.39296875 0.00625 0.015625
0 0.8796875 0.4046875 0.0078125 0.015625
0 0.91953125 0.421875 0.00625 0.015625
0 0.92890625 0.421875 0.00625 0.0140625
0 0.93203125 0.42578125 0.00625 0.0140625
0 0.9359375 0.42734375 0.00625 0.0140625
0 0.9625 0.43359375 0.00625 0.0140625
0 0.6890625 0.31484375 0.00625 0.0140625
1 0.67734375 0.31171875 0.00625 0.0140625
1 0.63671875 0.29375 0.00625 0.0140625
0 0.64453125 0.29453125 0.00625 0.0125