0 0.41015625 0.3921875 0.0171875 0.0515625
0 0.76171875 0.42109375 0.015625 0.05
0 0.596875 0.43359375 0.0171875 0.0609375
0 0.56796875 0.38828125 0.0125 0.0421875
0 0.621875 0.375 0.009375 0.0375
1 0.859375 0.58671875 0.0375 0.125
0 0.43828125 0.48359375 0.0296875 0.090625
0 0.72734375 0.34375 0.00625 0.0203125
0 0.23515625 0.4234375 0.0234375 0.075
0 0.815625 0.40234375 0.0109375 0.040625
1 0.84375 0.3765625 0.0078125 0.028125
0 0.771875 0.37890625 0.0078125 0.0328125
1 0.2796875 0.3703125 0.0140625 0.0453125
1 0.103125 0.3890625 0.0203125 0.0625
1 0.8953125 0.35078125 0.00625 0.0203125
1 0.8296875 0.35625 0.00625 0.0234375
1 0.80625 0.36171875 0.0078125 0.025
1 0.43125 0.3640625 0.0109375 0.0390625
1 0.6125 0.3234375 0.00625 0.0171875
1 0.53671875 0.3484375 0.0078125 0.0296875
0 0.64765625 0.334375 0.0046875 0.01875
1 0.5890625 0.32734375 0.00625 0.01875
1 0.5578125 0.33203125 0.00625 0.021875
0 0.80234375 0.340625 0.0046875 0.0171875
1 0.51953125 0.35859375 0.009375 0.0359375
1 0.8734375 0.3546875 0.0046875 0.0203125
1 0.63125 0.32109375 0.0046875 0.0140625
1 0.834375 0.328125 0.003125 0.0125
0 0.63359375 0.36171875 0.0078125 0.028125
0 0.7796875 0.34453125 0.0046875 0.0203125
1 0.859375 0.34296875 0.00625 0.0171875
1 0.65625 0.3171875 0.003125 0.0125
1 0.64453125 0.31953125 0.003125 0.0140625
1 0.53046875 0.3375 0.00625 0.025
0 0.753125 0.32421875 0.003125 0.0125
1 0.8140625 0.334375 0.003125 0.0140625
0 0.7453125 0.328125 0.0046875 0.0140625
1 0.66484375 0.31484375 0.003125 0.0109375
0 0.68828125 0.32265625 0.003125 0.0140625
0 0.7375 0.325 0.003125 0.0125
0 0.7 0.3484375 0.00625 0.0234375
0 0.67890625 0.32578125 0.003125 0.0140625
1 0.91953125 0.490625 0.0234375 0.078125
1 0.9390625 0.4 0.0109375 0.0359375
1 0.83125 0.3296875 0.003125 0.0125
1 0.8109375 0.3296875 0.003125 0.0125
0 0.77578125 0.334375 0.0046875 0.015625
1 0.7984375 0.33125 0.003125 0.0125
0 0.628125 0.3484375 0.00625 0.0265625
0 0.63125 0.340625 0.003125 0.0234375
0 0.6640625 0.3296875 0.0046875 0.0171875
0 0.696875 0.32109375 0.003125 0.0125
0 0.703125 0.3203125 0.003125 0.0109375
0 0.70546875 0.3578125 0.0078125 0.0265625
1 0.67265625 0.315625 0.003125 0.0109375
0 0.70859375 0.31796875 0.003125 0.0109375