0 0.41171875 0.31875 0.025 0.05625
0 0.56484375 0.19296875 0.0125 0.028125
0 0.5015625 0.45625 0.0546875 0.128125
0 0.78203125 0.11796875 0.0125 0.0296875
0 0.41953125 0.2765625 0.0171875 0.040625
0 0.66640625 0.15546875 0.0125 0.028125
0 0.48671875 0.37578125 0.0390625 0.090625
1 0.7109375 0.15546875 0.015625 0.0375
1 0.61796875 0.23203125 0.0234375 0.0515625
1 0.609375 0.2015625 0.0171875 0.040625
1 0.590625 0.2234375 0.0203125 0.0453125
0 0.43125 0.71484375 0.1140625 0.2390625
1 0.79765625 0.13046875 0.0171875 0.0375
0 0.48125 0.23359375 0.0140625 0.0328125
1 0.7921875 0.2359375 0.0359375 0.08125
1 0.65546875 0.17734375 0.015625 0.0359375