0 0.33359375 0.73046875 0.071875 0.1703125
0 0.6265625 0.43203125 0.046875 0.0984375
0 0.61953125 0.33671875 0.0265625 0.0578125
0 0.47421875 0.29296875 0.0234375 0.0484375
0 0.48203125 0.22578125 0.0078125 0.0171875
0 0.43046875 0.2171875 0.0078125 0.015625
0 0.34453125 0.26328125 0.0203125 0.04375
0 0.2703125 0.24140625 0.0171875 0.0375
0 0.24296875 0.22734375 0.015625 0.034375
0 0.24765625 0.2140625 0.0109375 0.0265625
0 0.18515625 0.2 0.0125 0.025
0 0.55 0.2359375 0.00625 0.0171875
0 0.60859375 0.24609375 0.0078125 0.0171875
0 0.6765625 0.25625 0.00625 0.0171875
0 0.7453125 0.26953125 0.0078125 0.01875
0 0.828125 0.2875 0.009375 0.021875
0 0.9125 0.30625 0.0109375 0.0234375
1 0.96015625 0.45546875 0.046875 0.0890625
1 0.96484375 0.31953125 0.0125 0.028125
1 0.82109375 0.3546875 0.0265625 0.0546875
1 0.68046875 0.31171875 0.01875 0.0390625
1 0.740625 0.27421875 0.0109375 0.0203125
1 0.6765625 0.26328125 0.009375 0.0171875
1 0.62265625 0.25390625 0.009375 0.0203125
1 0.56875 0.24609375 0.009375 0.01875
1 0.51171875 0.271875 0.015625 0.0375
1 0.50859375 0.2359375 0.0078125 0.0203125
1 0.44765625 0.22421875 0.0078125 0.0171875
1 0.39921875 0.21796875 0.0078125 0.0171875
1 0.40625 0.24921875 0.015625 0.0328125
1 0.3609375 0.2328125 0.0125 0.028125
1 0.34375 0.22265625 0.0109375 0.025
1 0.35234375 0.21171875 0.009375 0.0171875
1 0.17578125 0.18984375 0.0109375 0.0203125
1 0.80390625 0.2859375 0.0109375 0.0234375
1 0.884375 0.3015625 0.0125 0.028125