0 0.4609375 0.4015625 0.015625 0.0390625
0 0.275 0.42109375 0.0328125 0.0703125
1 0.57734375 0.528125 0.0421875 0.090625
1 0.87265625 0.48203125 0.01875 0.0375
0 0.89296875 0.46796875 0.0125 0.0296875
0 0.20078125 0.50546875 0.053125 0.1203125
0 0.346875 0.40390625 0.021875 0.0515625
0 0.41015625 0.353125 0.009375 0.0203125
1 0.3078125 0.33125 0.009375 0.0203125
1 0.14609375 0.32265625 0.0125 0.028125
0 0.29921875 0.35 0.0109375 0.0265625
0 0.3421875 0.33203125 0.00625 0.0171875
0 0.79375 0.4453125 0.0125 0.028125
1 0.1203125 0.3 0.0109375 0.025
0 0.1453125 0.2921875 0.0078125 0.0203125
0 0.36015625 0.35390625 0.0109375 0.025
0 0.2140625 0.34296875 0.0140625 0.03125
0 0.3828125 0.35546875 0.0109375 0.0234375
0 0.5578125 0.4046875 0.015625 0.034375
1 0.2953125 0.3359375 0.009375 0.0234375
1 0.20390625 0.30859375 0.0078125 0.01875
0 0.70234375 0.42578125 0.0109375 0.0265625
0 0.64140625 0.4140625 0.0125 0.028125
1 0.73828125 0.4515625 0.0171875 0.0375
1 0.86796875 0.88984375 0.0390625 0.0875
0 0.303125 0.32265625 0.0078125 0.0171875
1 0.63359375 0.4453125 0.01875 0.0421875
1 0.259375 0.31953125 0.0078125 0.01875
1 0.32421875 0.33984375 0.009375 0.0203125
0 0.03046875 0.6671875 0.0609375 0.175
1 0.1578125 0.303125 0.0078125 0.0203125
1 0.22265625 0.33125 0.0109375 0.025
0 0.3875 0.34375 0.00625 0.0171875
1 0.55390625 0.45234375 0.0265625 0.059375