0 0.64609375 0.39453125 0.034375 0.0734375
0 0.87265625 0.328125 0.015625 0.0375
0 0.8984375 0.3546875 0.0203125 0.046875
0 0.75 0.36640625 0.0265625 0.059375
0 0.81328125 0.30703125 0.015625 0.034375
0 0.70546875 0.275 0.0109375 0.025
0 0.7640625 0.2890625 0.0125 0.028125
1 0.93125 0.31796875 0.0140625 0.03125
0 0.49765625 0.471875 0.053125 0.115625
1 0.9265625 0.2921875 0.009375 0.01875
1 0.834375 0.2890625 0.0125 0.0265625
1 0.7421875 0.2703125 0.009375 0.021875
0 0.54375 0.24609375 0.009375 0.0203125
1 0.6 0.23828125 0.00625 0.0125
1 0.9609375 0.30078125 0.009375 0.0203125
1 0.503125 0.23203125 0.00625 0.0171875
0 0.9390625 0.284375 0.0078125 0.0171875
1 0.85078125 0.2734375 0.0078125 0.0171875
1 0.55546875 0.23203125 0.0046875 0.0125
1 0.1390625 0.178125 0.0046875 0.0125
1 0.6921875 0.246875 0.00625 0.0125
1 0.575 0.24140625 0.0078125 0.01875
0 0.821875 0.26484375 0.00625 0.0140625
1 0.65234375 0.253125 0.0078125 0.0203125
1 0.4875 0.221875 0.00625 0.0140625
1 0.47421875 0.21953125 0.00625 0.0171875
1 0.5171875 0.2265625 0.0046875 0.0140625
0 0.46328125 0.23671875 0.0078125 0.01875
1 0.796875 0.265625 0.00625 0.0140625
1 0.1296875 0.1734375 0.0046875 0.0109375
0 0.86796875 0.271875 0.00625 0.0140625
0 0.628125 0.259375 0.009375 0.0234375
0 0.78984375 0.26015625 0.00625 0.0109375
0 0.440625 0.21328125 0.00625 0.0125
0 0.390625 0.215625 0.0046875 0.0140625
0 0.975 0.29453125 0.0078125 0.01875
0 0.40859375 0.21171875 0.0046875 0.0140625
0 0.7578125 0.253125 0.00625 0.0125
0 0.40703125 0.2265625 0.0078125 0.01875
0 0.56640625 0.23046875 0.0046875 0.0125
0 0.134375 0.17578125 0.0046875 0.009375
1 0.88828125 0.2828125 0.0078125 0.015625
1 0.18515625 0.178125 0.0046875 0.0109375
0 0.61171875 0.234375 0.0046875 0.0109375
1 0.64765625 0.24296875 0.0046875 0.0109375
1 0.74140625 0.25546875 0.00625 0.0140625
1 0.14921875 0.17578125 0.0046875 0.0109375
1 0.475 0.225 0.00625 0.0171875
0 0.66328125 0.2375 0.00625 0.0125
0 0.3875 0.21953125 0.00625 0.0140625
1 0.1140625 0.175 0.0046875 0.009375
1 0.17578125 0.1765625 0.0046875 0.0109375
0 0.70703125 0.24609375 0.00625 0.0125
0 0.14609375 0.175 0.0046875 0.0109375
1 0.18828125 0.17890625 0.0046875 0.0125
0 0.51953125 0.225 0.0046875 0.0140625