0 0.4015625 0.8546875 0.0984375 0.18125
0 0.13515625 0.5203125 0.0140625 0.0203125
0 0.22890625 0.49453125 0.0078125 0.0125
0 0.31015625 0.49921875 0.009375 0.015625
0 0.359375 0.56015625 0.0265625 0.0390625
0 0.51328125 0.5140625 0.0171875 0.01875
1 0.16015625 0.63671875 0.0515625 0.0640625
1 0.25 0.53984375 0.0234375 0.0296875
1 0.23828125 0.5 0.009375 0.0140625
1 0.36484375 0.50703125 0.0109375 0.0203125
1 0.45859375 0.60234375 0.046875 0.0453125
1 0.4375 0.503125 0.0109375 0.01875
1 0.73671875 0.5203125 0.0265625 0.0234375