1 0.1 0.45859375 0.034375 0.1015625
0 0.68984375 0.30859375 0.009375 0.028125
0 0.89765625 0.34296875 0.0125 0.0375
0 0.55859375 0.296875 0.00625 0.0234375
0 0.7703125 0.32421875 0.009375 0.03125
1 0.81953125 0.3671875 0.0171875 0.0515625
0 0.36796875 0.28671875 0.00625 0.0203125
0 0.478125 0.2921875 0.00625 0.021875
1 0.5640625 0.70078125 0.0640625 0.21875
1 0.6140625 0.321875 0.009375 0.0328125
1 0.1640625 0.29140625 0.00625 0.0203125
1 0.24375 0.2921875 0.00625 0.0234375
0 0.2828125 0.28125 0.00625 0.01875
0 0.115625 0.28125 0.0046875 0.01875
1 0.7109375 0.3453125 0.0125 0.0390625
0 0.2125 0.278125 0.0046875 0.0171875
1 0.534375 0.31171875 0.009375 0.028125
1 0.06796875 0.29453125 0.0078125 0.0203125
0 0.42109375 0.2890625 0.00625 0.0203125
1 0.3296875 0.296875 0.0078125 0.0234375
1 0.43125 0.30390625 0.009375 0.028125