0 0.3375 0.36171875 0.015625 0.05625
0 0.4140625 0.38828125 0.0203125 0.075
0 0.24140625 0.36171875 0.0140625 0.046875
1 0.46796875 0.31015625 0.0140625 0.0484375
0 0.16171875 0.340625 0.0078125 0.0296875
0 0.1265625 0.38125 0.0125 0.04375
0 0.44453125 0.4796875 0.0328125 0.1203125
0 0.190625 0.32109375 0.00625 0.0265625
1 0.33359375 0.3203125 0.0109375 0.0390625
1 0.6140625 0.32109375 0.01875 0.0640625
1 0.05703125 0.3640625 0.009375 0.0328125
0 0.13046875 0.321875 0.00625 0.0203125
1 0.803125 0.3984375 0.0359375 0.1125
0 0.17578125 0.31640625 0.00625 0.021875
1 0.19609375 0.34453125 0.0109375 0.0359375
0 0.06171875 0.3359375 0.0046875 0.0203125
1 0.09765625 0.34609375 0.0078125 0.0265625
1 0.09375 0.33984375 0.0046875 0.025
1 0.06484375 0.3421875 0.00625 0.021875
0 0.27734375 0.78515625 0.0375 0.15