0 0.45703125 0.32890625 0.0234375 0.0578125
0 0.47578125 0.35390625 0.028125 0.0703125
0 0.43984375 0.31640625 0.0203125 0.0484375
0 0.478125 0.40234375 0.0359375 0.0890625
1 0.74140625 0.2625 0.03125 0.06875
0 0.4203125 0.3046875 0.0171875 0.04375
0 0.44765625 0.51015625 0.05625 0.1359375
0 0.4046875 0.275 0.0109375 0.028125
1 0.8859375 0.125 0.0140625 0.03125
1 0.57265625 0.2484375 0.015625 0.040625
0 0.3984375 0.29140625 0.0140625 0.0328125
0 0.8046875 0.13671875 0.009375 0.0234375
1 0.61875 0.25078125 0.01875 0.046875
1 0.5546875 0.2171875 0.009375 0.025
0 0.71875 0.1578125 0.009375 0.0203125
1 0.7 0.17109375 0.0109375 0.025
0 0.44296875 0.253125 0.009375 0.021875
0 0.33828125 0.7171875 0.09375 0.215625
1 0.84453125 0.2921875 0.0421875 0.0953125
0 0.4984375 0.22890625 0.009375 0.0203125
1 0.65 0.18515625 0.009375 0.0234375
1 0.59765625 0.20078125 0.0109375 0.0265625
1 0.66171875 0.25390625 0.021875 0.05625
1 0.77890625 0.15078125 0.0109375 0.028125
0 0.63828125 0.18125 0.009375 0.0234375
0 0.56328125 0.20546875 0.009375 0.0203125
1 0.528125 0.23046875 0.0109375 0.0265625
1 0.5171875 0.23828125 0.0109375 0.0296875
1 0.52265625 0.24609375 0.0140625 0.0375