0 0.22109375 0.53984375 0.0140625 0.0234375
0 0.38515625 0.5125 0.0078125 0.0125
0 0.3921875 0.50625 0.0078125 0.0109375
0 0.4109375 0.5203125 0.0109375 0.015625
0 0.41953125 0.50234375 0.0046875 0.009375
0 0.48046875 0.49921875 0.0046875 0.0078125
0 0.49765625 0.52265625 0.0125 0.01875
0 0.465625 0.55546875 0.021875 0.0328125
0 0.53515625 0.4984375 0.0046875 0.0078125
0 0.57890625 0.49921875 0.00625 0.0078125
0 0.61640625 0.53203125 0.0171875 0.0234375
0 0.6125 0.5125 0.009375 0.0140625
0 0.61640625 0.49921875 0.00625 0.0078125
0 0.6578125 0.49921875 0.00625 0.0109375
0 0.63515625 0.659375 0.0625 0.0859375
0 0.75546875 0.5453125 0.021875 0.03125
0 0.80625 0.50703125 0.009375 0.0125
0 0.89453125 0.525 0.0171875 0.0234375
1 0.20859375 0.5296875 0.0125 0.01875
1 0.31171875 0.5171875 0.0078125 0.015625
1 0.459375 0.509375 0.0078125 0.0125
1 0.48046875 0.584375 0.034375 0.0484375
1 0.52890625 0.5234375 0.0140625 0.01875
1 0.59921875 0.50859375 0.0078125 0.0125
1 0.71640625 0.50859375 0.009375 0.015625
1 0.7828125 0.51171875 0.0125 0.0171875