0 0.49375 0.33203125 0.028125 0.071875
0 0.534375 0.3671875 0.034375 0.090625
0 0.56484375 0.453125 0.0546875 0.1328125
0 0.35703125 0.32734375 0.0203125 0.053125
1 0.846875 0.25625 0.034375 0.0828125
0 0.42890625 0.32421875 0.025 0.0609375
0 0.2328125 0.34296875 0.0171875 0.0453125
1 0.46875 0.2671875 0.015625 0.040625
1 0.35390625 0.28671875 0.015625 0.0375
1 0.3796875 0.246875 0.0078125 0.0203125
1 0.57734375 0.25234375 0.0203125 0.0484375
0 0.49296875 0.62734375 0.0859375 0.2078125
0 0.22109375 0.3015625 0.0109375 0.025
0 0.67265625 0.15078125 0.0046875 0.0140625
1 0.421875 0.23125 0.009375 0.021875
1 0.696875 0.2453125 0.025 0.0578125
1 0.46875 0.21640625 0.009375 0.0234375
1 0.57265625 0.18828125 0.0078125 0.0203125
1 0.31171875 0.27734375 0.009375 0.025
0 0.5890625 0.17890625 0.0078125 0.0203125
1 0.66640625 0.16328125 0.0078125 0.0203125
1 0.70078125 0.1515625 0.0078125 0.021875
0 0.17890625 0.32578125 0.0109375 0.028125
1 0.50625 0.20703125 0.009375 0.0234375
1 0.3125 0.29296875 0.0125 0.03125
0 0.65859375 0.15546875 0.00625 0.015625
1 0.303125 0.28671875 0.0109375 0.028125
0 0.45625 0.21484375 0.0078125 0.01875
1 0.7234375 0.14375 0.00625 0.0203125
0 0.6921875 0.13515625 0.0046875 0.0109375
1 0.62265625 0.17421875 0.0078125 0.0203125
0 0.715625 0.12734375 0.0046875 0.0109375
1 0.34140625 0.26171875 0.009375 0.025
0 0.56328125 0.18515625 0.0078125 0.0203125
0 0.17578125 0.3421875 0.0140625 0.0375
0 0.68046875 0.146875 0.0046875 0.0140625
0 0.6421875 0.16171875 0.0078125 0.015625
1 0.73671875 0.12734375 0.0046875 0.0140625
0 0.3296875 0.25625 0.0078125 0.021875
0 0.61953125 0.16875 0.00625 0.015625
1 0.8 0.10859375 0.0046875 0.0109375
0 0.8421875 0.09609375 0.0046875 0.0109375
1 0.86015625 0.09453125 0.0046875 0.0109375
1 0.7390625 0.1359375 0.00625 0.015625
0 0.68359375 0.14296875 0.0046875 0.0140625
1 0.7453125 0.13125 0.003125 0.0140625
1 0.74140625 0.1296875 0.0046875 0.0140625
1 0.74296875 0.12890625 0.0046875 0.0171875
0 0.390625 0.2359375 0.0078125 0.01875
0 0.52265625 0.19609375 0.00625 0.0171875
1 0.8328125 0.10078125 0.0046875 0.0109375
1 0.7546875 0.12109375 0.0046875 0.0109375
0 0.7515625 0.11953125 0.0046875 0.0109375
0 0.2703125 0.27890625 0.0078125 0.021875
0 0.79453125 0.1078125 0.0046875 0.009375
1 0.77265625 0.115625 0.0046875 0.0109375
1 0.746875 0.1328125 0.0046875 0.015625