1 0.8421875 0.4578125 0.0421875 0.0921875
0 0.2734375 0.6765625 0.075 0.1734375
0 0.46328125 0.4765625 0.0375 0.090625
0 0.6265625 0.3984375 0.025 0.0578125
0 0.7578125 0.3375 0.015625 0.0359375
0 0.73515625 0.35859375 0.0203125 0.046875
1 0.89765625 0.3875 0.0296875 0.065625
1 0.896875 0.3140625 0.0140625 0.03125
0 0.85859375 0.290625 0.0078125 0.01875
0 0.80546875 0.29765625 0.00625 0.0171875
1 0.91796875 0.325 0.015625 0.040625
0 0.76171875 0.30546875 0.0078125 0.0203125
0 0.76328125 0.32265625 0.0125 0.0265625
1 0.8703125 0.2984375 0.009375 0.0203125
1 0.8734375 0.30625 0.009375 0.0234375
0 0.75859375 0.31640625 0.009375 0.025
0 0.778125 0.27734375 0.0046875 0.0140625
0 0.775 0.278125 0.0046875 0.0140625
1 0.7953125 0.27578125 0.003125 0.0109375
1 0.80546875 0.27421875 0.003125 0.0109375
1 0.80859375 0.27265625 0.0046875 0.0109375
1 0.77109375 0.27734375 0.003125 0.0078125
1 0.7515625 0.2796875 0.003125 0.0078125
1 0.7234375 0.28359375 0.003125 0.00625
0 0.73515625 0.28203125 0.0046875 0.0109375
0 0.753125 0.28125 0.0046875 0.0109375
0 0.70703125 0.2828125 0.0046875 0.0109375
0 0.66953125 0.29140625 0.003125 0.0078125
0 0.671875 0.2921875 0.003125 0.00625
1 0.66796875 0.2921875 0.003125 0.0078125
0 0.696875 0.28828125 0.003125 0.009375