0 0.96328125 0.309375 0.0125 0.0265625
0 0.38671875 0.25703125 0.021875 0.04375
0 0.91875 0.30078125 0.0125 0.025
0 0.578125 0.353125 0.0375 0.0734375
0 0.49453125 0.29296875 0.025 0.05
0 0.53984375 0.31640625 0.028125 0.059375
0 0.8296875 0.28046875 0.0109375 0.0234375
0 0.375 0.2234375 0.0125 0.028125
0 0.3484375 0.2328125 0.0171875 0.034375
1 0.81953125 0.3671875 0.03125 0.0609375
0 0.43359375 0.221875 0.0109375 0.0234375
1 0.72265625 0.3203125 0.025 0.0484375
1 0.95625 0.453125 0.046875 0.090625
1 0.5140625 0.25703125 0.0171875 0.034375
1 0.6296875 0.28828125 0.0203125 0.040625
1 0.79765625 0.28125 0.0125 0.025
1 0.60546875 0.246875 0.0109375 0.025
0 0.57265625 0.4984375 0.0671875 0.1390625
0 0.5890625 0.23671875 0.0109375 0.0203125
1 0.89765625 0.30546875 0.0140625 0.028125
0 0.7484375 0.2625 0.0109375 0.021875
1 0.73828125 0.26875 0.0125 0.025
1 0.97578125 0.3234375 0.0171875 0.03125
0 0.6 0.40390625 0.0453125 0.0921875
0 0.50859375 0.22734375 0.0109375 0.0203125
1 0.55 0.23984375 0.0125 0.025
0 0.6671875 0.24765625 0.0109375 0.021875
0 0.4015625 0.68984375 0.1203125 0.246875
1 0.51484375 0.2375 0.0125 0.025
1 0.6734375 0.25703125 0.0125 0.0234375
1 0.484375 0.24921875 0.0140625 0.028125
1 0.48671875 0.23828125 0.0140625 0.028125