0 0.72421875 0.28046875 0.01171875 0.05
0 0.1546875 0.31328125 0.00859375 0.03515625
0 0.246875 0.29375 0.0078125 0.0328125
0 0.55546875 0.26015625 0.0078125 0.03515625
0 0.3578125 0.275 0.00703125 0.0328125
0 0.64609375 0.2640625 0.009375 0.04140625
0 0.46328125 0.2640625 0.00625 0.0328125
1 0.365625 0.26171875 0.00546875 0.02734375
1 0.7375 0.24453125 0.00859375 0.03671875
1 0.49609375 0.24765625 0.00625 0.028125
0 0.63515625 0.5125 0.04375 0.153125
1 0.1125 0.30703125 0.00703125 0.03125
1 0.61328125 0.2421875 0.00703125 0.03046875
1 0.85859375 0.2578125 0.01171875 0.046875
0 0.071875 0.6828125 0.0453125 0.20234375
0 0.78203125 0.3890625 0.01953125 0.10234375
1 0.2296875 0.28359375 0.00625 0.028125
0 0.778125 0.31484375 0.009375 0.06640625