0 0.23203125 0.325 0.0265625 0.0765625
0 0.74296875 0.3484375 0.009375 0.028125
0 0.8234375 0.4140625 0.015625 0.0453125
0 0.528125 0.40546875 0.0265625 0.0765625
1 0.21953125 0.2546875 0.0171875 0.0484375
1 0.6796875 0.3609375 0.0140625 0.0390625
1 0.48671875 0.33984375 0.01875 0.0546875
1 0.2953125 0.22109375 0.009375 0.025
1 0.61875 0.36171875 0.0171875 0.0484375
1 0.32734375 0.29609375 0.0203125 0.053125
1 0.6890625 0.34765625 0.0109375 0.0328125
0 0.76015625 0.43203125 0.021875 0.0609375
1 0.61796875 0.30859375 0.0078125 0.025
0 0.16640625 0.1921875 0.0078125 0.0265625
0 0.8 0.38203125 0.0109375 0.03125
0 0.334375 0.2203125 0.0078125 0.0203125
1 0.1953125 0.215625 0.0109375 0.0359375
1 0.5625 0.2890625 0.0078125 0.025
0 0.24765625 0.20390625 0.009375 0.025
1 0.4984375 0.26875 0.0078125 0.0234375
0 0.5953125 0.29140625 0.0078125 0.0203125
0 0.67265625 0.31875 0.009375 0.025
0 0.42421875 0.2421875 0.00625 0.0203125
1 0.2375 0.21484375 0.0109375 0.028125
1 0.42890625 0.25 0.0078125 0.0234375
1 0.1796875 0.22734375 0.0109375 0.0390625
1 0.66328125 0.3296875 0.009375 0.028125
0 0.51328125 0.265625 0.00625 0.0203125
1 0.359375 0.23359375 0.0078125 0.025