0 0.39375 0.45078125 0.021875 0.06875
0 0.28828125 0.6078125 0.0484375 0.15
0 0.72578125 0.415625 0.0140625 0.04375
0 0.5171875 0.4234375 0.01875 0.053125
0 0.8296875 0.4234375 0.0140625 0.04375
0 0.62734375 0.41640625 0.0140625 0.046875
1 0.3375 0.32421875 0.003125 0.0140625
1 0.390625 0.32109375 0.003125 0.0109375
1 0.425 0.32265625 0.003125 0.0109375
0 0.375 0.325 0.003125 0.0125
1 0.69609375 0.4796875 0.021875 0.075
1 0.81015625 0.4609375 0.0203125 0.0609375
1 0.7890625 0.6046875 0.040625 0.1265625
0 0.50078125 0.33359375 0.003125 0.0140625
0 0.45546875 0.3296875 0.003125 0.0140625
0 0.41171875 0.328125 0.003125 0.0140625
1 0.52265625 0.33203125 0.003125 0.0125
1 0.51875 0.33359375 0.003125 0.0125