0 0.18671875 0.46484375 0.01875 0.0671875
0 0.34453125 0.40859375 0.009375 0.0390625
1 0.4859375 0.4859375 0.0234375 0.0765625
1 0.93984375 0.434375 0.009375 0.040625
0 0.24296875 0.43515625 0.0140625 0.05
0 0.18984375 0.36875 0.0046875 0.0171875
0 0.20078125 0.390625 0.00625 0.028125
1 0.8359375 0.39609375 0.00625 0.028125
0 0.26875 0.3734375 0.00625 0.0234375
0 0.4328125 0.390625 0.0078125 0.03125
0 0.5671875 0.38046875 0.00625 0.0265625
1 0.153125 0.37578125 0.0046875 0.01875
1 0.72421875 0.396875 0.00625 0.0296875
0 0.0640625 0.4125 0.009375 0.03125
0 0.8890625 0.3875 0.00625 0.025
0 0.14765625 0.3984375 0.00625 0.03125
0 0.16796875 0.55390625 0.03125 0.1078125
0 0.73671875 0.38046875 0.00625 0.0234375
0 0.24453125 0.38125 0.00625 0.025
0 0.509375 0.3828125 0.0078125 0.0296875
0 0.14453125 0.3671875 0.003125 0.0171875
1 0.065625 0.39609375 0.0046875 0.025
1 0.17734375 0.3796875 0.0046875 0.01875
0 0.09140625 0.36875 0.003125 0.0171875
1 0.928125 0.4140625 0.009375 0.0359375
0 0.8046875 0.38203125 0.00625 0.0234375
1 0.60546875 0.39765625 0.0078125 0.03125
1 0.51484375 0.4109375 0.0109375 0.0390625
1 0.09765625 0.3734375 0.003125 0.0171875
0 0.13359375 0.73203125 0.0625 0.2046875
1 0.14609375 0.384375 0.003125 0.0234375
0 0.23984375 0.3703125 0.0046875 0.0203125
1 0.45078125 0.43359375 0.0140625 0.0515625
1 0.646875 0.58359375 0.0375 0.1171875