0 0.16015625 0.2890625 0.0109375 0.025
0 0.57734375 0.25703125 0.009375 0.0234375
0 0.353125 0.27109375 0.009375 0.025
0 0.04609375 0.30625 0.0140625 0.03125
1 0.196875 0.29609375 0.0125 0.0296875
1 0.1578125 0.5203125 0.059375 0.1296875
1 0.340625 0.2828125 0.0109375 0.028125
0 0.53828125 0.2609375 0.009375 0.025
1 0.6625 0.26171875 0.0125 0.0296875
1 0.42890625 0.278125 0.0125 0.03125
0 0.44296875 0.265625 0.009375 0.0234375
1 0.0140625 0.3296875 0.0171875 0.0375
0 0.603125 0.25390625 0.0078125 0.0203125
1 0.09609375 0.31171875 0.0140625 0.034375
1 0.6734375 0.2390625 0.0078125 0.01875
1 0.7796875 0.2296875 0.00625 0.015625
0 0.59921875 0.24296875 0.00625 0.0171875
1 0.86328125 0.22890625 0.00625 0.015625
1 0.2546875 0.28828125 0.0109375 0.028125
0 0.61328125 0.24921875 0.0078125 0.0203125
1 0.571875 0.271875 0.0125 0.0265625
0 0.625 0.234375 0.00625 0.0140625
1 0.6859375 0.234375 0.00625 0.015625
1 0.50078125 0.27578125 0.0109375 0.028125
1 0.70546875 0.24921875 0.0078125 0.0203125
1 0.74140625 0.23046875 0.00625 0.0140625
0 0.2578125 0.27890625 0.009375 0.0234375
1 0.69921875 0.25625 0.0078125 0.0203125
1 0.81953125 0.2296875 0.00625 0.0171875
0 0.49609375 0.2640625 0.0078125 0.025
1 0.70859375 0.23359375 0.00625 0.015625
1 0.89453125 0.228125 0.0078125 0.0171875
0 0.7640625 0.22734375 0.00625 0.0140625
0 0.60234375 0.2375 0.00625 0.015625
1 0.69453125 0.24453125 0.00625 0.0203125
1 0.44453125 0.65234375 0.0921875 0.209375
0 0.884375 0.22578125 0.00625 0.0140625
0 0.6125 0.24765625 0.0046875 0.0171875