0 0.353125 0.3046875 0.0125 0.05234375
0 0.196875 0.3546875 0.02265625 0.08125
0 0.32890625 0.24765625 0.00625 0.03125
0 0.259375 0.23125 0.00546875 0.025
0 0.06640625 0.2078125 0.00625 0.025
1 0.221875 0.2453125 0.0078125 0.03359375
1 0.23359375 0.26171875 0.01015625 0.03984375
1 0.10390625 0.50234375 0.0515625 0.1578125
1 0.18828125 0.2828125 0.0125 0.05234375
1 0.17890625 0.2328125 0.00703125 0.03046875
1 0.1140625 0.22265625 0.0078125 0.0296875
0 0.37109375 0.26953125 0.009375 0.03671875
0 0.171875 0.21875 0.00546875 0.02421875