0 0.25390625 0.57109375 0.0390625 0.1234375
0 0.58046875 0.38984375 0.009375 0.0296875
1 0.67890625 0.40859375 0.0109375 0.0359375
0 0.34765625 0.45390625 0.0203125 0.06875
1 0.875 0.48984375 0.0203125 0.0625
1 0.74296875 0.4078125 0.009375 0.0328125
1 0.90625 0.42265625 0.0109375 0.0328125
0 0.66171875 0.38828125 0.0078125 0.028125
0 0.73359375 0.390625 0.0078125 0.025
1 0.92109375 0.45078125 0.0140625 0.0484375
1 0.6234375 0.415625 0.0109375 0.0390625
0 0.828125 0.40078125 0.0078125 0.0265625
0 0.95078125 0.4203125 0.0078125 0.028125
1 0.61484375 0.44375 0.015625 0.05
0 0.41171875 0.41328125 0.0140625 0.0453125
1 0.7984375 0.40625 0.0078125 0.028125
0 0.49375 0.39453125 0.0109375 0.0359375
1 0.86796875 0.4625 0.0109375 0.0484375
1 0.6046875 0.484375 0.01875 0.0671875
1 0.6953125 0.596875 0.0390625 0.121875