0 0.2703125 0.49921875 0.0234375 0.028125
0 0.28359375 0.4828125 0.015625 0.01875
0 0.321875 0.48046875 0.0125 0.015625
0 0.36953125 0.484375 0.009375 0.0125
0 0.37578125 0.53359375 0.0265625 0.0359375
0 0.45078125 0.496875 0.009375 0.0109375
0 0.5515625 0.62421875 0.05 0.0640625
0 0.59453125 0.5546875 0.01875 0.025
0 0.51796875 0.5078125 0.009375 0.0125
0 0.57109375 0.51953125 0.0078125 0.0125
0 0.615625 0.53046875 0.009375 0.0125
0 0.66953125 0.54453125 0.009375 0.0140625
0 0.896875 0.60703125 0.0203125 0.025
1 0.1640625 0.46796875 0.015625 0.021875
1 0.3890625 0.49921875 0.0140625 0.0203125
1 0.4203125 0.5484375 0.03125 0.040625
1 0.58125 0.54140625 0.0171875 0.0203125
1 0.75625 0.58125 0.0203125 0.0265625
1 0.87265625 0.61328125 0.0265625 0.03125