0 0.24453125 0.32109375 0.025 0.065625
0 0.38828125 0.309375 0.015625 0.046875
0 0.859375 0.403125 0.0109375 0.03125
1 0.63125 0.37734375 0.015625 0.0453125
1 0.9203125 0.4421875 0.0140625 0.0375
0 0.50859375 0.31953125 0.0125 0.0375
1 0.73828125 0.39296875 0.0140625 0.0421875
1 0.51328125 0.503125 0.0359375 0.115625
1 0.80234375 0.4078125 0.0140625 0.0390625
1 0.52265625 0.4140625 0.025 0.0765625
1 0.56875 0.384375 0.0203125 0.059375
0 0.73671875 0.3671875 0.0109375 0.0328125
0 0.62734375 0.340625 0.009375 0.03125
1 0.66015625 0.765625 0.0734375 0.196875