1 0.896875 0.47421875 0.0234375 0.0546875
0 0.38515625 0.246875 0.0125 0.028125
0 0.48359375 0.284375 0.0140625 0.0328125
0 0.91796875 0.4453125 0.01875 0.040625
0 0.271875 0.20078125 0.0125 0.028125
1 0.73671875 0.41640625 0.021875 0.0515625
1 0.23359375 0.46328125 0.0734375 0.1515625
1 0.1640625 0.18359375 0.015625 0.034375
0 0.1734375 0.1703125 0.0109375 0.025
1 0.43046875 0.29140625 0.0171875 0.040625
0 0.76640625 0.38515625 0.015625 0.0390625
0 0.61953125 0.33515625 0.0140625 0.0359375
1 0.30078125 0.2296875 0.0140625 0.034375
1 0.5875 0.3609375 0.0203125 0.05