0 0.32421875 0.3296875 0.0203125 0.053125
0 0.178125 0.40390625 0.034375 0.084375
0 0.29140625 0.27734375 0.0109375 0.03125
0 0.2203125 0.271875 0.009375 0.025
0 0.02578125 0.27890625 0.009375 0.025
1 0.18515625 0.2921875 0.0125 0.034375
1 0.19921875 0.30625 0.015625 0.040625
1 0.109375 0.5640625 0.075 0.1640625
1 0.1578125 0.334375 0.0203125 0.053125
1 0.14140625 0.28671875 0.0109375 0.03125
1 0.07578125 0.28671875 0.0125 0.03125
0 0.33671875 0.2921875 0.015625 0.0375
0 0.13203125 0.2734375 0.009375 0.025