0 0.490625 0.25234375 0.0125 0.03125
0 0.4890625 0.359375 0.03125 0.078125
0 0.5734375 0.24765625 0.0109375 0.0265625
0 0.88203125 0.26796875 0.0125 0.028125
0 0.4203125 0.29921875 0.021875 0.0515625
1 0.59375 0.278125 0.0171875 0.040625
0 0.434375 0.5359375 0.0703125 0.1609375
1 0.6125 0.2671875 0.015625 0.0359375
1 0.615625 0.2921875 0.01875 0.0453125
0 0.49921875 0.41328125 0.040625 0.103125
1 0.70859375 0.26328125 0.0125 0.03125
0 0.7734375 0.25703125 0.0109375 0.025
0 0.428125 0.2671875 0.015625 0.0375
1 0.89140625 0.4171875 0.0390625 0.090625
1 0.75234375 0.3421875 0.0265625 0.0625
1 0.65859375 0.26328125 0.0125 0.03125
0 0.6703125 0.25 0.0109375 0.025
1 0.98515625 0.29609375 0.0171875 0.0375
1 0.88046875 0.28203125 0.0140625 0.03125
1 0.7828125 0.2703125 0.0140625 0.03125
0 0.2046875 0.73203125 0.053125 0.13125