0 0.7890625 0.36796875 0.0140625 0.03125
1 0.41015625 0.28203125 0.0234375 0.053125
0 0.41953125 0.2484375 0.0171875 0.0375
0 0.6671875 0.31953125 0.0140625 0.03125
1 0.33515625 0.29765625 0.034375 0.071875
0 0.5453125 0.28046875 0.0140625 0.03125
1 0.29453125 0.36796875 0.0515625 0.1078125
0 0.14609375 0.22421875 0.03125 0.0671875
1 0.49765625 0.2890625 0.0203125 0.046875
1 0.6921875 0.34375 0.015625 0.0375
0 0.28984375 0.2265625 0.021875 0.046875
0 0.91875 0.425 0.015625 0.0359375
1 0.5921875 0.31171875 0.0171875 0.040625
1 0.8984375 0.43046875 0.01875 0.040625
1 0.79296875 0.384375 0.0171875 0.0375
1 0.3921875 0.59296875 0.0921875 0.196875