1 0.9015625 0.571875 0.071875 0.15625
0 0.4984375 0.4421875 0.025 0.0578125
0 0.50078125 0.51015625 0.040625 0.0890625
0 0.48515625 0.41171875 0.0171875 0.040625
0 0.29375 0.778125 0.1015625 0.20625
1 0.821875 0.31875 0.015625 0.0328125
0 0.55625 0.3578125 0.0109375 0.0234375
0 0.6609375 0.334375 0.0109375 0.021875
1 0.6984375 0.334375 0.0109375 0.025
1 0.68828125 0.39609375 0.028125 0.0546875
0 0.4640625 0.38671875 0.0125 0.0265625
0 0.60546875 0.34453125 0.0109375 0.0234375
1 0.6375 0.3796875 0.01875 0.0421875
1 0.7765625 0.440625 0.0375 0.08125
0 0.50625 0.37109375 0.0109375 0.025
0 0.83125 0.303125 0.0109375 0.0234375
0 0.89921875 0.29921875 0.0125 0.0296875
1 0.87734375 0.3265625 0.01875 0.0375
1 0.5796875 0.36328125 0.0125 0.028125
0 0.47109375 0.40078125 0.0140625 0.0328125
1 0.63203125 0.34765625 0.0109375 0.0234375
1 0.7640625 0.32578125 0.0109375 0.025
1 0.59453125 0.3734375 0.0171875 0.034375
0 0.728125 0.32109375 0.0109375 0.025