0 0.08828125 0.440625 0.028125 0.0578125
0 0.790625 0.2359375 0.0109375 0.0234375
0 0.74140625 0.24140625 0.009375 0.0203125
0 0.1203125 0.40390625 0.0203125 0.0421875
1 0.875 0.23671875 0.0171875 0.034375
1 0.3546875 0.4703125 0.04375 0.0921875
0 0.040625 0.4921875 0.0375 0.078125
0 0.175 0.36796875 0.0140625 0.03125
1 0.7296875 0.25234375 0.0140625 0.0265625
0 0.30625 0.3234375 0.009375 0.021875
1 0.40625 0.31015625 0.0125 0.0265625
1 0.30546875 0.39609375 0.0265625 0.0546875
0 0.25 0.34453125 0.0125 0.0265625
1 0.63515625 0.2515625 0.009375 0.0203125
0 0.84375 0.21015625 0.00625 0.015625
0 0.825 0.215625 0.00625 0.0140625
1 0.84609375 0.19921875 0.0046875 0.0125
1 0.31484375 0.3484375 0.015625 0.034375
1 0.64453125 0.24609375 0.0078125 0.0171875
1 0.7671875 0.2203125 0.00625 0.0140625
1 0.36875 0.32734375 0.0125 0.028125
1 0.65625 0.253125 0.0109375 0.0234375
1 0.51015625 0.26953125 0.00625 0.015625
0 0.85234375 0.2046875 0.00625 0.0140625
1 0.61640625 0.2328125 0.0046875 0.0109375
0 0.8921875 0.2265625 0.009375 0.0234375
1 0.290625 0.3671875 0.01875 0.040625
0 0.3390625 0.309375 0.009375 0.0203125
1 0.46875 0.28125 0.0078125 0.0171875
1 0.52578125 0.26171875 0.00625 0.0140625
1 0.6765625 0.23671875 0.00625 0.015625
0 0.72109375 0.24140625 0.009375 0.0203125
0 0.4765625 0.265625 0.00625 0.0140625
0 0.50078125 0.25859375 0.00625 0.0140625
0 0.4140625 0.2875 0.0078125 0.0171875
0 0.37578125 0.3 0.0078125 0.0171875
1 0.60390625 0.75 0.06875 0.159375
0 0.87421875 0.1984375 0.00625 0.0140625
0 0.79453125 0.221875 0.00625 0.015625
1 0.64140625 0.2265625 0.0046875 0.0109375
1 0.434375 0.28828125 0.0078125 0.0171875
0 0.70859375 0.23984375 0.0078125 0.0171875
1 0.584375 0.24296875 0.0046875 0.0125
1 0.6 0.2375 0.0046875 0.0125
1 0.72421875 0.228125 0.0046875 0.0140625
1 0.77578125 0.21484375 0.00625 0.0140625
1 0.5640625 0.24921875 0.00625 0.0140625
1 0.5390625 0.25546875 0.00625 0.015625
0 0.45625 0.27421875 0.00625 0.015625
1 0.41484375 0.3 0.0109375 0.021875
1 0.8140625 0.19375 0.003125 0.009375
1 0.78203125 0.19765625 0.0046875 0.0109375
0 0.52734375 0.2515625 0.0046875 0.0109375
0 0.63046875 0.22734375 0.0046875 0.0109375
0 0.5734375 0.23671875 0.0046875 0.0109375
0 0.87890625 0.18203125 0.0046875 0.0109375
1 0.78984375 0.2125 0.00625 0.0140625
1 0.853125 0.1875 0.0046875 0.0109375
0 0.5515625 0.24453125 0.0046875 0.0109375
0 0.72734375 0.2328125 0.0078125 0.0171875
0 0.8359375 0.1875 0.0046875 0.0109375
0 0.596875 0.23203125 0.003125 0.009375
1 0.71328125 0.209375 0.0046875 0.0109375
1 0.66640625 0.2203125 0.0046875 0.0109375
1 0.7453125 0.203125 0.0046875 0.0109375
0 0.659375 0.22109375 0.003125 0.009375
1 0.69296875 0.21484375 0.0046875 0.0109375
0 0.690625 0.2140625 0.0046875 0.0109375
0 0.728125 0.20703125 0.003125 0.0078125
0 0.76015625 0.2 0.003125 0.0078125
0 0.79375 0.19375 0.003125 0.009375