0 0.54765625 0.30078125 0.0125 0.03125
0 0.60078125 0.31171875 0.0109375 0.028125
0 0.26171875 0.26171875 0.0296875 0.0640625
0 0.64921875 0.3234375 0.0109375 0.025
0 0.390625 0.27578125 0.021875 0.0484375
1 0.68984375 0.365625 0.015625 0.034375
0 0.47890625 0.2875 0.015625 0.0375
0 0.10859375 0.2859375 0.053125 0.1046875
1 0.5140625 0.50625 0.05625 0.128125
1 0.8078125 0.39375 0.0109375 0.021875
1 0.71796875 0.36328125 0.0125 0.028125
1 0.6453125 0.375 0.0203125 0.0453125
0 0.7015625 0.3421875 0.009375 0.0203125
1 0.58984375 0.396875 0.028125 0.065625
0 0.7546875 0.3640625 0.0078125 0.0203125
0 0.8234375 0.39453125 0.0078125 0.01875
1 0.59375 0.234375 0.0046875 0.0109375
1 0.5296875 0.20859375 0.00625 0.0140625
0 0.946875 0.44453125 0.009375 0.0203125
1 0.56484375 0.225 0.00625 0.0125
1 0.7546875 0.37265625 0.0109375 0.0234375
1 0.825 0.33984375 0.0046875 0.0109375
1 0.8828125 0.378125 0.00625 0.0125
0 0.55390625 0.225 0.00625 0.0140625
0 0.8015625 0.33515625 0.0046875 0.0109375
0 0.7390625 0.3046875 0.00625 0.0109375
0 0.93515625 0.40859375 0.00625 0.0140625
0 0.88671875 0.3859375 0.00625 0.0125
0 0.76796875 0.31875 0.0046875 0.009375
1 0.85078125 0.35234375 0.00625 0.0109375
0 0.59609375 0.2421875 0.00625 0.0109375
0 0.71015625 0.28984375 0.0046875 0.009375
1 0.78671875 0.325 0.0046875 0.009375
0 0.6859375 0.278125 0.00625 0.0109375
0 0.8890625 0.421875 0.0078125 0.0203125
1 0.8296875 0.3484375 0.00625 0.0109375
1 0.92734375 0.4015625 0.00625 0.0140625
1 0.76328125 0.31171875 0.0046875 0.0109375
0 0.82421875 0.3515625 0.00625 0.0125
1 0.7984375 0.32734375 0.0046875 0.009375
0 0.5046875 0.20234375 0.00625 0.0109375
0 0.8484375 0.365625 0.00625 0.0125
1 0.4953125 0.190625 0.00625 0.0109375
1 0.88828125 0.43046875 0.0109375 0.021875
1 0.659375 0.2625 0.0046875 0.0109375
0 0.46796875 0.18515625 0.00625 0.0125
1 0.46796875 0.17890625 0.0046875 0.0109375
0 0.65625 0.265625 0.0046875 0.0125
0 0.43828125 0.16796875 0.00625 0.0125