0 0.4859375 0.57109375 0.03125 0.0390625
0 0.23828125 0.57734375 0.03125 0.0265625
0 0.1625 0.54921875 0.015625 0.021875
0 0.42265625 0.52421875 0.0109375 0.0171875
0 0.7390625 0.52734375 0.025 0.0203125
0 0.590625 0.50703125 0.009375 0.0140625
0 0.53984375 0.5015625 0.0078125 0.0125
1 0.47265625 0.61796875 0.053125 0.0453125
1 0.45703125 0.5453125 0.0203125 0.028125
1 0.24765625 0.61796875 0.0375 0.05
1 0.29609375 0.54453125 0.01875 0.021875
1 0.69140625 0.5125 0.0140625 0.021875
1 0.61640625 0.515625 0.015625 0.0203125
1 0.53515625 0.50625 0.009375 0.0140625
1 0.7078125 0.825 0.0640625 0.121875