0 0.903125 0.38125 0.015625 0.05
1 0.53359375 0.36875 0.01875 0.0625
1 0.3421875 0.35 0.0171875 0.0640625
0 0.253125 0.41875 0.0265625 0.0953125
0 0.63203125 0.45234375 0.0265625 0.0953125
1 0.675 0.3640625 0.015625 0.053125
0 0.84921875 0.34453125 0.0109375 0.0359375
1 0.415625 0.26796875 0.00625 0.025
1 0.7234375 0.32890625 0.0078125 0.034375
0 0.76953125 0.31796875 0.0078125 0.0296875
0 0.8703125 0.42265625 0.0203125 0.06875
1 0.728125 0.34765625 0.0125 0.0421875
1 0.56328125 0.28515625 0.00625 0.025
1 0.20859375 0.321875 0.015625 0.053125
0 0.13203125 0.25703125 0.0078125 0.028125
1 0.340625 0.2640625 0.0078125 0.025
0 0.5953125 0.28125 0.00625 0.021875
0 0.40703125 0.2609375 0.0046875 0.0203125
1 0.628125 0.29765625 0.0078125 0.028125
0 0.2171875 0.25390625 0.0078125 0.0265625
0 0.309375 0.2546875 0.00625 0.021875
0 0.6828125 0.29765625 0.00625 0.025
1 0.68515625 0.3125 0.0078125 0.03125
1 0.27265625 0.2640625 0.0078125 0.028125
1 0.21171875 0.26796875 0.009375 0.03125
0 0.503125 0.26953125 0.0046875 0.0203125
1 0.4921875 0.27578125 0.00625 0.021875
1 0.17109375 0.27890625 0.0078125 0.0359375
1 0.15703125 0.2953125 0.009375 0.0421875