0 0.29375 0.55703125 0.0484375 0.0890625
0 0.471875 0.46171875 0.021875 0.053125
0 0.50078125 0.41953125 0.015625 0.034375
0 0.5078125 0.39921875 0.0109375 0.025
0 0.57421875 0.384375 0.009375 0.0203125
0 0.6796875 0.36953125 0.009375 0.01875
0 0.725 0.36328125 0.0078125 0.0171875
0 0.76875 0.34921875 0.0046875 0.0109375
0 0.834375 0.3390625 0.0046875 0.0109375
0 0.8703125 0.334375 0.0046875 0.0109375
0 0.75234375 0.3578125 0.00625 0.015625
0 0.746875 0.3546875 0.0046875 0.0140625
1 0.31953125 0.38125 0.0078125 0.01875
1 0.3265625 0.3796875 0.00625 0.015625
1 0.74765625 0.4484375 0.03125 0.0578125
1 0.6953125 0.40703125 0.015625 0.0328125
1 0.69140625 0.39296875 0.0109375 0.0265625
1 0.69921875 0.38203125 0.009375 0.025
1 0.77734375 0.371875 0.0109375 0.021875
1 0.82890625 0.36328125 0.009375 0.0203125
1 0.85 0.359375 0.0078125 0.0171875
1 0.84765625 0.353125 0.0046875 0.015625
1 0.82578125 0.3515625 0.00625 0.0171875
1 0.82890625 0.346875 0.0046875 0.0109375
1 0.8609375 0.3421875 0.0046875 0.0125
1 0.88671875 0.33828125 0.0046875 0.0109375