1 0.9109375 0.328125 0.009375 0.025
1 0.9328125 0.34140625 0.009375 0.028125
1 0.42265625 0.23671875 0.003125 0.0125
1 0.234375 0.21953125 0.003125 0.0140625
1 0.88125 0.3203125 0.00625 0.021875
1 0.65 0.2796875 0.0046875 0.01875
0 0.890625 0.31328125 0.0046875 0.01875
0 0.728125 0.28828125 0.0046875 0.01875
1 0.61484375 0.271875 0.0046875 0.0171875
0 0.33984375 0.228125 0.003125 0.0125
1 0.58359375 0.265625 0.003125 0.0171875
1 0.74140625 0.29609375 0.00625 0.0203125
1 0.5234375 0.24375 0.003125 0.0109375
0 0.76171875 0.29375 0.0046875 0.0171875
0 0.6984375 0.28125 0.003125 0.0171875
0 0.63515625 0.26875 0.003125 0.0140625
1 0.34921875 0.54453125 0.0484375 0.153125
0 0.80390625 0.3 0.003125 0.0171875
0 0.3828125 0.23046875 0.003125 0.0125
1 0.26640625 0.22265625 0.0046875 0.0140625
1 0.54296875 0.24609375 0.003125 0.0109375
1 0.08046875 0.20078125 0.003125 0.0125
1 0.30546875 0.2265625 0.0046875 0.0140625
1 0.48359375 0.2390625 0.003125 0.0109375
1 0.35390625 0.23125 0.003125 0.0140625
1 0.4640625 0.23671875 0.003125 0.0109375
0 0.3140625 0.225 0.003125 0.0125
1 0.45390625 0.23671875 0.003125 0.0109375
1 0.50625 0.2421875 0.003125 0.0109375
1 0.57578125 0.25546875 0.003125 0.0109375
1 0.05078125 0.1984375 0.003125 0.0109375
0 0.2875 0.22265625 0.003125 0.0125
0 0.41015625 0.23125 0.003125 0.0109375
0 0.36171875 0.22890625 0.003125 0.0125
0 0.65390625 0.27265625 0.0046875 0.015625
0 0.6234375 0.2640625 0.003125 0.0140625
0 0.625 0.265625 0.003125 0.0125
0 0.6296875 0.2625 0.003125 0.0125
1 0.4421875 0.23671875 0.003125 0.0125
1 0.5578125 0.25703125 0.003125 0.0140625
0 0.671875 0.2765625 0.003125 0.015625
1 0.39296875 0.23515625 0.003125 0.0140625
1 0.565625 0.26015625 0.003125 0.0140625
1 0.80703125 0.30625 0.0046875 0.0203125
0 0.1125 0.2015625 0.003125 0.0109375
0 0.0625 0.19765625 0.003125 0.0109375
1 0.1171875 0.20546875 0.003125 0.0125
1 0.69609375 0.28828125 0.00625 0.0203125
1 0.69921875 0.7671875 0.034375 0.1484375
0 0.603125 0.25390625 0.003125 0.0109375
1 0.56171875 0.25546875 0.003125 0.0125
1 0.5734375 0.25390625 0.003125 0.0125
0 0.22421875 0.21484375 0.003125 0.0109375
1 0.190625 0.21484375 0.003125 0.0125
0 0.4328125 0.2328125 0.003125 0.009375
0 0.4671875 0.23515625 0.003125 0.0109375
0 0.3953125 0.23125 0.003125 0.0109375