0 0.15703125 0.26328125 0.034375 0.06875
0 0.35625 0.25859375 0.0140625 0.0296875
0 0.384375 0.2578125 0.0125 0.028125
1 0.36796875 0.4125 0.04375 0.09375
1 0.434375 0.3328125 0.025 0.05
0 0.25859375 0.25625 0.0234375 0.0484375
1 0.4546875 0.3171875 0.01875 0.040625
0 0.43203125 0.2546875 0.0109375 0.021875
1 0.85 0.48125 0.015625 0.03125
1 0.41796875 0.6640625 0.096875 0.1953125
1 0.40859375 0.35625 0.0296875 0.0625
1 0.4703125 0.30546875 0.0140625 0.0328125
1 0.48125 0.2984375 0.0125 0.028125
0 0.31328125 0.2578125 0.0171875 0.0375
0 0.4078125 0.25625 0.0109375 0.025
0 0.45234375 0.253125 0.009375 0.0203125
0 0.46796875 0.25078125 0.0078125 0.0171875
0 0.47890625 0.24921875 0.0078125 0.0171875
0 0.49296875 0.24921875 0.00625 0.0140625
0 0.5078125 0.2515625 0.00625 0.0140625
0 0.51875 0.25078125 0.00625 0.0140625
1 0.503125 0.2890625 0.009375 0.021875
1 0.5140625 0.284375 0.009375 0.01875
1 0.52109375 0.278125 0.0078125 0.0171875
1 0.53046875 0.27421875 0.0078125 0.0171875
1 0.5390625 0.271875 0.00625 0.015625
1 0.54609375 0.27109375 0.00625 0.0140625
1 0.86796875 0.44609375 0.0078125 0.0171875
1 0.8578125 0.434375 0.0078125 0.0171875
1 0.8453125 0.44140625 0.009375 0.01875
0 0.88203125 0.440625 0.0078125 0.015625
0 0.8546875 0.4234375 0.00625 0.0140625
1 0.80703125 0.4421875 0.0109375 0.025
1 0.81796875 0.4375 0.0109375 0.0203125
1 0.82578125 0.4125 0.00625 0.0140625
0 0.82265625 0.4046875 0.00625 0.0140625
0 0.90234375 0.48671875 0.0109375 0.025
0 0.9078125 0.48203125 0.009375 0.021875
0 0.91796875 0.465625 0.00625 0.015625
0 0.93828125 0.5171875 0.0140625 0.028125
0 0.9359375 0.49296875 0.009375 0.021875
0 0.940625 0.4859375 0.0078125 0.0171875
0 0.5265625 0.25 0.0046875 0.0125
0 0.5390625 0.25234375 0.0046875 0.0109375
0 0.54921875 0.25703125 0.0046875 0.0109375
1 0.5546875 0.2703125 0.0046875 0.0109375
1 0.56953125 0.271875 0.0046875 0.0109375
0 0.57421875 0.265625 0.0046875 0.0109375
0 0.61171875 0.28515625 0.0046875 0.0109375
1 0.59921875 0.2828125 0.0046875 0.0125
1 0.63984375 0.30234375 0.0046875 0.0109375
0 0.65078125 0.3046875 0.0046875 0.0109375
1 0.68046875 0.32265625 0.0046875 0.0125
0 0.70546875 0.3328125 0.0046875 0.0109375
1 0.7171875 0.34453125 0.0046875 0.0125
0 0.734375 0.34921875 0.0046875 0.0125
1 0.75078125 0.365625 0.00625 0.0140625
0 0.76171875 0.365625 0.0046875 0.0125
0 0.79296875 0.38515625 0.0046875 0.0125
1 0.7890625 0.3890625 0.00625 0.0140625