1 0.52578125 0.4203125 0.0359375 0.0859375
0 0.52734375 0.334375 0.0140625 0.03125
0 0.4046875 0.34140625 0.0171875 0.040625
1 0.57890625 0.37890625 0.0234375 0.05625
0 0.64453125 0.33125 0.0125 0.028125
0 0.265625 0.3671875 0.021875 0.0515625
1 0.56953125 0.6015625 0.071875 0.171875
0 0.765625 0.328125 0.0125 0.0296875
1 0.778125 0.35234375 0.015625 0.0375
1 0.67265625 0.35625 0.0171875 0.0421875
0 0.121875 0.4265625 0.03125 0.071875
1 0.91328125 0.35 0.0171875 0.0359375
0 0.8890625 0.3234375 0.0125 0.028125