1 0.17109375 0.43359375 0.0296875 0.0640625
0 0.81953125 0.31640625 0.015625 0.03125
0 0.74609375 0.3078125 0.0109375 0.021875
0 0.759375 0.3109375 0.0125 0.0265625
1 0.24375 0.49296875 0.046875 0.0953125
1 0.684375 0.32265625 0.015625 0.03125
0 0.0296875 0.31953125 0.009375 0.0171875
0 0.00078125 0.34296875 0.0015625 0.0234375
0 0.3859375 0.29453125 0.00625 0.0140625
0 0.70234375 0.3 0.009375 0.0203125
1 0.36640625 0.575 0.071875 0.14375
1 0.39609375 0.29921875 0.0078125 0.0171875
1 0.10078125 0.3578125 0.0140625 0.03125
1 0.13515625 0.4 0.0234375 0.0484375
0 0.296875 0.2953125 0.00625 0.0140625
1 0.63046875 0.303125 0.0109375 0.0203125
0 0.2546875 0.29765625 0.00625 0.0140625
0 0.046875 0.315625 0.0078125 0.015625
1 0.7828125 0.33515625 0.01875 0.040625
1 0.14375 0.31015625 0.00625 0.0171875
1 0.1125 0.3765625 0.01875 0.0390625
1 0.1 0.31953125 0.0078125 0.0171875
1 0.20625 0.30390625 0.00625 0.015625
0 0.00625 0.334375 0.0109375 0.021875
0 0.08828125 0.31015625 0.0078125 0.015625
0 0.584375 0.2921875 0.0078125 0.0171875
1 0.5890625 0.29921875 0.0078125 0.01875
1 0.4640625 0.296875 0.0078125 0.0171875
0 0.646875 0.2953125 0.0078125 0.01875
0 0.0109375 0.325 0.009375 0.01875
1 0.2703125 0.3 0.00625 0.015625
0 0.82578125 0.246875 0.00625 0.0140625
0 0.4375 0.29375 0.00625 0.0140625
0 0.4859375 0.29453125 0.00625 0.015625
0 0.53671875 0.29296875 0.00625 0.0171875
0 0.21328125 0.30078125 0.00625 0.0140625
1 0.3359375 0.29921875 0.00625 0.0171875
1 0.64609375 0.31171875 0.0125 0.025
0 0.3421875 0.29453125 0.00625 0.0140625
1 0.528125 0.29765625 0.0078125 0.0203125
1 0.0875 0.3375 0.009375 0.0203125
1 0.0921875 0.34453125 0.0125 0.025
0 0.8203125 0.23984375 0.00625 0.0109375
0 0.86796875 0.24765625 0.00625 0.015625
1 0.74765625 0.7375 0.0546875 0.1171875