0 0.21015625 0.40234375 0.03125 0.08125
1 0.0484375 0.31328125 0.0171875 0.0484375
1 0.68671875 0.321875 0.009375 0.0265625
0 0.8328125 0.36015625 0.0125 0.0359375
0 0.2828125 0.32421875 0.015625 0.0453125
0 0.19140625 0.30703125 0.0140625 0.040625
0 0.1703125 0.28203125 0.009375 0.0296875
1 0.75078125 0.37421875 0.0171875 0.0484375
0 0.159375 0.2921875 0.0125 0.034375
0 0.4359375 0.33984375 0.0140625 0.0453125
1 0.6234375 0.30703125 0.00625 0.0234375
1 0.14296875 0.26875 0.0078125 0.025
0 0.60546875 0.31640625 0.00625 0.0265625
1 0.07265625 0.275 0.0109375 0.03125
1 0.87421875 0.38515625 0.0171875 0.0453125
1 0.48046875 0.44296875 0.03125 0.09375
0 0.321875 0.27734375 0.00625 0.021875
1 0.028125 0.2890625 0.0125 0.0359375
0 0.60390625 0.3375 0.0125 0.0359375
0 0.209375 0.2765625 0.009375 0.0265625
1 0.72734375 0.33828125 0.0109375 0.03125
1 0.30078125 0.2703125 0.00625 0.0234375
0 0.56484375 0.30546875 0.0078125 0.025
0 0.3765625 0.28046875 0.00625 0.021875
1 0.37109375 0.275 0.00625 0.0203125
1 0.18203125 0.346875 0.01875 0.05625
1 0.5515625 0.3921875 0.025 0.0640625
0 0.2625 0.27578125 0.0078125 0.025
1 0.48125 0.60546875 0.0546875 0.165625
1 0.4609375 0.2828125 0.00625 0.0234375
1 0.54765625 0.29296875 0.0046875 0.01875
0 0.53671875 0.34296875 0.0140625 0.040625
0 0.44609375 0.2875 0.00625 0.021875
1 0.21953125 0.2671875 0.00625 0.021875
1 0.64296875 0.375 0.0171875 0.0515625
0 0.5125 0.29609375 0.0078125 0.0203125
0 0.62421875 0.328125 0.0078125 0.034375