0 0.825 0.3515625 0.0125 0.0328125
0 0.33671875 0.23359375 0.0140625 0.0359375
1 0.25078125 0.2828125 0.028125 0.0671875
1 0.50859375 0.2765625 0.0140625 0.0375
1 0.41328125 0.26484375 0.015625 0.040625
0 0.46328125 0.253125 0.0125 0.03125
0 0.584375 0.2796875 0.0109375 0.0296875
1 0.32578125 0.2640625 0.0203125 0.05
1 0.21484375 0.34140625 0.0390625 0.1
0 0.20546875 0.225 0.01875 0.046875
1 0.803125 0.35859375 0.0140625 0.0375
1 0.3 0.49375 0.06875 0.1609375
1 0.9125 0.4015625 0.0171875 0.0421875
1 0.60703125 0.3 0.0125 0.0359375
0 0.703125 0.31171875 0.009375 0.0265625
0 0.965625 0.4078125 0.009375 0.0328125
1 0.7046875 0.32578125 0.0125 0.034375
1 0.71328125 0.765625 0.0890625 0.2296875