0 0.48125 0.33359375 0.034375 0.06875
0 0.42578125 0.278125 0.025 0.0484375
1 0.6515625 0.309375 0.0234375 0.0484375
1 0.93984375 0.5078125 0.0625 0.1140625
1 0.80703125 0.39921875 0.0359375 0.075
0 0.36015625 0.24921875 0.01875 0.0390625
1 0.72734375 0.3484375 0.028125 0.0578125
1 0.4484375 0.23984375 0.0140625 0.0296875
0 0.4859375 0.4453125 0.05625 0.11875
0 0.38984375 0.2609375 0.01875 0.040625
0 0.45390625 0.29921875 0.028125 0.0546875
0 0.32578125 0.23515625 0.0171875 0.034375
0 0.26875 0.20625 0.0109375 0.025
1 0.4921875 0.25234375 0.015625 0.0328125
0 0.49140625 0.37265625 0.0390625 0.0859375
1 0.53046875 0.26484375 0.0171875 0.0359375
0 0.3796875 0.59453125 0.1015625 0.2
1 0.39375 0.2234375 0.0125 0.025
1 0.5890625 0.28359375 0.01875 0.0390625
1 0.96796875 0.284375 0.0078125 0.015625
0 0.28046875 0.21796875 0.0140625 0.028125
1 0.98125 0.28515625 0.00625 0.0140625
1 0.9921875 0.2984375 0.0078125 0.0171875
1 0.96484375 0.296875 0.009375 0.0203125
0 0.5375 0.2203125 0.00625 0.0140625
1 0.52578125 0.2234375 0.009375 0.01875
1 0.99921875 0.29765625 0.0015625 0.0171875
1 0.99609375 0.29375 0.00625 0.015625
0 0.975 0.28125 0.00625 0.0125
1 0.5859375 0.23359375 0.009375 0.01875
0 0.60234375 0.23046875 0.0078125 0.0171875
0 0.665625 0.24140625 0.0078125 0.0171875
1 0.65625 0.2453125 0.009375 0.0203125
1 0.721875 0.25703125 0.009375 0.0203125
0 0.725 0.2515625 0.0078125 0.0171875
1 0.80390625 0.271875 0.009375 0.0203125
0 0.79765625 0.2640625 0.009375 0.0171875
0 0.83359375 0.271875 0.009375 0.01875
0 0.86796875 0.2765625 0.009375 0.0171875
1 0.8609375 0.28125 0.0109375 0.021875
0 0.8953125 0.28046875 0.0109375 0.0203125
0 0.92265625 0.28125 0.009375 0.01875
0 0.90703125 0.27421875 0.0078125 0.0171875
0 0.9109375 0.28203125 0.009375 0.01875
1 0.91328125 0.28984375 0.0109375 0.0203125
0 0.93203125 0.275 0.0078125 0.0140625
1 0.97109375 0.2859375 0.00625 0.0140625
0 0.296875 0.20078125 0.009375 0.0203125
0 0.3453125 0.20078125 0.0078125 0.0171875
1 0.38046875 0.21640625 0.0109375 0.0234375
1 0.384375 0.2125 0.009375 0.0203125
1 0.4046875 0.21328125 0.009375 0.01875
0 0.4046875 0.2046875 0.00625 0.015625
1 0.44140625 0.21328125 0.009375 0.01875
0 0.46953125 0.21171875 0.00625 0.015625
1 0.48515625 0.21875 0.009375 0.01875