0 0.45 0.56640625 0.053125 0.1234375
0 0.59375 0.51875 0.0328125 0.0828125
0 0.74921875 0.47265625 0.0171875 0.04375
0 0.11015625 0.321875 0.0203125 0.0515625
0 0.81484375 0.46484375 0.0140625 0.034375
0 0.446875 0.3703125 0.0125 0.034375
1 0.41015625 0.33515625 0.00625 0.0203125
0 0.59296875 0.3703125 0.0078125 0.01875
0 0.7203125 0.41796875 0.0109375 0.025
0 0.6234375 0.38203125 0.009375 0.01875
0 0.3265625 0.35546875 0.0171875 0.04375
1 0.884375 0.45390625 0.009375 0.0203125
1 0.7484375 0.4171875 0.0078125 0.0203125
0 0.65859375 0.39609375 0.0078125 0.0203125
0 0.78828125 0.46484375 0.0140625 0.0375
0 0.48125 0.36875 0.0109375 0.0265625
1 0.2296875 0.31484375 0.015625 0.0359375
0 0.80078125 0.4453125 0.0109375 0.025
0 0.83828125 0.4625 0.0109375 0.0296875
1 0.38515625 0.33515625 0.0078125 0.0234375
0 0.3484375 0.31875 0.0046875 0.0140625
1 0.7625 0.415625 0.0078125 0.01875
0 0.79765625 0.4234375 0.00625 0.0171875
1 0.95390625 0.4890625 0.0109375 0.028125
0 0.52109375 0.35546875 0.0078125 0.01875
1 0.95078125 0.47890625 0.009375 0.021875
1 0.89296875 0.465625 0.009375 0.025
1 0.09609375 0.27734375 0.0078125 0.0234375
1 0.36015625 0.321875 0.00625 0.0171875
1 0.3109375 0.31484375 0.0078125 0.01875
1 0.39609375 0.334375 0.0078125 0.0203125
1 0.25390625 0.3046875 0.00625 0.01875
0 0.87421875 0.44609375 0.0078125 0.01875
0 0.68125 0.48984375 0.0234375 0.0578125
0 0.3078125 0.31328125 0.00625 0.0140625
1 0.33671875 0.3328125 0.0109375 0.03125
1 0.4328125 0.33828125 0.00625 0.0171875
1 0.42890625 0.33359375 0.00625 0.0140625
1 0.18046875 0.2921875 0.0078125 0.0203125
0 0.25078125 0.3015625 0.00625 0.0171875
0 0.50703125 0.35546875 0.0078125 0.01875
1 0.81171875 0.43671875 0.0078125 0.0203125
1 0.4375 0.33203125 0.0046875 0.0140625
1 0.81640625 0.4328125 0.00625 0.0203125
0 0.0921875 0.27265625 0.0078125 0.0203125
0 0.178125 0.2875 0.0078125 0.0203125
1 0.39296875 0.328125 0.00625 0.0140625
1 0.45703125 0.340625 0.00625 0.0171875
1 0.46796875 0.33984375 0.00625 0.015625
1 0.50625 0.34609375 0.0046875 0.0140625
1 0.51796875 0.3515625 0.00625 0.015625
1 0.5859375 0.36171875 0.00625 0.0140625
1 0.6015625 0.36796875 0.0078125 0.0171875
1 0.62109375 0.36953125 0.0046875 0.0140625
1 0.74609375 0.40546875 0.00625 0.0171875
1 0.71484375 0.39921875 0.00625 0.0171875
0 0.7015625 0.38984375 0.00625 0.0171875
1 0.6875 0.39609375 0.0078125 0.01875
1 0.6703125 0.384375 0.00625 0.0171875
0 0.6734375 0.38125 0.0046875 0.0140625
1 0.63984375 0.3796875 0.00625 0.0171875
1 0.56484375 0.36015625 0.00625 0.015625
0 0.5515625 0.36171875 0.00625 0.0171875
1 0.54765625 0.35390625 0.0046875 0.0140625