0 0.7453125 0.3453125 0.009375 0.03125
1 0.1484375 0.4140625 0.034375 0.1046875
0 0.85234375 0.37265625 0.009375 0.0328125
1 0.53046875 0.31015625 0.00625 0.0296875
0 0.63984375 0.32109375 0.00625 0.0265625
1 0.615625 0.3296875 0.009375 0.034375
1 0.60234375 0.71484375 0.0640625 0.2171875
0 0.2828125 0.26015625 0.00625 0.021875
1 0.79765625 0.371875 0.0125 0.0390625
1 0.928125 0.40078125 0.0125 0.0453125
1 0.24453125 0.25859375 0.00625 0.025
1 0.434375 0.290625 0.00625 0.028125
1 0.696875 0.3484375 0.009375 0.0375
0 0.0671875 0.2375 0.00625 0.0234375
1 0.346875 0.2734375 0.00625 0.028125
0 0.36953125 0.2703125 0.00625 0.021875
0 0.44921875 0.28046875 0.00625 0.025
0 0.5453125 0.2984375 0.00625 0.0265625
0 0.17734375 0.25 0.00625 0.021875
1 0.125 0.24453125 0.0078125 0.028125