0 0.23671875 0.521875 0.034375 0.1109375
1 0.62109375 0.48515625 0.025 0.071875
1 0.7828125 0.42734375 0.0125 0.0375
1 0.71171875 0.428125 0.0140625 0.0421875
0 0.5859375 0.39765625 0.0109375 0.0359375
0 0.6796875 0.39921875 0.009375 0.03125
1 0.6484375 0.4421875 0.0171875 0.0515625
0 0.76015625 0.40234375 0.009375 0.028125
0 0.36640625 0.434375 0.01875 0.0609375
0 0.86953125 0.41796875 0.009375 0.028125
1 0.8453125 0.42890625 0.0109375 0.0328125
1 0.65703125 0.5953125 0.040625 0.121875
0 0.4796875 0.40625 0.0109375 0.04375