0 0.8359375 0.37109375 0.0125 0.03125
0 0.096875 0.23671875 0.01875 0.0515625
0 0.54375 0.27890625 0.009375 0.025
0 0.61875 0.30234375 0.0078125 0.025
1 0.2546875 0.30703125 0.025 0.065625
1 0.30546875 0.275 0.0171875 0.0453125
1 0.13359375 0.1953125 0.0109375 0.03125
1 0.653125 0.33046875 0.0109375 0.03125
1 0.55546875 0.296875 0.009375 0.028125
1 0.21015625 0.40078125 0.040625 0.1109375
0 0.46484375 0.2578125 0.0078125 0.0203125
1 0.41953125 0.2578125 0.009375 0.025
1 0.35390625 0.23515625 0.0078125 0.021875
1 0.48671875 0.67421875 0.0828125 0.20625
1 0.1640625 0.1765625 0.0078125 0.01875
1 0.76484375 0.3671875 0.0140625 0.0359375
1 0.87578125 0.40390625 0.015625 0.040625
0 0.3453125 0.2234375 0.00625 0.0171875
0 0.728125 0.3375 0.009375 0.028125
0 0.3984375 0.23828125 0.00625 0.01875
1 0.23046875 0.23125 0.0125 0.034375
1 0.2890625 0.20859375 0.0078125 0.0203125
0 0.14296875 0.16015625 0.0046875 0.015625
1 0.484375 0.27578125 0.009375 0.0265625
1 0.1296875 0.1671875 0.00625 0.0203125
0 0.2796875 0.19921875 0.00625 0.01875
1 0.215625 0.18828125 0.00625 0.0171875
0 0.1765625 0.171875 0.0046875 0.0171875
0 0.22109375 0.18359375 0.00625 0.0171875