0 0.3265625 0.5984375 0.0515625 0.115625
1 0.73828125 0.51796875 0.05625 0.11875
0 0.428125 0.4125 0.0171875 0.0390625
0 0.35 0.44765625 0.0203125 0.0484375
0 0.33203125 0.51015625 0.034375 0.0765625
0 0.58203125 0.3703125 0.0140625 0.034375
1 0.73515625 0.3640625 0.0171875 0.0375
0 0.50859375 0.38828125 0.0140625 0.034375
0 0.6609375 0.35546875 0.0125 0.03125
1 0.24609375 0.3859375 0.0046875 0.0125
1 0.55234375 0.41171875 0.0203125 0.0484375
1 0.2921875 0.371875 0.0046875 0.0109375
1 0.21875 0.38984375 0.0046875 0.009375
0 0.25859375 0.38203125 0.0046875 0.0109375
0 0.38203125 0.35859375 0.0046875 0.0109375
1 0.4015625 0.35078125 0.0046875 0.0109375
0 0.28046875 0.37890625 0.0046875 0.0109375
1 0.2328125 0.38671875 0.0046875 0.0109375
0 0.7578125 0.3390625 0.0140625 0.03125
1 0.84609375 0.3515625 0.0171875 0.0421875
0 0.9234375 0.321875 0.009375 0.025
0 0.315625 0.37265625 0.0046875 0.0125
1 0.59140625 0.44921875 0.0296875 0.0671875
1 0.63359375 0.3828125 0.01875 0.040625
0 0.3984375 0.35703125 0.0046875 0.0109375
0 0.35546875 0.3640625 0.0046875 0.0109375
1 0.22265625 0.38984375 0.0046875 0.009375
1 0.32421875 0.365625 0.0046875 0.0109375
1 0.41640625 0.35078125 0.0046875 0.0109375
1 0.4140625 0.35234375 0.0046875 0.0109375
1 0.3765625 0.35625 0.0046875 0.009375