1 0.20390625 0.38828125 0.0453125 0.1109375
0 0.8828125 0.340625 0.00625 0.0171875
1 0.5890625 0.25078125 0.003125 0.0109375
1 0.64765625 0.2671875 0.003125 0.0109375
1 0.0796875 0.3078125 0.03125 0.0859375
0 0.4109375 0.2140625 0.0046875 0.0140625
1 0.7546875 0.30234375 0.00625 0.015625
1 0.25 0.178125 0.0046875 0.015625
1 0.6171875 0.25859375 0.0046875 0.0125
1 0.209375 0.1671875 0.0046875 0.0140625
1 0.86328125 0.33828125 0.00625 0.0171875
1 0.70703125 0.2828125 0.0046875 0.0125
0 0.525 0.23359375 0.003125 0.0125
1 0.56484375 0.246875 0.003125 0.0125
1 0.909375 0.353125 0.00625 0.0171875
0 0.81015625 0.3171875 0.0046875 0.0140625
0 0.43671875 0.21953125 0.0046875 0.0140625
0 0.2390625 0.1703125 0.0046875 0.0125
1 0.46953125 0.23203125 0.0046875 0.0171875
0 0.3796875 0.20703125 0.0046875 0.0140625
0 0.95703125 0.3625 0.00625 0.0171875
0 0.33125 0.19453125 0.0046875 0.0140625
1 0.42109375 0.22109375 0.0046875 0.0171875
1 0.96875 0.37109375 0.00625 0.0171875
1 0.54765625 0.24375 0.0046875 0.0125
1 0.52890625 0.24140625 0.0046875 0.0140625
1 0.678125 0.275 0.003125 0.0125
1 0.74140625 0.29609375 0.0046875 0.0125
1 0.73125 0.29140625 0.0046875 0.0109375
1 0.4359375 0.58828125 0.065625 0.178125
1 0.31640625 0.1953125 0.0046875 0.015625
1 0.12109375 0.14921875 0.00625 0.015625
0 0.85078125 0.33046875 0.0046875 0.015625
0 0.11796875 0.14453125 0.0046875 0.0140625
0 0.46015625 0.225 0.0046875 0.0140625
0 0.47578125 0.2265625 0.0046875 0.0140625
0 0.77109375 0.3 0.0046875 0.0125
1 0.5046875 0.23828125 0.0046875 0.0140625
0 0.82421875 0.32109375 0.0046875 0.0140625
0 0.7984375 0.31171875 0.0046875 0.0140625
1 0.81640625 0.32421875 0.0046875 0.015625
0 0.91484375 0.35 0.00625 0.015625
0 0.5609375 0.2421875 0.003125 0.0125
0 0.69140625 0.2765625 0.003125 0.0109375
0 0.60390625 0.25234375 0.003125 0.0109375
1 0.775 0.31015625 0.00625 0.015625
0 0.496875 0.2296875 0.003125 0.0125
0 0.1828125 0.1578125 0.0046875 0.0140625
1 0.178125 0.1609375 0.0046875 0.015625
0 0.2890625 0.1828125 0.0046875 0.0140625
1 0.2859375 0.1875 0.00625 0.0171875
0 0.35625 0.2015625 0.0046875 0.0140625
1 0.35234375 0.20546875 0.0046875 0.015625