0 0.0765625 0.53046875 0.0453125 0.121875
1 0.30625 0.39375 0.015625 0.0484375
1 0.34609375 0.43125 0.021875 0.0640625
1 0.26796875 0.35703125 0.009375 0.03125
1 0.41171875 0.4984375 0.0328125 0.09375
0 0.11875 0.31796875 0.003125 0.0125
1 0.28515625 0.37109375 0.0125 0.0375
0 0.07890625 0.3109375 0.0046875 0.0125
0 0.153125 0.36953125 0.0125 0.0390625
0 0.1125 0.3140625 0.0046875 0.0140625
0 0.13984375 0.39375 0.0171875 0.0515625
0 0.06953125 0.309375 0.003125 0.0109375
1 0.2390625 0.32890625 0.00625 0.0203125
1 0.24609375 0.3359375 0.0078125 0.0234375
0 0.0953125 0.31953125 0.0046875 0.01875
0 0.14765625 0.3140625 0.003125 0.009375
1 0.2546875 0.34453125 0.0078125 0.0265625
0 0.11875 0.440625 0.025 0.0734375
1 0.21875 0.31640625 0.0046875 0.0140625
0 0.1609375 0.315625 0.003125 0.0109375
0 0.16015625 0.353125 0.0078125 0.03125
0 0.16484375 0.34140625 0.00625 0.0265625
1 0.22890625 0.31875 0.0046875 0.015625
1 0.69609375 0.72265625 0.034375 0.146875
0 0.153125 0.309375 0.003125 0.0109375
0 0.13203125 0.30703125 0.003125 0.0109375
1 0.2328125 0.3234375 0.00625 0.0171875
1 0.196875 0.31328125 0.0046875 0.0140625
1 0.20078125 0.31015625 0.0046875 0.0125
0 0.14375 0.31171875 0.003125 0.0125
0 0.16875 0.33515625 0.0046875 0.021875