1 0.2515625 0.5203125 0.0578125 0.11875
0 0.07734375 0.321875 0.0109375 0.0234375
1 0.34609375 0.29453125 0.009375 0.0203125
1 0.06015625 0.33203125 0.0125 0.0265625
0 0.24765625 0.30234375 0.0109375 0.0203125
1 0.2046875 0.315625 0.0109375 0.025
0 0.1625 0.3125 0.0109375 0.0203125
1 0.38203125 0.28671875 0.009375 0.021875
0 0.3078125 0.2921875 0.009375 0.01875
1 0.03828125 0.46796875 0.0453125 0.0859375
0 0.2109375 0.30625 0.0109375 0.021875
1 0.26640625 0.3078125 0.0125 0.0234375
1 0.39609375 0.2703125 0.0046875 0.0125
0 0.2828125 0.296875 0.009375 0.01875
1 0.1421875 0.3234375 0.0125 0.025
0 0.34609375 0.2734375 0.00625 0.0140625
0 0.315625 0.2828125 0.00625 0.0140625
1 0.4453125 0.2640625 0.0046875 0.0125
0 0.796875 0.23671875 0.00625 0.0140625
1 0.3796875 0.27578125 0.0078125 0.0140625
1 0.59140625 0.2546875 0.00625 0.0140625
1 0.70859375 0.2484375 0.00625 0.015625
1 0.5390625 0.25546875 0.0046875 0.0125
1 0.86875 0.2328125 0.00625 0.0125
1 0.7796875 0.2421875 0.00625 0.0140625
0 0.3203125 0.28828125 0.0078125 0.0171875
1 0.39375 0.28203125 0.00625 0.015625
1 0.50390625 0.62578125 0.090625 0.178125
1 0.85 0.2359375 0.00625 0.0140625
0 0.76484375 0.240625 0.0046875 0.0125
1 0.81171875 0.23984375 0.00625 0.0140625
1 0.55859375 0.2546875 0.00625 0.0140625
0 0.87578125 0.22890625 0.00625 0.0109375
0 0.69375 0.24609375 0.00625 0.0140625
0 0.3234375 0.278125 0.00625 0.0140625
0 0.6390625 0.25 0.00625 0.0140625
1 0.41796875 0.26796875 0.0046875 0.0109375
1 0.5078125 0.25859375 0.0046875 0.0125
1 0.83359375 0.2375 0.00625 0.0140625
1 0.8921875 0.22890625 0.00625 0.0140625
0 0.7171875 0.2453125 0.00625 0.0125
1 0.4765625 0.2609375 0.0046875 0.0125
0 0.46796875 0.259375 0.0046875 0.0125
0 0.62109375 0.25078125 0.0046875 0.0125
1 0.66640625 0.2515625 0.00625 0.0140625
0 0.78359375 0.23828125 0.00625 0.0140625
0 0.5125 0.25546875 0.0046875 0.0109375
0 0.83984375 0.2328125 0.0046875 0.0109375
1 0.3828125 0.2734375 0.00625 0.0140625
0 0.81328125 0.234375 0.00625 0.0140625
1 0.6234375 0.25390625 0.00625 0.0140625
0 0.59921875 0.25078125 0.0046875 0.0125
0 0.321875 0.2859375 0.00625 0.0171875
1 0.39140625 0.278125 0.00625 0.015625
1 0.74296875 0.2453125 0.00625 0.015625