0 0.22734375 0.55625 0.0078125 0.015625
0 0.31640625 0.546875 0.009375 0.0140625
0 0.68359375 0.55859375 0.0171875 0.028125
0 0.55859375 0.5703125 0.0234375 0.034375
0 0.1421875 0.5609375 0.009375 0.0171875
0 0.50859375 0.534375 0.0078125 0.0140625
0 0.34609375 0.62578125 0.0421875 0.0546875
0 0.7328125 0.53359375 0.0109375 0.0171875
0 0.81328125 0.54609375 0.015625 0.0203125
0 0.3640625 0.5421875 0.0078125 0.0140625
0 0.77578125 0.5515625 0.015625 0.025
0 0.6078125 0.53203125 0.0078125 0.015625
0 0.42421875 0.5375 0.0078125 0.0140625
0 0.78203125 0.53828125 0.0125 0.01875
0 0.65859375 0.52265625 0.0046875 0.009375
0 0.684375 0.53203125 0.0125 0.0171875
0 0.771875 0.51953125 0.00625 0.009375
0 0.49609375 0.52734375 0.0046875 0.009375
0 0.1171875 0.54140625 0.00625 0.0109375
1 0.1546875 0.5546875 0.0078125 0.0125
1 0.91640625 0.5265625 0.0140625 0.0171875
1 0.71171875 0.521875 0.0078125 0.0125
1 0.80390625 0.521875 0.0109375 0.0171875
1 0.3359375 0.53671875 0.00625 0.0125
1 0.83203125 0.51640625 0.0046875 0.009375
1 0.6375 0.52421875 0.00625 0.0109375
1 0.52421875 0.52734375 0.0046875 0.0109375
1 0.5734375 0.52578125 0.0046875 0.0078125
1 0.74453125 0.5203125 0.00625 0.0109375
1 0.24765625 0.5453125 0.0078125 0.0125
1 0.61796875 0.525 0.0078125 0.0140625
1 0.54453125 0.52734375 0.0078125 0.0125
1 0.475 0.52890625 0.00625 0.0125
1 0.4296875 0.53125 0.00625 0.0125
1 0.1109375 0.5453125 0.00625 0.0125
1 0.1765625 0.53984375 0.0046875 0.0140625