1 0.57890625 0.52109375 0.046875 0.11875
0 0.78046875 0.34921875 0.0171875 0.046875
0 0.12734375 0.42734375 0.01875 0.0453125
1 0.32578125 0.40078125 0.0171875 0.0453125
0 0.621875 0.33671875 0.0125 0.0328125
1 0.40859375 0.32421875 0.0046875 0.0140625
1 0.5421875 0.3265625 0.0078125 0.0234375
1 0.41796875 0.3390625 0.0078125 0.0203125
1 0.52265625 0.33671875 0.009375 0.0265625
1 0.5125 0.37109375 0.0171875 0.040625
1 0.50234375 0.353125 0.0125 0.0328125
1 0.384375 0.32890625 0.0046875 0.0140625
1 0.39375 0.33046875 0.00625 0.0171875
0 0.19765625 0.3921875 0.0125 0.034375
0 0.50546875 0.31875 0.00625 0.0171875
0 0.63203125 0.31484375 0.0078125 0.021875
1 0.4125 0.3453125 0.0078125 0.0234375
0 0.3109375 0.34921875 0.0078125 0.0203125
0 0.65546875 0.3484375 0.0140625 0.0375
1 0.4203125 0.3171875 0.003125 0.0109375
0 0.2859375 0.34921875 0.00625 0.01875
1 0.3734375 0.43984375 0.025 0.065625
1 0.38046875 0.35625 0.009375 0.028125
0 0.31015625 0.3578125 0.009375 0.0234375
0 0.27109375 0.34765625 0.0078125 0.0171875
1 0.34375 0.328125 0.0046875 0.0140625
0 0.28125 0.340625 0.0046875 0.0140625
0 0.46484375 0.321875 0.00625 0.0171875
1 0.52109375 0.32265625 0.00625 0.01875
0 0.2515625 0.37265625 0.009375 0.0265625
1 0.365625 0.33828125 0.00625 0.01875
0 0.62890625 0.32421875 0.0109375 0.028125
0 0.275 0.34375 0.0046875 0.015625
0 0.29765625 0.334375 0.0046875 0.0125
1 0.33203125 0.37421875 0.0125 0.0328125
1 0.35859375 0.325 0.0046875 0.0125
0 0.5984375 0.3125 0.0078125 0.0203125
1 0.48203125 0.325 0.00625 0.01875
0 0.31171875 0.33125 0.0046875 0.0109375
0 0.3359375 0.34921875 0.0078125 0.021875
0 0.46328125 0.3109375 0.0046875 0.0125
0 0.5578125 0.3140625 0.00625 0.01875
1 0.4421875 0.315625 0.0046875 0.0125
0 0.42421875 0.315625 0.0046875 0.0109375
0 0.4359375 0.32421875 0.0046875 0.0140625
0 0.484375 0.31171875 0.0046875 0.0125
0 0.48671875 0.309375 0.0046875 0.0125
1 0.60859375 0.38671875 0.0203125 0.053125
0 0.08125 0.4921875 0.0296875 0.075
0 0.07890625 0.60546875 0.0546875 0.1296875
1 0.43828125 0.3296875 0.00625 0.0171875
1 0.3375 0.33984375 0.00625 0.0140625
0 0.3390625 0.3265625 0.0046875 0.0125
1 0.3859375 0.32109375 0.0046875 0.0125
0 0.38046875 0.32109375 0.0046875 0.0125
1 0.39375 0.33828125 0.0078125 0.0203125
1 0.43359375 0.31953125 0.0046875 0.0125
1 0.82109375 0.40078125 0.0296875 0.071875