1 0.78828125 0.40234375 0.0359375 0.0890625
1 0.428125 0.37734375 0.034375 0.0859375
1 0.221875 0.325 0.0234375 0.0625
1 0.18515625 0.28359375 0.0171875 0.0453125
1 0.2296875 0.25859375 0.0125 0.034375
1 0.3 0.24453125 0.0109375 0.028125
1 0.38125 0.23828125 0.009375 0.025
1 0.4546875 0.234375 0.0078125 0.021875
1 0.55234375 0.23515625 0.009375 0.021875
1 0.65078125 0.240625 0.0078125 0.0203125
1 0.7421875 0.25 0.0078125 0.021875
1 0.8359375 0.2625 0.0078125 0.025
1 0.91953125 0.278125 0.0109375 0.0296875
0 0.8453125 0.32265625 0.0203125 0.0515625
0 0.69296875 0.33046875 0.0234375 0.059375
0 0.51953125 0.31953125 0.0234375 0.059375
0 0.38984375 0.29921875 0.01875 0.05
0 0.3375 0.27734375 0.015625 0.0421875
0 0.34375 0.2609375 0.0109375 0.0328125
0 0.3796875 0.25078125 0.0109375 0.028125
0 0.43359375 0.24453125 0.009375 0.0265625
0 0.48828125 0.2421875 0.0078125 0.025
0 0.5640625 0.24296875 0.0078125 0.021875
0 0.64140625 0.24609375 0.0078125 0.0234375
0 0.71171875 0.25390625 0.009375 0.025
0 0.78046875 0.26328125 0.009375 0.0265625
0 0.83828125 0.27578125 0.0109375 0.0296875
0 0.87890625 0.2921875 0.0125 0.0359375
0 0.8890625 0.309375 0.0125 0.0421875