0 0.1234375 0.3359375 0.00625 0.025
0 0.05234375 0.3359375 0.0046875 0.0234375
0 0.57265625 0.5140625 0.0453125 0.1453125
0 0.81328125 0.3390625 0.0265625 0.08125
0 0.23125 0.31640625 0.00625 0.0234375
1 0.146875 0.3078125 0.00625 0.0203125
1 0.43671875 0.21171875 0.0015625 0.0109375
1 0.0453125 0.32109375 0.0046875 0.0203125
1 0.34765625 0.22265625 0.0015625 0.0109375
1 0.3953125 0.2453125 0.003125 0.015625
1 0.22734375 0.29609375 0.0046875 0.0203125
1 0.3 0.2796875 0.0046875 0.0203125
0 0.3234375 0.29140625 0.0046875 0.021875
0 0.4765625 0.2390625 0.003125 0.0171875
1 0.45390625 0.21484375 0.003125 0.0109375
0 0.4984375 0.20546875 0.0015625 0.0109375
0 0.5125 0.21796875 0.003125 0.0140625
1 0.05625 0.28828125 0.003125 0.0140625
1 0.85703125 0.16484375 0.0015625 0.0109375
0 0.1375 0.2625 0.0015625 0.0109375
1 0.44765625 0.22265625 0.003125 0.0125
1 0.153125 0.2640625 0.003125 0.0109375
1 0.9109375 0.1640625 0.003125 0.0109375
0 0.19609375 0.25 0.003125 0.009375
0 0.39765625 0.265625 0.0046875 0.0203125
0 0.4453125 0.25234375 0.003125 0.01875
0 0.0984375 0.271875 0.003125 0.0109375
0 0.2421875 0.24140625 0.0015625 0.0109375
1 0.35703125 0.2609375 0.003125 0.0171875
1 0.1046875 0.275 0.003125 0.0140625
1 0.253125 0.24375 0.003125 0.0109375
1 0.42734375 0.23359375 0.003125 0.0140625
0 0.4828125 0.20390625 0.003125 0.0109375
0 0.40859375 0.20859375 0.0015625 0.009375
0 0.28828125 0.23125 0.0015625 0.0109375
0 0.50078125 0.22734375 0.003125 0.0171875
1 0.20625 0.25234375 0.003125 0.0109375
1 0.87578125 0.15703125 0.0015625 0.009375
0 0.51953125 0.2109375 0.003125 0.0140625
0 0.44375 0.20546875 0.0015625 0.0109375
0 0.3296875 0.221875 0.0015625 0.009375
0 0.87421875 0.15546875 0.0015625 0.009375
0 0.91015625 0.15234375 0.003125 0.0109375
0 0.509375 0.20703125 0.003125 0.0125
1 0.3953125 0.21484375 0.0015625 0.0109375
0 0.04375 0.284375 0.003125 0.0140625
1 0.721875 0.1828125 0.003125 0.0125
0 0.71953125 0.1828125 0.003125 0.0125
1 0.30078125 0.23359375 0.0015625 0.0109375
0 0.9203125 0.14375 0.0015625 0.00625
0 0.359375 0.21484375 0.0015625 0.0109375
1 0.93203125 0.153125 0.0015625 0.009375
1 0.6890625 0.171875 0.0015625 0.0078125
1 0.89765625 0.14375 0.0015625 0.00625
0 0.37734375 0.21171875 0.0015625 0.0078125
0 0.8890625 0.146875 0.0015625 0.00625
1 0.7125 0.16484375 0.0015625 0.00625
1 0.696875 0.16484375 0.0015625 0.00625
1 0.69296875 0.16171875 0.0015625 0.00625
1 0.7046875 0.16015625 0.0015625 0.00625
1 0.71796875 0.16875 0.0015625 0.0078125
1 0.6875 0.16328125 0.0015625 0.00625
1 0.71484375 0.15859375 0.0015625 0.00625