1 0.29609375 0.3375 0.0125 0.053125
0 0.365625 0.28984375 0.0078125 0.0359375
0 0.69921875 0.28203125 0.0125 0.04921875
0 0.55 0.296875 0.0109375 0.05
0 0.38359375 0.26328125 0.00625 0.02578125
0 0.8265625 0.25859375 0.01015625 0.04375
0 0.478125 0.24140625 0.0046875 0.021875
0 0.4265625 0.29765625 0.009375 0.04375
0 0.4296875 0.25078125 0.0046875 0.02421875
0 0.35859375 0.27578125 0.00625 0.03046875
0 0.75234375 0.21953125 0.00546875 0.02421875
1 0.79765625 0.31953125 0.01640625 0.06953125
1 0.71328125 0.2125 0.00390625 0.0203125
1 0.253125 0.28984375 0.00625 0.03125
1 0.8828125 0.2125 0.00625 0.025
1 0.503125 0.34609375 0.015625 0.0703125
1 0.53203125 0.22734375 0.00390625 0.01953125
0 0.84921875 0.22890625 0.00625 0.03125
1 0.4421875 0.23984375 0.0046875 0.0203125
1 0.62578125 0.2171875 0.003125 0.01953125
1 0.30625 0.26953125 0.00546875 0.02578125
0 0.61953125 0.22421875 0.0046875 0.0203125
1 0.23359375 0.31328125 0.009375 0.03984375
1 0.80234375 0.21015625 0.00546875 0.02265625
0 0.68671875 0.2203125 0.00546875 0.02265625
1 0.375 0.25234375 0.0046875 0.021875
0 0.80859375 0.22265625 0.00625 0.02734375
0 0.54609375 0.23125 0.0046875 0.021875
0 0.86171875 0.24140625 0.0046875 0.03671875