1 0.65078125 0.7421875 0.0640625 0.2078125
1 0.5703125 0.5140625 0.028125 0.115625
1 0.596875 0.43515625 0.0203125 0.078125
1 0.66953125 0.41796875 0.015625 0.0625
1 0.79296875 0.421875 0.0140625 0.0515625
1 0.903125 0.42890625 0.0125 0.04375
1 0.9328125 0.3734375 0.0046875 0.0171875
1 0.9421875 0.3671875 0.0046875 0.0140625
1 0.8625 0.35234375 0.0046875 0.0171875
1 0.83984375 0.3453125 0.0046875 0.015625
1 0.83203125 0.340625 0.003125 0.0140625
1 0.83984375 0.34453125 0.003125 0.0140625
1 0.8421875 0.3421875 0.003125 0.015625
1 0.8609375 0.34609375 0.003125 0.0140625
1 0.8953125 0.35390625 0.003125 0.0140625
0 0.14140625 0.38515625 0.0328125 0.0984375
0 0.35390625 0.34140625 0.0171875 0.0609375
0 0.51640625 0.34296875 0.0125 0.046875
0 0.653125 0.359375 0.009375 0.0390625
0 0.76015625 0.37265625 0.009375 0.034375
0 0.8390625 0.384375 0.00625 0.03125
0 0.915625 0.39453125 0.0078125 0.028125
0 0.95 0.4 0.0078125 0.028125
0 0.953125 0.39296875 0.0046875 0.025
0 0.9359375 0.38359375 0.00625 0.0234375
0 0.909375 0.37421875 0.0046875 0.0203125
0 0.88125 0.3640625 0.0046875 0.0203125
0 0.81484375 0.34375 0.003125 0.0171875
0 0.775 0.3296875 0.003125 0.0171875
0 0.76640625 0.32421875 0.003125 0.0140625