0 0.70859375 0.6265625 0.021875 0.0328125
0 0.87734375 0.64140625 0.021875 0.0296875
0 0.54609375 0.62109375 0.025 0.0390625
0 0.34140625 0.64921875 0.0421875 0.0609375
0 0.8984375 0.621875 0.015625 0.0203125
0 0.7296875 0.603125 0.0125 0.0203125
0 0.4515625 0.55546875 0.009375 0.0140625
0 0.54375 0.571875 0.0109375 0.0171875
0 0.4125 0.5453125 0.0078125 0.0140625
0 0.86640625 0.5875 0.00625 0.009375
0 0.7921875 0.57578125 0.00625 0.0109375
1 0.6453125 0.578125 0.009375 0.015625
1 0.83046875 0.59609375 0.0125 0.0171875
1 0.6859375 0.58515625 0.0109375 0.015625
1 0.59296875 0.56953125 0.0078125 0.0125
1 0.5609375 0.56328125 0.0078125 0.0125
1 0.73671875 0.5921875 0.0125 0.01875
1 0.52890625 0.55625 0.00625 0.0125
1 0.5203125 0.55234375 0.00625 0.0125
1 0.51015625 0.55 0.00625 0.0109375
1 0.5015625 0.54765625 0.00625 0.009375
1 0.4921875 0.54453125 0.00625 0.009375
1 0.8484375 0.58515625 0.00625 0.009375
1 0.80234375 0.578125 0.00625 0.009375
1 0.74921875 0.57109375 0.0046875 0.009375
1 0.48515625 0.54140625 0.0046875 0.009375