0 0.40234375 0.31171875 0.028125 0.059375
0 0.2046875 0.3203125 0.05 0.0984375
1 0.56875 0.4109375 0.034375 0.071875
0 0.68359375 0.38046875 0.0171875 0.0375
1 0.4953125 0.46484375 0.0484375 0.109375
0 0.55703125 0.33984375 0.01875 0.0453125
0 0.884375 0.459375 0.0140625 0.0328125
1 0.88046875 0.4859375 0.021875 0.04375
1 0.76796875 0.43984375 0.0234375 0.0484375
1 0.67890625 0.34609375 0.0109375 0.025
1 0.71328125 0.3765625 0.0140625 0.0328125
0 0.7953125 0.4078125 0.0140625 0.03125
1 0.6890625 0.34140625 0.009375 0.021875
1 0.840625 0.3984375 0.0078125 0.0171875
1 0.725 0.3515625 0.009375 0.01875
0 0.8640625 0.4125 0.009375 0.01875
0 0.77890625 0.3796875 0.009375 0.0203125
0 0.92109375 0.4390625 0.009375 0.01875
1 0.6625 0.41171875 0.025 0.0546875
0 0.815625 0.39296875 0.0078125 0.0171875
1 0.91484375 0.43125 0.0078125 0.0171875
1 0.484375 0.71796875 0.1046875 0.2234375
0 0.75625 0.375 0.009375 0.021875
1 0.77734375 0.37109375 0.00625 0.0171875
0 0.75859375 0.3828125 0.0109375 0.0265625