0 0.67265625 0.50859375 0.0265625 0.075
0 0.25859375 0.6 0.05625 0.15
0 0.515625 0.5296875 0.03125 0.096875
0 0.81875 0.51484375 0.0234375 0.0703125
0 0.25625 0.31328125 0.0046875 0.0171875
1 0.0921875 0.296875 0.0046875 0.015625
1 0.17890625 0.296875 0.003125 0.0140625
1 0.08671875 0.290625 0.0046875 0.0109375
1 0.2234375 0.3015625 0.0046875 0.0140625
0 0.23671875 0.30546875 0.0046875 0.0140625
0 0.11875 0.2953125 0.0046875 0.0140625
1 0.33515625 0.3234375 0.0046875 0.0140625
0 0.19765625 0.3078125 0.00625 0.0203125
1 0.2625 0.30703125 0.0046875 0.0140625
1 0.28984375 0.3125 0.0046875 0.0140625
0 0.2921875 0.31796875 0.0046875 0.01875
0 0.29765625 0.3140625 0.0046875 0.015625
0 0.31328125 0.32265625 0.0046875 0.0171875
1 0.3390625 0.321875 0.0046875 0.0171875