1 0.43671875 0.49765625 0.0609375 0.11875
1 0.33515625 0.384375 0.0296875 0.0640625
1 0.25546875 0.34296875 0.021875 0.0453125
0 0.046875 0.4703125 0.05 0.096875
0 0.078125 0.39453125 0.03125 0.065625
0 0.01953125 0.35625 0.021875 0.046875
1 0.14453125 0.325 0.01875 0.0375
1 0.85859375 0.29375 0.0171875 0.03125
1 0.7515625 0.29609375 0.0140625 0.0296875
1 0.66328125 0.2984375 0.0140625 0.028125
1 0.5703125 0.296875 0.0125 0.025
1 0.484375 0.29296875 0.0109375 0.021875
1 0.43203125 0.29140625 0.0109375 0.0203125
1 0.37734375 0.2890625 0.0109375 0.0203125
1 0.32734375 0.28828125 0.009375 0.0203125
1 0.28359375 0.28671875 0.009375 0.01875
1 0.24375 0.28515625 0.009375 0.01875
1 0.1984375 0.284375 0.009375 0.01875
1 0.0234375 0.31640625 0.0171875 0.03125
1 0.003125 0.28125 0.00625 0.01875
1 0.07734375 0.28125 0.009375 0.01875
0 0.83828125 0.284375 0.0125 0.0265625
0 0.759375 0.28515625 0.0109375 0.0234375
0 0.6671875 0.2875 0.0109375 0.0234375
0 0.590625 0.28828125 0.0109375 0.0234375
0 0.51328125 0.28828125 0.0109375 0.0203125
0 0.42265625 0.2875 0.009375 0.0203125
0 0.37890625 0.28671875 0.0078125 0.0203125
0 0.32890625 0.284375 0.0078125 0.01875
0 0.2703125 0.28125 0.0078125 0.0171875
0 0.2140625 0.27890625 0.0078125 0.015625
0 0.1515625 0.27734375 0.0078125 0.0171875
1 0.1375 0.2828125 0.0078125 0.0171875
0 0.09375 0.2796875 0.0078125 0.015625
0 0.02734375 0.28203125 0.0078125 0.0171875
0 0.4640625 0.28828125 0.0078125 0.0203125