0 0.10703125 0.475 0.021875 0.065625
0 0.16484375 0.43828125 0.015625 0.0515625
1 0.67109375 0.4546875 0.021875 0.075
0 0.81171875 0.41796875 0.0203125 0.059375
0 0.07734375 0.4359375 0.015625 0.0421875
0 0.66875 0.39375 0.0125 0.04375
0 0.59453125 0.375 0.0109375 0.0328125
1 0.41015625 0.55546875 0.0359375 0.1140625
1 0.53046875 0.421875 0.015625 0.0515625
1 0.35703125 0.459375 0.025 0.0671875
0 0.56796875 0.36484375 0.0078125 0.025
1 0.3859375 0.38046875 0.00625 0.025
1 0.46796875 0.39765625 0.0109375 0.0390625
1 0.32265625 0.38671875 0.0078125 0.025
1 0.44921875 0.38203125 0.009375 0.0359375
1 0.290625 0.40703125 0.0109375 0.0359375
1 0.2078125 0.409375 0.0109375 0.0328125
0 0.3609375 0.378125 0.00625 0.01875
1 0.33984375 0.421875 0.0140625 0.0453125
1 0.8828125 0.50546875 0.034375 0.1046875