0 0.1984375 0.36875 0.025 0.0859375
0 0.0515625 0.21015625 0.00546875 0.028125
0 0.3703125 0.2765625 0.009375 0.03984375
1 0.1828125 0.28984375 0.0140625 0.0546875
1 0.22734375 0.2671875 0.0109375 0.04375
1 0.10078125 0.22578125 0.00859375 0.03046875
0 0.2515625 0.23515625 0.00625 0.03046875
1 0.21484375 0.25 0.009375 0.03515625
0 0.35625 0.31484375 0.0125 0.0578125
0 0.325 0.25234375 0.00703125 0.03125
0 0.1609375 0.22109375 0.00625 0.02734375
1 0.1109375 0.5421875 0.0515625 0.17578125
1 0.16953125 0.2359375 0.00859375 0.0328125