0 0.071875 0.20078125 0.00625 0.021875
1 0.3296875 0.4109375 0.0265625 0.0953125
1 0.884375 0.32421875 0.0046875 0.015625
0 0.19375 0.20859375 0.0046875 0.0171875
0 0.17734375 0.20859375 0.0046875 0.0171875
1 0.25546875 0.22109375 0.0046875 0.0171875
1 0.8265625 0.3125 0.003125 0.0140625
0 0.1453125 0.20703125 0.0046875 0.0203125
1 0.77734375 0.303125 0.003125 0.0140625
1 0.6390625 0.27109375 0.003125 0.0125
1 0.228125 0.2203125 0.0046875 0.0203125
0 0.23671875 0.20546875 0.003125 0.0140625
1 0.20078125 0.33984375 0.01875 0.071875
0 0.84921875 0.3140625 0.003125 0.0140625
0 0.33984375 0.21875 0.003125 0.0140625
0 0.1203125 0.2046875 0.0046875 0.021875
0 0.77109375 0.29921875 0.003125 0.0140625
1 0.57265625 0.253125 0.003125 0.0125
1 0.62734375 0.265625 0.003125 0.0109375
0 0.7203125 0.2890625 0.003125 0.0140625
0 0.5875 0.25546875 0.003125 0.0109375
1 0.42109375 0.23203125 0.003125 0.0140625
1 0.115625 0.21328125 0.0078125 0.0265625
0 0.30390625 0.21484375 0.003125 0.0125
1 0.49765625 0.23984375 0.003125 0.0109375
0 0.9078125 0.325 0.0046875 0.0140625
0 0.38203125 0.22421875 0.003125 0.0125
1 0.5984375 0.2578125 0.003125 0.0109375
1 0.18125 0.21875 0.00625 0.0234375
0 0.79765625 0.3046875 0.003125 0.0140625
0 0.621875 0.2625 0.0015625 0.0109375
1 0.43984375 0.234375 0.003125 0.0125
1 0.65078125 0.275 0.003125 0.0125
0 0.41796875 0.22734375 0.003125 0.0109375
0 0.20234375 0.2078125 0.003125 0.0171875
0 0.74375 0.29296875 0.003125 0.0140625
1 0.2765625 0.2140625 0.003125 0.0140625
1 0.73125 0.29375 0.0046875 0.0140625
1 0.4671875 0.5625 0.0484375 0.1578125
0 0.396875 0.22578125 0.003125 0.0125
0 0.2078125 0.203125 0.003125 0.0140625
0 0.7 0.2828125 0.003125 0.0125
0 0.359375 0.221875 0.003125 0.0125
1 0.546875 0.2484375 0.003125 0.0125
1 0.52265625 0.24375 0.003125 0.0109375
0 0.40390625 0.2265625 0.003125 0.0109375
0 0.68359375 0.27734375 0.003125 0.0109375
0 0.671875 0.2734375 0.003125 0.0109375
1 0.63359375 0.26875 0.003125 0.0109375
0 0.5140625 0.24140625 0.003125 0.009375
1 0.35234375 0.22421875 0.0046875 0.0140625
1 0.26640625 0.215625 0.003125 0.015625
1 0.296875 0.21484375 0.0046875 0.0140625
1 0.68984375 0.284375 0.003125 0.0140625
1 0.47578125 0.2359375 0.003125 0.0109375
1 0.925 0.33125 0.0046875 0.015625
1 0.61328125 0.26171875 0.003125 0.0125
1 0.4578125 0.234375 0.003125 0.0125
0 0.2703125 0.209375 0.003125 0.0125
1 0.27421875 0.21875 0.003125 0.015625
1 0.26796875 0.2203125 0.0046875 0.0171875
1 0.38359375 0.228125 0.003125 0.0140625
0 0.44765625 0.23203125 0.003125 0.009375
0 0.55078125 0.2484375 0.003125 0.0109375
1 0.44921875 0.234375 0.003125 0.0109375
0 0.690625 0.28046875 0.003125 0.0109375
0 0.478125 0.2359375 0.003125 0.0109375
0 0.2 0.20625 0.003125 0.0171875
0 0.65078125 0.26875 0.003125 0.0109375