0 0.090625 0.184375 0.0125 0.03125
1 0.25 0.36953125 0.03125 0.0859375
1 0.203125 0.2796875 0.0203125 0.05625
0 0.93203125 0.3921875 0.009375 0.025
0 0.83359375 0.36171875 0.0078125 0.021875
1 0.409375 0.615625 0.0703125 0.1875
1 0.61640625 0.30390625 0.0078125 0.025
0 0.37734375 0.23125 0.00625 0.021875
1 0.86953125 0.38203125 0.009375 0.0265625
1 0.3875 0.24296875 0.009375 0.025
1 0.496875 0.26875 0.0078125 0.0234375
0 0.51015625 0.26328125 0.0046875 0.0203125
1 0.73359375 0.34140625 0.009375 0.025
0 0.17109375 0.19375 0.0109375 0.028125
0 0.74453125 0.3328125 0.00625 0.0203125
0 0.65546875 0.30390625 0.00625 0.021875
0 0.4421875 0.24609375 0.00625 0.0203125
0 0.58125 0.28203125 0.00625 0.0203125
0 0.2828125 0.21328125 0.0078125 0.0234375
1 0.28671875 0.2296875 0.0109375 0.028125
1 0.2140625 0.2375 0.0125 0.0390625