0 0.78671875 0.50078125 0.03125 0.05
0 0.14921875 0.3203125 0.0125 0.021875
0 0.36171875 0.4796875 0.04375 0.075
0 0.24296875 0.33125 0.009375 0.01875
0 0.575 0.48046875 0.03125 0.0578125
0 0.7078125 0.41640625 0.0078125 0.015625
0 0.64296875 0.40234375 0.0078125 0.015625
0 0.57109375 0.38671875 0.0078125 0.015625
0 0.52890625 0.37421875 0.0078125 0.015625
0 0.3 0.33515625 0.0078125 0.0171875
0 0.33984375 0.3375 0.0078125 0.015625
0 0.3703125 0.3390625 0.00625 0.0140625
0 0.4 0.340625 0.00625 0.0125
0 0.4234375 0.34375 0.00625 0.0109375
0 0.471875 0.353125 0.00625 0.0109375
0 0.51015625 0.36640625 0.00625 0.0140625
0 0.503125 0.36171875 0.00625 0.0109375
0 0.9140625 0.45234375 0.0109375 0.0203125
1 0.7453125 0.41875 0.009375 0.0171875
1 0.82890625 0.6859375 0.0796875 0.1359375
1 0.22734375 0.31796875 0.009375 0.0171875
1 0.6734375 0.403125 0.009375 0.01875
1 0.1625 0.3109375 0.0109375 0.01875
1 0.27890625 0.32265625 0.009375 0.0171875
1 0.371875 0.3296875 0.0078125 0.0125
1 0.909375 0.446875 0.009375 0.01875
1 0.6125 0.39140625 0.0078125 0.015625
1 0.31328125 0.325 0.0078125 0.015625
1 0.33828125 0.32734375 0.0078125 0.0125
1 0.41171875 0.3375 0.00625 0.0109375
1 0.45625 0.346875 0.00625 0.0125
1 0.496875 0.35546875 0.00625 0.0109375
1 0.534375 0.3640625 0.0078125 0.0140625
1 0.5609375 0.3734375 0.0078125 0.0140625
1 0.58046875 0.38125 0.0078125 0.0140625