1 0.16796875 0.25078125 0.0296875 0.065625
0 0.75390625 0.34375 0.0140625 0.0265625
0 0.84140625 0.3734375 0.0109375 0.025
0 0.8015625 0.3609375 0.0109375 0.025
1 0.46640625 0.25390625 0.0109375 0.028125
0 0.87265625 0.38125 0.009375 0.0234375
1 0.2328125 0.303125 0.0328125 0.0765625
1 0.31875 0.2078125 0.0109375 0.028125
0 0.30703125 0.19375 0.0109375 0.0234375
1 0.3796875 0.22578125 0.0109375 0.028125
1 0.2984375 0.36796875 0.0390625 0.0984375
0 0.915625 0.375 0.00625 0.0140625
0 0.85078125 0.35546875 0.00625 0.015625
1 0.13515625 0.171875 0.015625 0.0375
1 0.921875 0.4125 0.0125 0.028125
1 0.56796875 0.28984375 0.0109375 0.028125
1 0.1015625 0.19609375 0.0203125 0.05
0 0.20703125 0.16796875 0.0109375 0.025
1 0.43984375 0.50390625 0.0578125 0.1390625
1 0.921875 0.38359375 0.0078125 0.0171875
0 0.57578125 0.28125 0.009375 0.0234375
0 0.48984375 0.25 0.009375 0.025
1 0.85625 0.3921875 0.0125 0.0296875
1 0.25 0.18984375 0.0125 0.0296875
0 0.40234375 0.221875 0.009375 0.0234375
1 0.18359375 0.17734375 0.0140625 0.0328125
1 0.77734375 0.36328125 0.0125 0.0296875
0 0.85859375 0.3625 0.00625 0.0171875
1 0.97109375 0.41015625 0.0078125 0.0171875
1 0.9296875 0.3875 0.00625 0.0171875
1 0.9328125 0.38515625 0.00625 0.015625
1 0.959375 0.39296875 0.00625 0.015625
1 0.1078125 0.17734375 0.0171875 0.0421875
1 0.6609375 0.3234375 0.0109375 0.025
1 0.72109375 0.81171875 0.0578125 0.1609375
0 0.65859375 0.30703125 0.0078125 0.028125
0 0.8921875 0.3828125 0.0078125 0.0203125
0 0.8859375 0.3859375 0.0078125 0.0171875
0 0.8734375 0.36015625 0.00625 0.0140625
0 0.8875 0.37734375 0.009375 0.0203125
0 0.97421875 0.39609375 0.00625 0.0171875