0 0.928125 0.3328125 0.0234375 0.0515625
0 0.16953125 0.2578125 0.021875 0.0515625
0 0.26640625 0.24296875 0.01875 0.040625
0 0.36015625 0.2375 0.015625 0.034375
0 0.83359375 0.2984375 0.0171875 0.040625
0 0.453125 0.23828125 0.0140625 0.034375
0 0.084375 0.2890625 0.021875 0.065625
1 0.921875 0.3 0.015625 0.0375
0 0.534375 0.24453125 0.0125 0.03125
0 0.6375 0.25546875 0.0125 0.03125
0 0.146875 0.4453125 0.0578125 0.1390625
1 0.31484375 0.2234375 0.0125 0.03125
1 0.65859375 0.2453125 0.0109375 0.0265625
0 0.740625 0.2734375 0.0140625 0.034375
1 0.4328125 0.22578125 0.0125 0.0265625
0 0.590625 0.55625 0.0703125 0.1734375
0 0.909375 0.521875 0.0671875 0.1421875
1 0.184375 0.228125 0.015625 0.0359375
1 0.78984375 0.26875 0.0125 0.03125
1 0.53125 0.23203125 0.0109375 0.025