0 0.328125 0.5859375 0.0625 0.1
0 0.3609375 0.48515625 0.03125 0.05625
0 0.3421875 0.45625 0.021875 0.040625
0 0.27890625 0.4484375 0.01875 0.0328125
0 0.21171875 0.44921875 0.015625 0.0296875
0 0.16171875 0.45546875 0.015625 0.0296875
0 0.09921875 0.4640625 0.0140625 0.0265625
0 0.65859375 0.36875 0.0078125 0.0171875
1 0.20625 0.4359375 0.0125 0.025
1 0.06875 0.46015625 0.015625 0.0265625
1 0.83671875 0.47578125 0.059375 0.090625
1 0.66484375 0.425 0.03125 0.053125
1 0.5265625 0.41328125 0.01875 0.034375
1 0.42421875 0.415625 0.015625 0.0296875
1 0.35 0.4171875 0.0140625 0.025
1 0.2984375 0.41953125 0.0140625 0.025
1 0.6546875 0.36796875 0.009375 0.0171875