0 0.25234375 0.609375 0.046875 0.121875
0 0.40078125 0.49140625 0.028125 0.071875
0 0.315625 0.45234375 0.0171875 0.0515625
1 0.89609375 0.69453125 0.0890625 0.1953125
0 0.81328125 0.36796875 0.0140625 0.0359375
1 0.584375 0.4421875 0.025 0.059375
1 0.63671875 0.390625 0.0109375 0.0359375
0 0.29609375 0.42265625 0.0140625 0.0359375
1 0.6765625 0.51875 0.0390625 0.096875
1 0.8671875 0.3984375 0.0234375 0.0578125
1 0.59140625 0.38203125 0.0109375 0.03125
0 0.8828125 0.3375 0.009375 0.0203125
1 0.78359375 0.34375 0.0078125 0.0203125
1 0.83984375 0.3453125 0.0078125 0.021875
1 0.7015625 0.34765625 0.00625 0.0203125
1 0.85625 0.34140625 0.00625 0.01875
1 0.4296875 0.39296875 0.0125 0.0296875
0 0.65703125 0.346875 0.00625 0.01875
1 0.72265625 0.39921875 0.0171875 0.046875
0 0.4046875 0.375 0.0078125 0.01875
0 0.775 0.3546875 0.0109375 0.028125
1 0.51953125 0.365625 0.0078125 0.0203125
1 0.6671875 0.35703125 0.0078125 0.025
0 0.58046875 0.35078125 0.00625 0.0171875
1 0.55859375 0.3578125 0.00625 0.01875
0 0.8625 0.3515625 0.009375 0.028125
1 0.75234375 0.34921875 0.0078125 0.0234375
0 0.74453125 0.3453125 0.00625 0.0171875
1 0.91328125 0.340625 0.0078125 0.0203125
0 0.30625 0.403125 0.0125 0.0265625
1 0.62421875 0.35390625 0.00625 0.0203125
1 0.61015625 0.3703125 0.009375 0.0265625
0 0.721875 0.365625 0.009375 0.034375
0 0.3484375 0.38984375 0.009375 0.0234375
0 0.515625 0.3578125 0.00625 0.01875
0 0.81640625 0.340625 0.0078125 0.01875
1 0.49609375 0.4296875 0.0125 0.03125