0 0.496875 0.3625 0.025 0.0703125
0 0.35390625 0.32421875 0.0140625 0.040625
1 0.73515625 0.28125 0.0265625 0.0640625
0 0.5046875 0.4578125 0.0453125 0.1140625
0 0.4359375 0.33359375 0.01875 0.053125
0 0.27265625 0.33046875 0.0109375 0.03125
1 0.3703125 0.28984375 0.009375 0.028125
0 0.84453125 0.16796875 0.0078125 0.0203125
1 0.46796875 0.2765625 0.0109375 0.0328125
1 0.58828125 0.26953125 0.0140625 0.04375
1 0.29453125 0.303125 0.0078125 0.025
0 0.47578125 0.746875 0.0859375 0.215625
1 0.8859375 0.17265625 0.009375 0.025
0 0.19140625 0.32265625 0.00625 0.0203125
0 0.3171875 0.27421875 0.0046875 0.0140625
0 0.17109375 0.3390625 0.0078125 0.025
1 0.7140625 0.19765625 0.00625 0.01875
0 0.7484375 0.18203125 0.0046875 0.0171875
0 0.4984375 0.23515625 0.0046875 0.0140625
0 0.5578125 0.21953125 0.0046875 0.0140625
1 0.3140625 0.28125 0.00625 0.0203125
1 0.6484375 0.20703125 0.00625 0.0171875
0 0.375 0.26171875 0.0046875 0.0140625
1 0.46875 0.24609375 0.0046875 0.015625
1 0.7953125 0.1859375 0.0078125 0.0203125
0 0.19765625 0.34296875 0.009375 0.028125
1 0.28828125 0.29609375 0.00625 0.021875
1 0.4109375 0.25859375 0.0046875 0.0171875
0 0.2625 0.290625 0.0046875 0.015625
0 0.22109375 0.30859375 0.00625 0.0171875
1 0.353125 0.271875 0.0046875 0.0171875
0 0.625 0.203125 0.0046875 0.0140625
1 0.59140625 0.21875 0.0046875 0.0171875
1 0.53046875 0.23359375 0.0046875 0.015625
0 0.67890625 0.19296875 0.0046875 0.015625
0 0.43515625 0.25 0.0046875 0.0140625