0 0.89453125 0.43515625 0.0109375 0.028125
0 0.3234375 0.23515625 0.009375 0.025
0 0.19375 0.27109375 0.01875 0.046875
0 0.27578125 0.25 0.0125 0.034375
1 0.37265625 0.41015625 0.0328125 0.0859375
1 0.8203125 0.41796875 0.0125 0.034375
1 0.3828125 0.56953125 0.0625 0.15625
0 0.24453125 0.259375 0.015625 0.0375
0 0.84453125 0.4078125 0.009375 0.025
0 0.12265625 0.2890625 0.025 0.065625
0 0.34296875 0.22890625 0.009375 0.0234375
1 0.43359375 0.234375 0.0046875 0.015625
1 0.37890625 0.35390625 0.0234375 0.059375
1 0.4390625 0.2328125 0.0046875 0.0140625
0 0.38046875 0.21640625 0.00625 0.015625
0 0.35703125 0.22265625 0.0078125 0.01875
1 0.38671875 0.31796875 0.01875 0.0484375
1 0.42734375 0.23984375 0.00625 0.0171875
1 0.65703125 0.29921875 0.0046875 0.0140625
0 0.85859375 0.39296875 0.0078125 0.0171875
0 0.40390625 0.2140625 0.0046875 0.0125
1 0.4453125 0.2296875 0.0046875 0.0140625
0 0.84140625 0.39765625 0.0078125 0.0203125
0 0.7296875 0.3265625 0.0046875 0.0125
1 0.534375 0.24921875 0.0046875 0.0109375
1 0.42109375 0.24609375 0.00625 0.0203125
1 0.740625 0.3359375 0.0046875 0.015625
0 0.39375 0.21484375 0.00625 0.0140625
1 0.69921875 0.3171875 0.0046875 0.0125
0 0.7640625 0.34140625 0.00625 0.0140625
1 0.459375 0.228125 0.0046875 0.0109375
0 0.8625 0.403125 0.0078125 0.01875
1 0.7546875 0.38046875 0.009375 0.0265625
1 0.578125 0.26484375 0.0046875 0.0140625
0 0.3671875 0.21953125 0.0078125 0.0171875
0 0.83203125 0.37578125 0.0046875 0.015625
1 0.7890625 0.36640625 0.00625 0.0171875
0 0.5453125 0.25 0.003125 0.0109375
0 0.79375 0.35625 0.0046875 0.0140625
0 0.6640625 0.29765625 0.0046875 0.0109375
0 0.43515625 0.2140625 0.0046875 0.0125
0 0.634375 0.284375 0.003125 0.0109375
0 0.4234375 0.21171875 0.0046875 0.0109375
1 0.3953125 0.29609375 0.0125 0.0375
1 0.775 0.3546875 0.0046875 0.0140625
1 0.4171875 0.25546875 0.0078125 0.0203125
1 0.753125 0.36875 0.00625 0.0203125
0 0.41171875 0.2109375 0.0046875 0.0109375
1 0.490625 0.234375 0.0046875 0.0109375
1 0.61953125 0.28125 0.0046875 0.0125
1 0.77265625 0.36640625 0.0078125 0.0171875
1 0.4109375 0.2640625 0.0078125 0.0234375
0 0.6984375 0.31171875 0.0046875 0.0109375
0 0.5015625 0.23515625 0.003125 0.009375
0 0.60234375 0.27109375 0.003125 0.0109375
1 0.39921875 0.28046875 0.009375 0.03125
0 0.5734375 0.259375 0.003125 0.009375
0 0.4609375 0.221875 0.003125 0.0109375
0 0.29921875 0.2453125 0.009375 0.0265625