0 0.18046875 0.3015625 0.034375 0.075
0 0.3796875 0.26953125 0.015625 0.040625
0 0.33671875 0.28984375 0.021875 0.0515625
1 0.51015625 0.3921875 0.0265625 0.06875
0 0.3640625 0.2375 0.0125 0.03125
0 0.9265625 0.4328125 0.009375 0.025
1 0.421875 0.49921875 0.05 0.128125
0 0.16328125 0.1359375 0.009375 0.0265625
0 0.31953125 0.20234375 0.0109375 0.025
1 0.81796875 0.39375 0.009375 0.025
1 0.38359375 0.215625 0.0078125 0.021875
1 0.534375 0.33671875 0.0171875 0.0453125
0 0.2578125 0.1703125 0.009375 0.0234375
1 0.90546875 0.434375 0.0109375 0.0265625
0 0.85 0.3984375 0.0078125 0.021875
1 0.51484375 0.296875 0.0125 0.03125
1 0.7015625 0.33671875 0.0078125 0.01875
1 0.2265625 0.1515625 0.0078125 0.01875
1 0.31640625 0.18359375 0.0078125 0.01875
1 0.61953125 0.296875 0.0078125 0.01875
1 0.6578125 0.31484375 0.00625 0.01875
1 0.45390625 0.25546875 0.009375 0.0265625
0 0.5828125 0.2734375 0.00625 0.0140625
1 0.74453125 0.3578125 0.0078125 0.0203125
0 0.53984375 0.2515625 0.00625 0.0140625
0 0.62734375 0.29453125 0.00625 0.015625
0 0.7796875 0.36796875 0.0078125 0.0203125
1 0.55703125 0.26640625 0.00625 0.0171875