0 0.471875 0.425 0.03046875 0.10625
1 0.55546875 0.23125 0.00625 0.025
0 0.75859375 0.3546875 0.02109375 0.08671875
0 0.1921875 0.30390625 0.00859375 0.0359375
0 0.11640625 0.3328125 0.01171875 0.04375
0 0.53515625 0.2421875 0.00625 0.028125
0 0.0578125 0.36875 0.01640625 0.0546875
0 0.34765625 0.265625 0.00625 0.0296875
0 0.7 0.240625 0.0078125 0.03359375
0 0.27421875 0.28125 0.0078125 0.03046875
0 0.1921875 0.4421875 0.02890625 0.096875
0 0.61875 0.23828125 0.00703125 0.0296875
0 0.77109375 0.25 0.009375 0.0390625
1 0.3203125 0.26015625 0.00546875 0.025
1 0.66171875 0.22578125 0.00625 0.02578125
1 0.225 0.2796875 0.00625 0.02578125
1 0.10703125 0.30859375 0.00859375 0.0328125
1 0.77265625 0.22578125 0.00703125 0.03046875
1 0.87890625 0.23359375 0.009375 0.03671875
0 0.0609375 0.41171875 0.02109375 0.07265625
1 0.43828125 0.2421875 0.0046875 0.02421875
0 0.44140625 0.2515625 0.00625 0.02734375
1 0.50703125 0.74375 0.0375 0.2046875
0 0.834375 0.3046875 0.0109375 0.0671875