1 0.57421875 0.778125 0.096875 0.196875
1 0.21484375 0.35546875 0.053125 0.1046875
1 0.1671875 0.1703125 0.015625 0.03125
1 0.27578125 0.20703125 0.0125 0.025
1 0.365625 0.24140625 0.0109375 0.025
1 0.453125 0.27421875 0.009375 0.0234375
1 0.53984375 0.30625 0.0109375 0.025
1 0.61796875 0.3390625 0.0125 0.025
1 0.7140625 0.38671875 0.0140625 0.0296875
1 0.8390625 0.44921875 0.0171875 0.034375
0 0.1296875 0.1421875 0.0125 0.0265625
0 0.2328125 0.18046875 0.0109375 0.021875
0 0.325 0.21484375 0.0109375 0.0203125
0 0.4140625 0.24765625 0.009375 0.0203125
0 0.4953125 0.275 0.0078125 0.0203125
0 0.584375 0.30703125 0.0078125 0.01875
0 0.65546875 0.33984375 0.0109375 0.0234375
0 0.75078125 0.384375 0.0109375 0.025
0 0.8140625 0.415625 0.0125 0.0265625
0 0.88671875 0.4515625 0.0140625 0.03125