0 0.73828125 0.2984375 0.0234375 0.0625
0 0.78671875 0.2109375 0.0125 0.03125
0 0.6671875 0.2140625 0.009375 0.025
0 0.8953125 0.23203125 0.01875 0.0515625
0 0.85703125 0.21171875 0.0140625 0.0375
0 0.4890625 0.51328125 0.0484375 0.1328125
0 0.73125 0.209375 0.009375 0.028125
1 0.80390625 0.18515625 0.009375 0.025
0 0.5859375 0.22421875 0.00625 0.0234375
1 0.91640625 0.18046875 0.0109375 0.03125
1 0.60859375 0.209375 0.00625 0.0203125
0 0.4203125 0.2546875 0.00625 0.0203125
1 0.603125 0.2 0.0046875 0.0125
0 0.634375 0.365625 0.03125 0.0828125
1 0.7578125 0.1734375 0.0046875 0.0140625
1 0.4578125 0.23828125 0.00625 0.0171875
1 0.55546875 0.2109375 0.0046875 0.0125
1 0.90390625 0.15546875 0.00625 0.0171875
0 0.78359375 0.1640625 0.0046875 0.0125
0 0.74921875 0.16953125 0.003125 0.0109375
1 0.815625 0.16328125 0.0046875 0.0140625
0 0.5 0.23828125 0.00625 0.0203125
1 0.52890625 0.22421875 0.00625 0.01875
1 0.51015625 0.2203125 0.003125 0.0140625
0 0.715625 0.175 0.0046875 0.0125
1 0.85859375 0.159375 0.0046875 0.0140625
1 0.7 0.1828125 0.003125 0.0109375
0 0.3453125 0.25703125 0.0046875 0.0140625
0 0.3625 0.2484375 0.0046875 0.0140625
1 0.64765625 0.190625 0.003125 0.0125
1 0.4265625 0.23515625 0.003125 0.0140625
1 0.47109375 0.22734375 0.003125 0.0125
1 0.703125 0.19765625 0.0078125 0.0203125
0 0.43046875 0.2328125 0.0046875 0.0109375
0 0.6625 0.184375 0.0046875 0.0109375
0 0.3625 0.2640625 0.0046875 0.0171875
0 0.34375 0.2625 0.0046875 0.015625
0 0.9140625 0.14375 0.0046875 0.015625
1 0.440625 0.2328125 0.0046875 0.0140625
0 0.8328125 0.15546875 0.0046875 0.0140625
1 0.4296875 0.240625 0.0046875 0.0140625