1 0.3296875 0.4609375 0.0515625 0.11875
0 0.8078125 0.41875 0.009375 0.025
0 0.85703125 0.44609375 0.0109375 0.0296875
0 0.1171875 0.16015625 0.009375 0.0234375
1 0.215625 0.2578125 0.0171875 0.0453125
1 0.23125 0.29765625 0.0234375 0.0578125
1 0.515625 0.725 0.090625 0.221875
1 0.2046875 0.23046875 0.0140625 0.0359375
0 0.1296875 0.15625 0.0078125 0.0203125
0 0.0984375 0.1640625 0.00625 0.025
1 0.81015625 0.4453125 0.0140625 0.0390625
0 0.1375 0.14921875 0.00625 0.01875
0 0.48359375 0.26328125 0.0046875 0.015625
1 0.21640625 0.17734375 0.00625 0.0171875
0 0.1546875 0.15078125 0.00625 0.0171875
1 0.7328125 0.4 0.0109375 0.0296875
1 0.60859375 0.3203125 0.00625 0.0171875
0 0.36328125 0.2171875 0.0046875 0.0125
0 0.76484375 0.38828125 0.0078125 0.01875
1 0.69765625 0.3640625 0.0078125 0.0203125
1 0.490625 0.27109375 0.0046875 0.015625
0 0.79921875 0.41015625 0.009375 0.021875
0 0.171875 0.1546875 0.00625 0.0171875
0 0.71796875 0.36328125 0.00625 0.0171875
0 0.40234375 0.23125 0.0046875 0.0140625
0 0.209375 0.165625 0.0046875 0.0140625
1 0.43515625 0.2484375 0.0046875 0.015625
1 0.3171875 0.2046875 0.0046875 0.0140625
0 0.5296875 0.2828125 0.0046875 0.0140625
0 0.5734375 0.3015625 0.0046875 0.015625
1 0.25859375 0.1859375 0.00625 0.015625
1 0.5515625 0.2953125 0.0046875 0.015625
1 0.70703125 0.3765625 0.009375 0.025
1 0.37734375 0.225 0.0046875 0.015625
1 0.2671875 0.365625 0.034375 0.084375
0 0.32578125 0.203125 0.0046875 0.0140625
1 0.1984375 0.1875 0.00625 0.0203125
0 0.26953125 0.184375 0.0046875 0.0140625
0 0.44453125 0.2484375 0.0046875 0.0140625
0 0.61953125 0.3203125 0.00625 0.0171875
1 0.6640625 0.3453125 0.00625 0.0171875
0 0.66171875 0.33671875 0.00625 0.0171875
1 0.2015625 0.21171875 0.0125 0.03125
1 0.2 0.1953125 0.009375 0.025