0 0.4203125 0.5484375 0.00625 0.0109375
0 0.428125 0.55 0.00625 0.009375
0 0.42421875 0.55234375 0.00625 0.0109375
0 0.4203125 0.55546875 0.0078125 0.0125
0 0.41328125 0.5578125 0.009375 0.0140625
0 0.40546875 0.5625 0.0109375 0.0171875
0 0.39609375 0.56875 0.0140625 0.021875
0 0.38046875 0.57734375 0.0171875 0.0265625
0 0.3484375 0.59375 0.0234375 0.034375
0 0.2859375 0.62734375 0.0390625 0.053125
0 0.08984375 0.73515625 0.096875 0.128125
0 0.13515625 0.53125 0.009375 0.0125
0 0.12265625 0.53125 0.009375 0.0140625
0 0.15546875 0.53671875 0.0109375 0.015625
0 0.16796875 0.53203125 0.00625 0.0125
0 0.178125 0.54609375 0.0125 0.01875
0 0.19375 0.54296875 0.0109375 0.0171875
0 0.2453125 0.53671875 0.00625 0.0109375
0 0.31640625 0.540625 0.00625 0.009375
0 0.3765625 0.54453125 0.00625 0.009375
0 0.3984375 0.54609375 0.00625 0.0078125
1 0.82890625 0.809375 0.0765625 0.1203125
1 0.65859375 0.6671875 0.0390625 0.0546875
1 0.58984375 0.6203125 0.0265625 0.0375
1 0.5578125 0.59765625 0.01875 0.0265625
1 0.54140625 0.58359375 0.0140625 0.0203125
1 0.525 0.575 0.0125 0.0171875
1 0.515625 0.56875 0.009375 0.0140625
1 0.51171875 0.5640625 0.00625 0.0125
1 0.50703125 0.56171875 0.0046875 0.0109375
1 0.50390625 0.55859375 0.0046875 0.009375
1 0.49453125 0.55625 0.0046875 0.009375
1 0.46640625 0.5515625 0.0046875 0.0078125
1 0.440625 0.54921875 0.0046875 0.0078125
1 0.07734375 0.52578125 0.0078125 0.0125
1 0.134375 0.52734375 0.00625 0.0109375
1 0.2109375 0.5328125 0.00625 0.0109375
1 0.2796875 0.5375 0.00625 0.009375
1 0.3390625 0.540625 0.00625 0.009375
1 0.36796875 0.54296875 0.00625 0.009375
1 0.403125 0.5453125 0.0046875 0.0078125