0 0.36875 0.321875 0.021875 0.0625
1 0.55390625 0.403125 0.025 0.0734375
0 0.384375 0.2609375 0.0125 0.0328125
0 0.17734375 0.35234375 0.0421875 0.1
0 0.5734375 0.33671875 0.0140625 0.040625
0 0.3640625 0.24375 0.009375 0.028125
0 0.4515625 0.2921875 0.0125 0.0359375
1 0.35859375 0.2234375 0.0078125 0.0203125
1 0.4828125 0.46953125 0.0421875 0.1109375
1 0.8359375 0.3953125 0.009375 0.0265625
0 0.45625 0.25390625 0.0078125 0.0203125
0 0.76171875 0.378125 0.0109375 0.0296875
1 0.36484375 0.284375 0.0171875 0.046875
1 0.86484375 0.4171875 0.0125 0.0328125
1 0.853125 0.44375 0.0171875 0.0453125
1 0.30234375 0.21484375 0.0078125 0.025
1 0.27734375 0.23671875 0.0140625 0.0375
0 0.721875 0.3484375 0.0078125 0.0234375
1 0.7140625 0.3359375 0.00625 0.0203125
0 0.41171875 0.24375 0.00625 0.021875
1 0.7421875 0.4125 0.01875 0.0484375
1 0.78046875 0.36484375 0.0078125 0.0234375
0 0.67578125 0.32734375 0.0078125 0.0203125
0 0.5078125 0.26875 0.00625 0.0203125
1 0.64375 0.39609375 0.021875 0.05625
0 0.66328125 0.36328125 0.0140625 0.0390625
1 0.634375 0.30546875 0.00625 0.0203125
1 0.4921875 0.25859375 0.00625 0.01875
0 0.75390625 0.3671875 0.009375 0.0265625
1 0.4234375 0.2390625 0.0078125 0.0203125
0 0.6171875 0.30390625 0.00625 0.0203125
0 0.37734375 0.23984375 0.009375 0.025
1 0.26875 0.21640625 0.0109375 0.0296875
0 0.55625 0.2828125 0.00625 0.01875
0 0.73359375 0.37890625 0.0109375 0.0328125
1 0.55390625 0.278125 0.00625 0.01875
1 0.5234375 0.74921875 0.0859375 0.2109375