0 0.67421875 0.546875 0.0359375 0.1015625
0 0.83359375 0.52734375 0.028125 0.075
0 0.55234375 0.3859375 0.0140625 0.0390625
0 0.440625 0.36171875 0.0125 0.0359375
0 0.778125 0.41875 0.0109375 0.0328125
0 0.30234375 0.325 0.0125 0.034375
0 0.69609375 0.409375 0.0125 0.034375
1 0.69140625 0.39375 0.0078125 0.025
1 0.6171875 0.38203125 0.009375 0.0296875
1 0.496875 0.3609375 0.009375 0.0265625
0 0.87890625 0.4140625 0.00625 0.0171875
0 0.340625 0.615625 0.059375 0.1703125
0 0.2703125 0.3171875 0.0109375 0.0296875
1 0.40390625 0.33984375 0.0109375 0.03125
1 0.7203125 0.39453125 0.0109375 0.028125
0 0.8515625 0.409375 0.0078125 0.0234375
0 0.26015625 0.3140625 0.009375 0.028125
0 0.28203125 0.315625 0.0078125 0.0203125
0 0.3546875 0.340625 0.0140625 0.0328125
1 0.3515625 0.33046875 0.0078125 0.021875
0 0.35 0.3265625 0.00625 0.01875
0 0.4125 0.33671875 0.0078125 0.0203125
1 0.4203125 0.3390625 0.0078125 0.0203125
0 0.471875 0.346875 0.0078125 0.0203125
1 0.49140625 0.3515625 0.0078125 0.0203125
1 0.54609375 0.36015625 0.0078125 0.0203125
1 0.58984375 0.3671875 0.0078125 0.0171875
0 0.59921875 0.3671875 0.0078125 0.0171875
1 0.63984375 0.375 0.00625 0.01875
0 0.653125 0.37421875 0.00625 0.0171875
0 0.6875 0.378125 0.00625 0.0171875
1 0.6984375 0.38359375 0.0078125 0.0203125
1 0.7375 0.39296875 0.0078125 0.0234375
1 0.74921875 0.3921875 0.009375 0.0203125
1 0.76484375 0.3921875 0.009375 0.025
0 0.77109375 0.3890625 0.0078125 0.01875
1 0.7984375 0.3984375 0.0078125 0.0203125
0 0.82421875 0.42109375 0.0109375 0.028125
0 0.9484375 0.42734375 0.0078125 0.021875
1 0.8859375 0.41328125 0.00625 0.0171875
1 0.890625 0.4109375 0.0046875 0.015625