0 0.09453125 0.70703125 0.0578125 0.084375
0 0.25546875 0.6296875 0.03125 0.0453125
0 0.23359375 0.59921875 0.0203125 0.03125
0 0.13828125 0.58515625 0.0171875 0.0265625
0 0.31640625 0.55390625 0.00625 0.0125
0 0.325 0.55390625 0.00625 0.0109375
0 0.33125 0.55234375 0.0046875 0.009375
0 0.3375 0.55234375 0.0046875 0.0078125
0 0.340625 0.55078125 0.003125 0.0078125
1 0.65625 0.709375 0.0546875 0.078125
1 0.58359375 0.628125 0.0265625 0.0421875
1 0.475 0.59375 0.0171875 0.0265625
1 0.40546875 0.58203125 0.0140625 0.021875
1 0.30703125 0.57421875 0.0125 0.0203125
1 0.18046875 0.57109375 0.0125 0.01875
1 0.221875 0.54375 0.00625 0.0125
1 0.23125 0.55078125 0.00625 0.0109375
1 0.24296875 0.55390625 0.00625 0.0109375
1 0.25703125 0.5515625 0.00625 0.0109375
1 0.26875 0.55078125 0.00625 0.009375
1 0.278125 0.54921875 0.00625 0.009375