0 0.78359375 0.38046875 0.0109375 0.028125
0 0.68828125 0.3453125 0.009375 0.028125
0 0.93125 0.43515625 0.0140625 0.034375
1 0.47890625 0.36796875 0.025 0.065625
0 0.16640625 0.2515625 0.0203125 0.053125
1 0.46796875 0.46171875 0.0390625 0.1078125
0 0.21171875 0.309375 0.0296875 0.071875
0 0.59296875 0.31328125 0.009375 0.0265625
1 0.1046875 0.18359375 0.015625 0.0359375
1 0.63359375 0.34375 0.0125 0.0328125
1 0.86171875 0.43125 0.0171875 0.040625
1 0.23515625 0.23359375 0.0171875 0.0390625
1 0.39140625 0.246875 0.0078125 0.0234375
1 0.5515625 0.315625 0.0109375 0.0296875
0 0.44921875 0.2625 0.0078125 0.021875
0 0.51171875 0.284375 0.0078125 0.0234375
1 0.3546875 0.28671875 0.0171875 0.0453125
0 0.37421875 0.23203125 0.00625 0.01875
1 0.25625 0.2046875 0.0078125 0.021875
1 0.46796875 0.28203125 0.009375 0.0265625
1 0.128125 0.16015625 0.0078125 0.0171875
0 0.265625 0.196875 0.00625 0.0171875
1 0.21875 0.1921875 0.00625 0.01875
0 0.23046875 0.18359375 0.0046875 0.0140625
1 0.17578125 0.17578125 0.0078125 0.0203125
1 0.725 0.37578125 0.0140625 0.0359375
1 0.31015625 0.2203125 0.0078125 0.021875
0 0.14921875 0.159375 0.00625 0.0140625
0 0.3125 0.21328125 0.0046875 0.01875