0 0.46640625 0.36171875 0.0171875 0.0734375
1 0.63125 0.2921875 0.0140625 0.0515625
0 0.4265625 0.33359375 0.0171875 0.0609375
1 0.89140625 0.37421875 0.028125 0.09375
0 0.47734375 0.42109375 0.025 0.1
0 0.421875 0.271875 0.0078125 0.034375
1 0.5734375 0.27734375 0.0109375 0.0421875
1 0.7546875 0.31875 0.0203125 0.0640625
1 0.56171875 0.26015625 0.0078125 0.034375
1 0.66484375 0.23046875 0.00625 0.025
1 0.58125 0.24921875 0.00625 0.0296875
0 0.6828125 0.2171875 0.0046875 0.0203125
0 0.41875 0.5734375 0.0453125 0.165625
0 0.6046875 0.22578125 0.00625 0.0203125
0 0.53203125 0.2390625 0.00625 0.0234375
0 0.8609375 0.20546875 0.0046875 0.0203125
1 0.71953125 0.2234375 0.00625 0.025
0 0.46796875 0.253125 0.00625 0.028125
0 0.378125 0.3 0.0109375 0.04375
1 0.80078125 0.2171875 0.00625 0.025
1 0.61875 0.23828125 0.00625 0.0265625
0 0.7703125 0.2109375 0.00625 0.0203125
1 0.8546875 0.2140625 0.0078125 0.0234375
1 0.94609375 0.21328125 0.0078125 0.0265625
0 0.1796875 0.7796875 0.0328125 0.125