1 0.88828125 0.36171875 0.025 0.059375
0 0.88203125 0.29921875 0.0109375 0.03125
0 0.80078125 0.3015625 0.0125 0.03125
0 0.98359375 0.30078125 0.0125 0.03125
0 0.61796875 0.4140625 0.0359375 0.0890625
0 0.70859375 0.31015625 0.015625 0.0390625
0 0.64609375 0.33984375 0.0203125 0.0515625
1 0.94296875 0.3375 0.01875 0.0453125
0 0.3703125 0.6703125 0.09375 0.2203125
0 0.0859375 0.26484375 0.0078125 0.025
0 0.278125 0.2578125 0.0078125 0.0203125
0 0.21640625 0.19609375 0.0046875 0.0109375
1 0.3390625 0.2265625 0.0046875 0.0140625
1 0.2890625 0.2375 0.00625 0.0171875
1 0.240625 0.20078125 0.0046875 0.0125
0 0.1234375 0.19765625 0.0046875 0.0109375
0 0.39296875 0.23828125 0.0046875 0.015625
1 0.175 0.24765625 0.0078125 0.0203125
0 0.17265625 0.19765625 0.003125 0.0109375
0 0.39140625 0.2125 0.003125 0.0109375
1 0.33203125 0.2078125 0.003125 0.0109375
0 0.41640625 0.221875 0.0046875 0.0109375
1 0.24296875 0.2453125 0.00625 0.01875
0 0.33515625 0.203125 0.003125 0.009375
0 0.4046875 0.21640625 0.003125 0.0109375
1 0.13984375 0.2015625 0.0046875 0.0140625
0 0.37421875 0.20859375 0.003125 0.0109375
0 0.3375 0.2484375 0.0078125 0.0171875
0 0.265625 0.19609375 0.003125 0.009375
1 0.2890625 0.203125 0.003125 0.0109375
1 0.77265625 0.24609375 0.003125 0.0109375
1 0.8 0.24296875 0.003125 0.009375
1 0.353125 0.2125 0.0046875 0.0109375
0 0.40859375 0.2328125 0.0046875 0.0140625
1 0.72578125 0.2421875 0.003125 0.009375
1 0.82265625 0.2453125 0.003125 0.0109375
0 0.19921875 0.2640625 0.0078125 0.021875
0 0.371875 0.24375 0.0046875 0.015625
0 0.72578125 0.23359375 0.003125 0.0078125
1 0.19140625 0.2015625 0.0046875 0.0125
1 0.31640625 0.23125 0.0046875 0.0140625
0 0.2984375 0.1984375 0.003125 0.009375
1 0.8453125 0.24609375 0.003125 0.009375
1 0.81953125 0.24765625 0.0046875 0.0109375
1 0.7015625 0.23203125 0.003125 0.0078125
1 0.3515625 0.21953125 0.0046875 0.0125
0 0.24765625 0.196875 0.003125 0.0078125
0 0.84140625 0.2453125 0.003125 0.0109375
0 0.4140625 0.228125 0.003125 0.009375
1 0.740625 0.23671875 0.003125 0.0078125
0 0.7453125 0.23671875 0.003125 0.0078125