0 0.12578125 0.5609375 0.0703125 0.1546875
0 0.265625 0.42265625 0.03125 0.0734375
1 0.5609375 0.41953125 0.01875 0.040625
1 0.6171875 0.41796875 0.015625 0.0359375
1 0.8171875 0.52421875 0.0296875 0.0625
1 0.94609375 0.496875 0.0140625 0.0328125
1 0.53203125 0.43984375 0.0265625 0.0546875
0 0.8640625 0.4625 0.0109375 0.0265625
1 0.91328125 0.5015625 0.01875 0.0421875
0 0.42890625 0.37734375 0.015625 0.0375
0 0.51875 0.3828125 0.0109375 0.028125
1 0.67734375 0.42421875 0.0125 0.03125
0 0.59921875 0.39453125 0.0109375 0.025
1 0.8265625 0.45859375 0.0125 0.03125
1 0.83125 0.496875 0.021875 0.046875
0 0.66796875 0.40625 0.009375 0.021875
0 0.75625 0.43046875 0.0109375 0.0234375
1 0.7296875 0.43203125 0.015625 0.03125
1 0.63203125 0.634375 0.0640625 0.134375
1 0.53984375 0.49296875 0.034375 0.0765625
0 0.3421875 0.384375 0.021875 0.0484375