0 0.9203125 0.60625 0.0234375 0.034375
0 0.753125 0.61640625 0.0234375 0.0359375
0 0.35625 0.57890625 0.0125 0.021875
0 0.5796875 0.6375 0.0375 0.0484375
0 0.73125 0.58203125 0.0140625 0.0234375
0 0.35859375 0.6875 0.0515625 0.0734375
0 0.871875 0.56484375 0.0125 0.0171875
0 0.8234375 0.57265625 0.0140625 0.0203125
0 0.24765625 0.57265625 0.0109375 0.0171875
0 0.903125 0.5609375 0.0125 0.0171875
0 0.56640625 0.5875 0.015625 0.0234375
0 0.9234375 0.5609375 0.009375 0.015625
0 0.20390625 0.56796875 0.009375 0.0171875
1 0.64453125 0.5625 0.0109375 0.0171875
1 0.50859375 0.5703125 0.0109375 0.0171875
1 0.409375 0.56640625 0.0109375 0.015625
1 0.46640625 0.56953125 0.0125 0.0171875
1 0.375 0.5640625 0.009375 0.0140625
1 0.72578125 0.55625 0.0125 0.015625
1 0.34140625 0.5609375 0.0078125 0.0125
1 0.88359375 0.55546875 0.0078125 0.0125
1 0.56015625 0.5703125 0.0140625 0.0203125
1 0.33203125 0.5578125 0.0078125 0.0125
1 0.89765625 0.546875 0.0078125 0.0125
1 0.840625 0.54765625 0.00625 0.0125
1 0.790625 0.55546875 0.0078125 0.0125
1 0.321875 0.55625 0.00625 0.0125
1 0.3125 0.55390625 0.0046875 0.0125