0 0.10625 0.73671875 0.05625 0.0890625
0 0.278125 0.6421875 0.0296875 0.0453125
0 0.33671875 0.6078125 0.0171875 0.03125
0 0.3703125 0.58984375 0.0140625 0.0234375
0 0.35625 0.58515625 0.0125 0.021875
0 0.31171875 0.58515625 0.0109375 0.021875
0 0.25859375 0.5875 0.0109375 0.021875
0 0.08828125 0.6 0.015625 0.025
1 0.41328125 0.57421875 0.0109375 0.0171875
1 0.728125 0.7265625 0.065625 0.090625
1 0.6171875 0.634375 0.0296875 0.046875
1 0.57421875 0.60078125 0.0171875 0.03125
1 0.5515625 0.58515625 0.0125 0.0234375
1 0.5265625 0.578125 0.0109375 0.01875
1 0.4640625 0.57578125 0.0109375 0.01875
1 0.3375 0.5765625 0.0109375 0.0171875
1 0.265625 0.57890625 0.0109375 0.0171875
1 0.1984375 0.584375 0.0109375 0.01875