0 0.92578125 0.3265625 0.0078125 0.025
0 0.8140625 0.309375 0.00625 0.025
0 0.12578125 0.25859375 0.0109375 0.0359375
0 0.453125 0.26484375 0.00625 0.0234375
0 0.265625 0.25703125 0.0078125 0.0296875
0 0.3765625 0.26015625 0.00625 0.025
1 0.2078125 0.321875 0.0171875 0.0578125
1 0.23203125 0.42421875 0.028125 0.1015625
1 0.684375 0.30390625 0.0078125 0.0296875
1 0.8328125 0.3265625 0.0078125 0.03125
1 0.28671875 0.28203125 0.0109375 0.0390625
0 0.615625 0.2796875 0.00625 0.025
0 0.53359375 0.271875 0.0046875 0.0234375
1 0.4046875 0.275 0.0078125 0.03125
1 0.5234375 0.759375 0.0375 0.175
0 0.70703125 0.29375 0.00625 0.0234375
1 0.32421875 0.2203125 0.003125 0.0109375
1 0.53671875 0.284375 0.0078125 0.028125
1 0.5171875 0.23984375 0.003125 0.0109375
1 0.275 0.20859375 0.0015625 0.00625
1 0.56328125 0.2390625 0.003125 0.009375
1 0.34375 0.22421875 0.0015625 0.0109375
1 0.509375 0.22890625 0.0015625 0.009375
1 0.2953125 0.22109375 0.0015625 0.0109375
0 0.26953125 0.21015625 0.0015625 0.0078125
1 0.2609375 0.21875 0.003125 0.0109375
1 0.23984375 0.22265625 0.003125 0.0109375
1 0.23203125 0.2171875 0.003125 0.0109375
1 0.2953125 0.209375 0.0015625 0.00625
0 0.54765625 0.22421875 0.0015625 0.00625
0 0.31796875 0.21484375 0.0015625 0.00625
1 0.53671875 0.2296875 0.0015625 0.00625
0 0.24375 0.2109375 0.0015625 0.0078125
1 0.23984375 0.21015625 0.003125 0.0078125
1 0.3296875 0.2125 0.0015625 0.0078125
1 0.290625 0.21875 0.0015625 0.0125
1 0.340625 0.21328125 0.0015625 0.0078125
1 0.56484375 0.2296875 0.0015625 0.0078125