1 0.75234375 0.45546875 0.0453125 0.1140625
0 0.70390625 0.2703125 0.0109375 0.028125
0 0.82734375 0.28515625 0.0125 0.034375
1 0.05703125 0.3859375 0.028125 0.0765625
1 0.21171875 0.2921875 0.015625 0.0375
1 0.13125 0.3125 0.015625 0.04375
1 0.06875 0.3421875 0.021875 0.05625
0 0.3734375 0.26328125 0.009375 0.0265625
1 0.30078125 0.27890625 0.0125 0.034375
1 0.1609375 0.44296875 0.0359375 0.1015625
0 0.25625 0.271875 0.009375 0.0265625
1 0.88671875 0.3453125 0.0234375 0.0578125
0 0.590625 0.2625 0.009375 0.0265625
1 0.5671875 0.27265625 0.0109375 0.03125
1 0.74140625 0.29140625 0.0125 0.0359375
0 0.1328125 0.28671875 0.0125 0.0328125
1 0.89453125 0.396875 0.0328125 0.084375
1 0.3921875 0.27265625 0.0109375 0.03125
1 0.821875 0.31171875 0.015625 0.0453125
1 0.4359375 0.48359375 0.046875 0.125
0 0.48359375 0.26015625 0.00625 0.025
1 0.65546875 0.27890625 0.0109375 0.0328125
1 0.48125 0.2703125 0.0109375 0.028125