1 0.28046875 0.34921875 0.0234375 0.0703125
0 0.4890625 0.303125 0.021875 0.0625
0 0.628125 0.33359375 0.0265625 0.0828125
0 0.48828125 0.25 0.0125 0.0390625
0 0.68671875 0.20703125 0.009375 0.0296875
0 0.86640625 0.19453125 0.009375 0.03125
0 0.5421875 0.23046875 0.009375 0.034375
0 0.46171875 0.27421875 0.015625 0.0484375
0 0.76015625 0.2 0.0078125 0.028125
1 0.65703125 0.2 0.0078125 0.0265625
1 0.55859375 0.2140625 0.009375 0.028125
1 0.40859375 0.45703125 0.0421875 0.1328125
1 0.8828125 0.184375 0.009375 0.0296875
1 0.4671875 0.23125 0.0078125 0.0296875
1 0.38125 0.25703125 0.0109375 0.0359375
0 0.60859375 0.21640625 0.009375 0.03125
1 0.31171875 0.2921875 0.0171875 0.0484375
1 0.74921875 0.19140625 0.0078125 0.0265625