0 0.91953125 0.4640625 0.015625 0.046875
1 0.69375 0.46171875 0.0171875 0.0515625
1 0.546875 0.4421875 0.0171875 0.0484375
0 0.74296875 0.43984375 0.0125 0.0359375
0 0.2609375 0.39921875 0.0125 0.0375
0 0.084375 0.3921875 0.0140625 0.040625
0 0.41640625 0.40703125 0.0109375 0.0359375
1 0.840625 0.48984375 0.021875 0.0625
1 0.2453125 0.48515625 0.0296875 0.0796875
0 0.575 0.4203125 0.0125 0.0359375
1 0.38671875 0.43046875 0.015625 0.0453125
1 0.2234375 0.4203125 0.0171875 0.053125
1 0.45078125 0.53125 0.034375 0.096875
1 0.7078125 0.66875 0.0609375 0.159375