1 0.871875 0.6625 0.04375 0.14375
0 0.41484375 0.51484375 0.028125 0.084375
1 0.7625 0.45859375 0.0125 0.0453125
1 0.70625 0.51640625 0.021875 0.075
1 0.8796875 0.50703125 0.0203125 0.0625
0 0.40703125 0.421875 0.0109375 0.0421875
0 0.42265625 0.39453125 0.0078125 0.028125
1 0.8578125 0.41328125 0.0046875 0.0203125
0 0.38125 0.40078125 0.009375 0.03125
1 0.78046875 0.39765625 0.003125 0.0203125
1 0.62421875 0.4 0.0046875 0.0203125
1 0.646875 0.4109375 0.0078125 0.0265625
1 0.76015625 0.41171875 0.00625 0.0234375
1 0.6890625 0.4 0.0046875 0.0203125
0 0.7890625 0.434375 0.009375 0.0328125
0 0.45078125 0.45546875 0.015625 0.053125
0 0.88046875 0.453125 0.0109375 0.0375
1 0.678125 0.4375 0.009375 0.0375
1 0.703125 0.409375 0.00625 0.0234375
1 0.81875 0.39609375 0.003125 0.015625
1 0.546875 0.4109375 0.0078125 0.0296875
1 0.8984375 0.41484375 0.0046875 0.01875
0 0.675 0.3890625 0.0046875 0.0171875
1 0.565625 0.403125 0.00625 0.025
0 0.8421875 0.4265625 0.0078125 0.028125
0 0.53671875 0.384375 0.0046875 0.021875
1 0.81328125 0.4109375 0.00625 0.0265625
1 0.54140625 0.421875 0.009375 0.0359375
1 0.80234375 0.396875 0.003125 0.021875
1 0.9453125 0.4078125 0.0046875 0.015625
1 0.64296875 0.46640625 0.0140625 0.053125
0 0.60703125 0.38515625 0.0046875 0.0203125
0 0.1734375 0.7453125 0.0546875 0.18125
0 0.88203125 0.428125 0.00625 0.028125
1 0.7453125 0.40078125 0.0046875 0.0203125
0 0.48671875 0.3859375 0.0046875 0.021875
1 0.93515625 0.4140625 0.0046875 0.0171875
0 0.715625 0.3890625 0.003125 0.0171875
1 0.6421875 0.41953125 0.0078125 0.0296875
0 0.93828125 0.42890625 0.00625 0.0234375
1 0.5921875 0.440625 0.0109375 0.0421875
1 0.89609375 0.3984375 0.003125 0.0140625
0 0.7484375 0.38828125 0.003125 0.0140625
0 0.83046875 0.3890625 0.003125 0.0140625
0 0.76484375 0.38828125 0.003125 0.0125
0 0.79140625 0.38671875 0.003125 0.0125
0 0.7875 0.42578125 0.0078125 0.028125
1 0.828125 0.3953125 0.003125 0.0140625
1 0.85 0.3953125 0.003125 0.0125