1 0.68984375 0.42578125 0.01875 0.0640625
0 0.428125 0.3703125 0.01875 0.065625
0 0.39296875 0.39609375 0.021875 0.078125
0 0.31015625 0.2734375 0.009375 0.03125
0 0.40234375 0.31875 0.0109375 0.04375
1 0.7375 0.4890625 0.025 0.0828125
0 0.36640625 0.30078125 0.0109375 0.0390625
0 0.24453125 0.45546875 0.0375 0.1171875
0 0.35390625 0.259375 0.00625 0.0234375
1 0.7046875 0.325 0.00625 0.0203125
1 0.5484375 0.290625 0.0046875 0.0203125
1 0.6234375 0.3703125 0.0140625 0.046875
1 0.8203125 0.35625 0.00625 0.0234375
1 0.48984375 0.31171875 0.0078125 0.0375
0 0.42265625 0.33828125 0.0109375 0.05
1 0.5640625 0.33984375 0.009375 0.0390625
1 0.7671875 0.34140625 0.00625 0.021875
0 0.915625 0.371875 0.00625 0.0203125
0 0.32734375 0.2625 0.00625 0.028125
0 0.4015625 0.26171875 0.0046875 0.0203125
0 0.94921875 0.38046875 0.00625 0.01875
0 0.8359375 0.353125 0.00625 0.0203125
0 0.8734375 0.3625 0.00625 0.0203125
1 0.50703125 0.28359375 0.00625 0.021875
1 0.446875 0.29609375 0.0078125 0.028125
1 0.434375 0.28359375 0.0078125 0.028125
1 0.60859375 0.3015625 0.0046875 0.0203125
1 0.4453125 0.2796875 0.00625 0.025
0 0.72265625 0.3234375 0.0046875 0.0171875
0 0.45859375 0.26796875 0.0046875 0.01875
1 0.88125 0.37109375 0.00625 0.025
1 0.646875 0.31015625 0.0046875 0.0203125
0 0.52109375 0.2796875 0.0046875 0.0171875
0 0.79296875 0.3421875 0.0046875 0.01875
0 0.653125 0.30703125 0.0046875 0.0171875
0 0.5875 0.29296875 0.0046875 0.0171875
1 0.47265625 0.27890625 0.0046875 0.0234375
1 0.784375 0.75 0.0578125 0.1984375