0 0.7640625 0.70546875 0.0609375 0.0765625
0 0.44453125 0.525 0.015625 0.01875
0 0.565625 0.62265625 0.0453125 0.05625
0 0.59453125 0.571875 0.021875 0.028125
0 0.6109375 0.54921875 0.0109375 0.015625
0 0.60234375 0.53984375 0.0078125 0.0125
0 0.61875 0.53828125 0.0078125 0.0109375
0 0.64921875 0.5421875 0.0078125 0.009375
0 0.675 0.565625 0.0140625 0.01875
0 0.7109375 0.553125 0.00625 0.0078125
0 0.765625 0.5625 0.00625 0.009375
0 0.80859375 0.571875 0.0078125 0.009375
0 0.84609375 0.58125 0.0078125 0.0109375
0 0.8875 0.5921875 0.009375 0.0125
0 0.8515625 0.62734375 0.0265625 0.03125
0 0.80390625 0.5859375 0.0125 0.015625
0 0.75546875 0.59375 0.01875 0.0234375
1 0.69453125 0.90703125 0.1609375 0.1859375
1 0.41328125 0.71171875 0.09375 0.11875
1 0.44765625 0.51796875 0.0125 0.015625
1 0.53671875 0.5296875 0.009375 0.0125
1 0.56328125 0.5828125 0.028125 0.0359375
1 0.6703125 0.5515625 0.0109375 0.0125
1 0.69921875 0.571875 0.015625 0.0203125
1 0.9234375 0.609375 0.015625 0.0171875
1 0.8015625 0.58125 0.0109375 0.0140625