0 0.05703125 0.56875 0.015625 0.0296875
0 0.3265625 0.5421875 0.0140625 0.021875
0 0.49375 0.5515625 0.0171875 0.0265625
0 0.60625 0.51640625 0.0078125 0.0125
0 0.671875 0.53984375 0.015625 0.0234375
0 0.6765625 0.5203125 0.009375 0.0140625
0 0.81171875 0.603125 0.0390625 0.053125
0 0.8171875 0.559375 0.025 0.0328125
0 0.7625 0.5140625 0.0078125 0.0125
0 0.9109375 0.5359375 0.015625 0.0234375
1 0.73984375 0.7609375 0.08125 0.13125
1 0.18671875 0.5734375 0.0234375 0.034375
1 0.54453125 0.528125 0.0109375 0.01875
1 0.78203125 0.52734375 0.0125 0.01875
1 0.8015625 0.51796875 0.009375 0.015625
1 0.915625 0.509375 0.0078125 0.0125
1 0.86015625 0.51171875 0.0078125 0.0140625