0 0.71328125 0.49921875 0.025 0.08671875
0 0.9265625 0.3953125 0.0109375 0.03828125
1 0.890625 0.37265625 0.0046875 0.0203125
0 0.63828125 0.35625 0.0046875 0.01953125
0 0.80859375 0.38046875 0.009375 0.0328125
1 0.75859375 0.36328125 0.0046875 0.01875
0 0.27421875 0.62734375 0.0453125 0.15546875
0 0.65859375 0.35859375 0.00625 0.02421875
1 0.73203125 0.36328125 0.00546875 0.01953125
1 0.7953125 0.3671875 0.00625 0.02421875
1 0.878125 0.37578125 0.00703125 0.028125
0 0.93671875 0.3734375 0.00546875 0.01875
0 0.6515625 0.35625 0.0046875 0.0171875
0 0.70546875 0.3640625 0.00703125 0.02578125
0 0.74765625 0.371875 0.00703125 0.028125
0 0.6828125 0.3578125 0.0046875 0.0171875
1 0.80234375 0.36640625 0.0046875 0.01953125
0 0.79921875 0.36484375 0.003125 0.01640625
0 0.73515625 0.36015625 0.003125 0.01640625
1 0.72109375 0.3609375 0.00546875 0.01953125