1 0.61640625 0.778125 0.053125 0.175
1 0.14140625 0.39375 0.0484375 0.115625
1 0.10625 0.1921875 0.009375 0.025
1 0.16875 0.209375 0.009375 0.025
1 0.22578125 0.23125 0.0109375 0.028125
1 0.27734375 0.24765625 0.0109375 0.03125
1 0.3609375 0.26796875 0.0125 0.034375
1 0.50234375 0.309375 0.0125 0.0390625
1 0.65625 0.375 0.015625 0.0453125
1 0.87734375 0.46640625 0.0234375 0.0625
0 0.14609375 0.1890625 0.0078125 0.0234375
0 0.253125 0.21328125 0.0078125 0.025
0 0.29921875 0.2296875 0.0078125 0.025
0 0.36640625 0.25078125 0.0078125 0.0265625
0 0.46171875 0.27578125 0.009375 0.0296875
0 0.58515625 0.3203125 0.0109375 0.0328125
0 0.703125 0.35859375 0.0125 0.0375
0 0.88359375 0.41875 0.015625 0.0453125