1 0.90390625 0.6203125 0.090625 0.184375
1 0.83984375 0.453125 0.04375 0.090625
0 0.19375 0.8265625 0.10625 0.2046875
0 0.49375 0.52890625 0.0453125 0.09375
0 0.61171875 0.4375 0.0265625 0.0578125
0 0.61953125 0.403125 0.01875 0.040625
1 0.778125 0.36328125 0.0203125 0.0421875
1 0.74453125 0.35390625 0.015625 0.034375
1 0.821875 0.3125 0.0109375 0.0234375
1 0.821875 0.38984375 0.025 0.0546875
0 0.6859375 0.3375 0.009375 0.0203125
0 0.6140625 0.3828125 0.0125 0.03125
0 0.6 0.36484375 0.009375 0.0234375
1 0.71328125 0.35078125 0.0109375 0.0265625
1 0.88671875 0.3 0.0109375 0.025
0 0.63984375 0.3515625 0.0109375 0.021875
0 0.734375 0.325 0.009375 0.0203125
1 0.7546875 0.32578125 0.0109375 0.0234375
1 0.70390625 0.3421875 0.0109375 0.0234375
0 0.60546875 0.37734375 0.0109375 0.025
0 0.8578125 0.296875 0.0109375 0.025