0 0.4859375 0.47265625 0.0359375 0.0890625
0 0.78984375 0.36875 0.0125 0.0359375
1 0.86328125 0.4984375 0.0359375 0.0953125
0 0.2859375 0.64609375 0.06875 0.1734375
0 0.653125 0.41484375 0.021875 0.059375
0 0.76484375 0.38828125 0.015625 0.0453125
1 0.9265625 0.43515625 0.028125 0.065625
0 0.89765625 0.33515625 0.0078125 0.0171875
1 0.93359375 0.3609375 0.0109375 0.03125
0 0.79765625 0.33984375 0.0078125 0.01875
0 0.7984375 0.3578125 0.009375 0.0234375
0 0.8421875 0.33671875 0.0078125 0.0203125
0 0.79375 0.35 0.00625 0.0234375
1 0.91171875 0.35 0.0109375 0.028125