0 0.178125 0.571875 0.0328125 0.1171875
0 0.25390625 0.4484375 0.015625 0.065625
1 0.8828125 0.50703125 0.0234375 0.075
1 0.76484375 0.45234375 0.015625 0.05625
1 0.49765625 0.42578125 0.0140625 0.04375
1 0.57265625 0.39140625 0.009375 0.0328125
1 0.51953125 0.40078125 0.009375 0.0375
1 0.63125 0.3875 0.00625 0.03125
1 0.8890625 0.4109375 0.00625 0.03125
0 0.55390625 0.3734375 0.00625 0.021875
0 0.47578125 0.375 0.00625 0.028125
1 0.85625 0.4171875 0.009375 0.0359375
1 0.68203125 0.38828125 0.00625 0.025
0 0.7078125 0.3796875 0.0046875 0.021875
0 0.31171875 0.40625 0.0125 0.040625
0 0.62109375 0.37265625 0.0046875 0.0203125
0 0.93671875 0.4109375 0.00625 0.021875
0 0.8109375 0.39296875 0.00625 0.025
1 0.77421875 0.39609375 0.0046875 0.028125
1 0.77890625 0.42734375 0.0109375 0.0421875
0 0.39140625 0.3859375 0.009375 0.03125
1 0.51171875 0.465625 0.01875 0.06875
1 0.60625 0.55859375 0.034375 0.1109375