1 0.4546875 0.57890625 0.075 0.1546875
1 0.1640625 0.159375 0.0125 0.0265625
1 0.25703125 0.19296875 0.0125 0.0296875
1 0.3484375 0.22421875 0.0140625 0.03125
1 0.42890625 0.2515625 0.0140625 0.03125
1 0.51484375 0.28125 0.0125 0.03125
1 0.61328125 0.3203125 0.0140625 0.0328125
1 0.71484375 0.36171875 0.0171875 0.0390625
1 0.85 0.41796875 0.01875 0.0421875
0 0.16015625 0.14453125 0.0109375 0.025
0 0.23671875 0.17109375 0.0109375 0.025
0 0.33515625 0.2046875 0.0109375 0.025
0 0.41875 0.23359375 0.0125 0.0265625
0 0.5171875 0.26796875 0.0109375 0.025
0 0.6140625 0.3046875 0.009375 0.025
0 0.7359375 0.35703125 0.0125 0.028125
0 0.85859375 0.409375 0.0140625 0.0328125