0 0.25859375 0.503125 0.053125 0.0921875
0 0.29453125 0.44453125 0.034375 0.0625
0 0.33671875 0.41953125 0.0265625 0.0484375
0 0.25390625 0.3828125 0.0234375 0.0375
0 0.24296875 0.3640625 0.01875 0.03125
0 0.3234375 0.36484375 0.0125 0.0234375
0 0.38671875 0.36875 0.0125 0.0203125
0 0.37421875 0.34296875 0.00625 0.0109375
0 0.38515625 0.34296875 0.00625 0.009375
0 0.3984375 0.34296875 0.00625 0.009375
0 0.40625 0.34921875 0.00625 0.009375
0 0.41484375 0.346875 0.00625 0.009375
0 0.4390625 0.35859375 0.00625 0.0109375
0 0.45390625 0.35234375 0.00625 0.009375
0 0.4640625 0.378125 0.009375 0.01875
0 0.46796875 0.36484375 0.0078125 0.0125
0 0.45859375 0.35078125 0.00625 0.009375
0 0.49140625 0.37890625 0.0078125 0.015625
0 0.4953125 0.36953125 0.00625 0.0109375
0 0.5125 0.3796875 0.0078125 0.0140625
0 0.71953125 0.41171875 0.0078125 0.0125
0 0.765625 0.42578125 0.009375 0.0171875
0 0.67578125 0.4015625 0.009375 0.015625
0 0.6234375 0.39140625 0.00625 0.0109375
0 0.60390625 0.38203125 0.003125 0.00625
0 0.57109375 0.3796875 0.00625 0.0109375
0 0.575 0.37734375 0.0046875 0.0078125
0 0.5875 0.38359375 0.0046875 0.009375
0 0.5890625 0.38125 0.0046875 0.009375
0 0.58125 0.37265625 0.003125 0.00625
0 0.58671875 0.3734375 0.003125 0.00625
0 0.6 0.38125 0.003125 0.00625
0 0.5984375 0.37734375 0.003125 0.00625
0 0.5921875 0.37578125 0.0046875 0.0078125
0 0.5640625 0.36796875 0.003125 0.00625
1 0.45 0.35546875 0.00625 0.0109375
1 0.46484375 0.359375 0.0078125 0.0125
1 0.4625 0.35078125 0.00625 0.009375
1 0.484375 0.35625 0.00625 0.009375
1 0.48671875 0.353125 0.0046875 0.0078125
1 0.4921875 0.36171875 0.00625 0.009375
1 0.49921875 0.36484375 0.00625 0.009375
1 0.49765625 0.365625 0.00625 0.009375
1 0.50859375 0.3640625 0.00625 0.009375
1 0.50625 0.36015625 0.00625 0.009375
1 0.5140625 0.41875 0.01875 0.0328125
1 0.51484375 0.40546875 0.0140625 0.025
1 0.54921875 0.4390625 0.021875 0.0359375
1 0.5625 0.40703125 0.0140625 0.0234375
1 0.59296875 0.40703125 0.0125 0.0203125
1 0.63359375 0.478125 0.028125 0.046875
1 0.78984375 0.56640625 0.0484375 0.078125
1 0.8953125 0.51953125 0.03125 0.0453125
1 0.825 0.478125 0.0203125 0.0328125
1 0.825 0.46328125 0.0171875 0.0265625
1 0.78828125 0.4484375 0.0140625 0.021875
1 0.72265625 0.428125 0.0109375 0.0171875
1 0.771875 0.415625 0.0109375 0.0171875
1 0.69140625 0.4171875 0.009375 0.015625
1 0.66640625 0.40625 0.0078125 0.015625
1 0.65625 0.4046875 0.0078125 0.015625
1 0.640625 0.39921875 0.0078125 0.015625
1 0.61015625 0.39140625 0.0078125 0.015625
1 0.6140625 0.39921875 0.009375 0.015625
1 0.60625 0.4 0.009375 0.015625
1 0.60390625 0.40390625 0.0109375 0.01875
1 0.5921875 0.390625 0.009375 0.0140625
1 0.575 0.38359375 0.0078125 0.0140625
1 0.559375 0.3828125 0.0078125 0.0140625
1 0.5296875 0.37421875 0.00625 0.0109375
1 0.53671875 0.375 0.00625 0.0109375
1 0.53515625 0.36953125 0.00625 0.009375
1 0.53984375 0.3703125 0.00625 0.009375
1 0.54296875 0.36640625 0.00625 0.009375
1 0.5453125 0.36953125 0.0046875 0.009375
1 0.5484375 0.36953125 0.00625 0.009375
1 0.53671875 0.3640625 0.0046875 0.00625
1 0.52890625 0.3625 0.0046875 0.0078125
1 0.5171875 0.3640625 0.00625 0.0109375