0 0.18515625 0.5890625 0.0359375 0.05
0 0.24921875 0.5671875 0.0234375 0.0328125
0 0.21796875 0.5453125 0.0171875 0.025
0 0.13125 0.5234375 0.0171875 0.021875
0 0.259375 0.51875 0.0078125 0.0109375
0 0.265625 0.51953125 0.0046875 0.009375
0 0.2703125 0.51953125 0.0046875 0.0078125
0 0.27578125 0.51953125 0.0046875 0.0078125
0 0.27890625 0.51875 0.003125 0.0078125
1 0.70546875 0.8046875 0.09375 0.11875
1 0.50390625 0.63359375 0.034375 0.046875
1 0.4796875 0.59765625 0.021875 0.03125
1 0.403125 0.56796875 0.0171875 0.0234375
1 0.34765625 0.5515625 0.015625 0.0203125
1 0.2609375 0.5359375 0.0125 0.01875
1 0.14765625 0.51640625 0.0140625 0.01875
1 0.18984375 0.50859375 0.0078125 0.0109375
1 0.20078125 0.50859375 0.00625 0.009375
1 0.21015625 0.509375 0.0046875 0.0078125
1 0.21875 0.509375 0.0046875 0.0078125
1 0.1796875 0.5046875 0.0078125 0.0109375
1 0.17109375 0.496875 0.0078125 0.0125