1 0.43125 0.61171875 0.0640625 0.178125
1 0.42109375 0.39609375 0.028125 0.0828125
1 0.4546875 0.33828125 0.0171875 0.0546875
1 0.3578125 0.28125 0.0140625 0.0390625
1 0.2546875 0.24140625 0.0109375 0.0328125
1 0.14140625 0.2046875 0.009375 0.028125
1 0.09296875 0.16875 0.0046875 0.0171875
1 0.16171875 0.18515625 0.0046875 0.015625
1 0.2046875 0.19609375 0.0046875 0.0171875
1 0.24453125 0.20859375 0.00625 0.0171875
1 0.278125 0.21796875 0.00625 0.01875
1 0.32734375 0.2296875 0.00625 0.0203125
1 0.40390625 0.25 0.00625 0.0203125
1 0.47421875 0.27734375 0.00625 0.0234375
1 0.55 0.30390625 0.009375 0.0265625
1 0.6234375 0.32421875 0.009375 0.0296875
1 0.709375 0.34921875 0.0109375 0.03125
1 0.834375 0.3921875 0.0125 0.0375
0 0.228125 0.29765625 0.021875 0.059375
0 0.1921875 0.2578125 0.015625 0.0453125
0 0.1125 0.22890625 0.0140625 0.040625
0 0.08359375 0.1609375 0.0046875 0.015625
0 0.1265625 0.171875 0.0046875 0.0140625
0 0.18046875 0.1828125 0.0046875 0.0140625
0 0.25546875 0.20078125 0.0046875 0.015625
0 0.28828125 0.21171875 0.00625 0.0171875
0 0.33125 0.2234375 0.00625 0.0171875
0 0.38984375 0.2375 0.0046875 0.0171875
0 0.46015625 0.26171875 0.00625 0.0203125
0 0.51796875 0.2796875 0.00625 0.0203125
0 0.59296875 0.30078125 0.0078125 0.025
0 0.6828125 0.325 0.009375 0.025
0 0.77265625 0.353125 0.009375 0.028125
0 0.9125 0.3953125 0.0125 0.0328125