0 0.4765625 0.3234375 0.0171875 0.0578125
0 0.4453125 0.25546875 0.009375 0.03125
0 0.290625 0.2125 0.0078125 0.025
0 0.37421875 0.2328125 0.0078125 0.0265625
1 0.16015625 0.296875 0.0265625 0.0703125
1 0.30703125 0.28359375 0.0203125 0.0515625
1 0.3515625 0.26328125 0.0140625 0.040625
1 0.33828125 0.2453125 0.0109375 0.034375
1 0.2375 0.2140625 0.0109375 0.028125
0 0.4890625 0.284375 0.0109375 0.0390625
0 0.19453125 0.19609375 0.0078125 0.0234375
0 0.31875 0.36796875 0.03125 0.090625
1 0.29765625 0.228125 0.009375 0.0296875
0 0.0828125 0.18046875 0.0078125 0.025
1 0.1609375 0.2 0.0109375 0.028125
1 0.22109375 0.55390625 0.06875 0.1875
1 0.07265625 0.18828125 0.0078125 0.0296875