0 0.4015625 0.54375 0.034375 0.1109375
0 0.43671875 0.44921875 0.0203125 0.06875
0 0.2546875 0.40859375 0.0140625 0.0453125
0 0.3328125 0.42421875 0.0171875 0.05625
1 0.67578125 0.415625 0.01875 0.0609375
1 0.89375 0.37734375 0.0171875 0.05
0 0.21796875 0.3921875 0.0109375 0.0359375
1 0.60703125 0.36796875 0.0125 0.0375
1 0.34140625 0.3546875 0.0078125 0.021875
0 0.23828125 0.36171875 0.0078125 0.0234375
1 0.44921875 0.3890625 0.0125 0.0375
0 0.61796875 0.35078125 0.009375 0.028125
1 0.365625 0.340625 0.0046875 0.0171875
1 0.34765625 0.34609375 0.00625 0.0203125
1 0.50390625 0.33671875 0.00625 0.0203125
1 0.5484375 0.39609375 0.015625 0.046875
1 0.48984375 0.365625 0.009375 0.03125
0 0.7203125 0.35078125 0.0109375 0.03125
1 0.815625 0.47734375 0.03125 0.09375
1 0.3703125 0.38046875 0.0109375 0.0359375
0 0.3921875 0.3328125 0.0046875 0.015625
0 0.22734375 0.37421875 0.009375 0.028125
0 0.58828125 0.3296875 0.00625 0.01875
1 0.44609375 0.35703125 0.0078125 0.0265625
0 0.32890625 0.3390625 0.0046875 0.015625
0 0.54140625 0.3484375 0.0078125 0.025
1 0.35546875 0.3640625 0.0078125 0.0265625
0 0.57265625 0.33984375 0.0078125 0.021875
1 0.40625 0.33515625 0.0046875 0.0171875
1 0.47265625 0.3453125 0.0078125 0.021875
0 0.2671875 0.35234375 0.00625 0.0203125
0 0.8609375 0.34921875 0.0125 0.0359375
0 0.28828125 0.34453125 0.0046875 0.0171875
0 0.571875 0.32421875 0.0078125 0.0203125
0 0.459375 0.328125 0.0046875 0.015625
1 0.4625 0.33046875 0.0046875 0.0171875
0 0.5234375 0.325 0.0046875 0.015625
1 0.7296875 0.36796875 0.0125 0.040625
1 0.50625 0.33125 0.0046875 0.0171875