1 0.678125 0.5203125 0.028125 0.090625
0 0.19609375 0.584375 0.0375 0.1203125
0 0.45625 0.4484375 0.0125 0.05625
0 0.384375 0.49140625 0.0203125 0.065625
0 0.38046875 0.4296875 0.0125 0.0421875
0 0.2265625 0.4375 0.0109375 0.0453125
1 0.70390625 0.40390625 0.0078125 0.028125
1 0.81640625 0.440625 0.0125 0.05
1 0.16875 0.4109375 0.009375 0.028125
1 0.596875 0.4265625 0.009375 0.0390625
0 0.87421875 0.39609375 0.00625 0.028125
1 0.06640625 0.428125 0.0109375 0.0390625
1 0.78515625 0.41953125 0.0078125 0.034375
1 0.63203125 0.40234375 0.00625 0.0265625
0 0.16171875 0.40703125 0.00625 0.025
1 0.78984375 0.75703125 0.0359375 0.16875
1 0.05390625 0.41484375 0.0078125 0.0296875
1 0.4125 0.4171875 0.009375 0.03125
0 0.0953125 0.4046875 0.00625 0.025
0 0.7734375 0.3953125 0.0046875 0.025
0 0.9453125 0.4046875 0.0078125 0.0359375
1 0.18828125 0.421875 0.009375 0.0359375
1 0.303125 0.4171875 0.009375 0.028125
0 0.46796875 0.3984375 0.0046875 0.0203125
1 0.27109375 0.4109375 0.00625 0.0234375
1 0.55 0.40390625 0.00625 0.025
1 0.509375 0.4171875 0.0078125 0.0359375
1 0.92734375 0.49453125 0.0234375 0.078125
0 0.6734375 0.39453125 0.0078125 0.021875
1 0.4578125 0.40546875 0.00625 0.025
1 0.36796875 0.4078125 0.00625 0.025
0 0.26796875 0.403125 0.003125 0.021875
0 0.56953125 0.3953125 0.00625 0.0203125
1 0.65390625 0.4546875 0.015625 0.0578125
1 0.78046875 0.40390625 0.0046875 0.03125