0 0.278125 0.34453125 0.0234375 0.06875
1 0.58203125 0.3984375 0.0171875 0.0609375
0 0.85859375 0.39921875 0.009375 0.03125
1 0.49609375 0.42578125 0.025 0.0859375
0 0.725 0.378125 0.009375 0.0375
0 0.5921875 0.35390625 0.009375 0.040625
1 0.75078125 0.35078125 0.00625 0.021875
1 0.7640625 0.3765625 0.009375 0.03125
0 0.90078125 0.38828125 0.0078125 0.0234375
1 0.6859375 0.4 0.015625 0.05
0 0.8234375 0.3796875 0.0078125 0.028125
1 0.44375 0.53203125 0.0359375 0.1375
1 0.7953125 0.3578125 0.0078125 0.0234375
1 0.73515625 0.3546875 0.0078125 0.0265625
0 0.44140625 0.33671875 0.0140625 0.05
0 0.85390625 0.37734375 0.0078125 0.0234375
1 0.80390625 0.4203125 0.0109375 0.0453125
1 0.93671875 0.39140625 0.00625 0.0203125
1 0.8578125 0.37109375 0.00625 0.0203125
1 0.9359375 0.4546875 0.0140625 0.0453125
0 0.82578125 0.37421875 0.0078125 0.025