0 0.2390625 0.753125 0.096875 0.203125
0 0.6625 0.4125 0.0140625 0.034375
1 0.93203125 0.43671875 0.0265625 0.0609375
0 0.696875 0.42734375 0.0203125 0.0453125
0 0.640625 0.40234375 0.0109375 0.028125
1 0.853125 0.41328125 0.01875 0.0453125
0 0.69375 0.45703125 0.025 0.0609375
1 0.76640625 0.396875 0.0125 0.03125
0 0.61015625 0.534375 0.0421875 0.1
1 0.875 0.36796875 0.009375 0.025
1 0.81171875 0.4078125 0.0140625 0.0359375
1 0.78125 0.38828125 0.0109375 0.028125
0 0.6734375 0.39453125 0.009375 0.021875
1 0.8984375 0.3765625 0.009375 0.025
1 0.81171875 0.38046875 0.0109375 0.025
0 0.85703125 0.35859375 0.009375 0.021875
1 0.90703125 0.3828125 0.0125 0.03125
0 0.78046875 0.3703125 0.009375 0.025
0 0.73125 0.37890625 0.0078125 0.0203125