1 0.3765625 0.53515625 0.084375 0.1734375
1 0.1828125 0.3265625 0.0546875 0.115625
1 0.19140625 0.1484375 0.0171875 0.0375
1 0.2890625 0.1828125 0.015625 0.034375
1 0.36796875 0.2140625 0.0140625 0.0328125
1 0.49140625 0.26796875 0.015625 0.0359375
1 0.575 0.30234375 0.0171875 0.0375
1 0.67109375 0.3390625 0.015625 0.0359375
1 0.74375 0.36328125 0.0140625 0.03125
1 0.79296875 0.37578125 0.0125 0.028125
1 0.81953125 0.38125 0.0109375 0.0234375
1 0.81015625 0.36171875 0.0078125 0.0203125
1 0.81484375 0.35703125 0.0078125 0.0203125
1 0.82578125 0.37890625 0.0109375 0.025
0 0.3078125 0.17421875 0.0125 0.028125
0 0.409375 0.2140625 0.0125 0.0265625
0 0.509375 0.25625 0.0125 0.028125
0 0.553125 0.2734375 0.0109375 0.028125
0 0.6125 0.296875 0.0125 0.028125
0 0.659375 0.3125 0.0109375 0.0265625
0 0.68671875 0.32109375 0.0109375 0.025
0 0.71796875 0.33046875 0.009375 0.021875
0 0.7328125 0.334375 0.0078125 0.0203125
0 0.73828125 0.33359375 0.0078125 0.01875
0 0.76015625 0.3296875 0.0078125 0.015625
0 0.796875 0.3453125 0.00625 0.015625
1 0.90859375 0.40078125 0.0078125 0.0171875
1 0.83828125 0.36875 0.0078125 0.0171875
1 0.95078125 0.41953125 0.00625 0.0140625
0 0.97265625 0.4171875 0.0046875 0.0125
0 0.959375 0.4140625 0.00625 0.0140625
0 0.934375 0.40625 0.00625 0.015625
0 0.88203125 0.38359375 0.00625 0.0140625