0 0.21640625 0.340625 0.025 0.075
0 0.7734375 0.384375 0.0109375 0.0390625
0 0.928125 0.425 0.0125 0.0390625
0 0.33203125 0.2640625 0.009375 0.0296875
1 0.71953125 0.39765625 0.015625 0.0484375
1 0.6203125 0.3890625 0.0171875 0.05625
1 0.47265625 0.47109375 0.0328125 0.109375
0 0.35625 0.3375 0.01875 0.059375
1 0.534375 0.3234375 0.0109375 0.0390625
1 0.47421875 0.29609375 0.009375 0.03125
1 0.83203125 0.41953125 0.0171875 0.0453125
0 0.421875 0.325 0.0140625 0.0453125
1 0.3 0.24375 0.0078125 0.028125
0 0.38828125 0.2859375 0.0078125 0.03125
1 0.390625 0.26640625 0.0046875 0.025
0 0.42265625 0.303125 0.0109375 0.040625
0 0.6484375 0.35625 0.0109375 0.0390625
1 0.53359375 0.40234375 0.0203125 0.071875
1 0.52109375 0.728125 0.06875 0.221875
0 0.26171875 0.24453125 0.0078125 0.0296875
0 0.171875 0.225 0.0109375 0.028125
1 0.18671875 0.21875 0.009375 0.028125
0 0.06796875 0.20703125 0.0078125 0.0328125