0 0.6484375 0.30625 0.0234375 0.0515625
0 0.76171875 0.42734375 0.0453125 0.096875
0 0.70625 0.33515625 0.0265625 0.0578125
0 0.71171875 0.48828125 0.0625 0.1296875
1 0.88671875 0.34921875 0.025 0.0515625
1 0.78125 0.309375 0.01875 0.0421875
0 0.58359375 0.2828125 0.021875 0.0453125
1 0.55546875 0.22265625 0.009375 0.021875
0 0.40703125 0.2109375 0.0109375 0.025
1 0.68203125 0.278125 0.0171875 0.0375
1 0.5734375 0.25 0.0140625 0.03125
0 0.740625 0.37109375 0.0328125 0.071875
0 0.40859375 0.2234375 0.0140625 0.03125
0 0.82734375 0.2578125 0.0078125 0.015625
0 0.4421875 0.20859375 0.009375 0.0203125
1 0.521875 0.22734375 0.0109375 0.025
0 0.4671875 0.24765625 0.0171875 0.0375
0 0.85078125 0.26171875 0.009375 0.0171875
1 0.87578125 0.27265625 0.0078125 0.0203125
0 0.5421875 0.21171875 0.00625 0.0171875
1 0.715625 0.24375 0.009375 0.0203125
1 0.6328125 0.2296875 0.009375 0.0203125
0 0.79765625 0.25390625 0.009375 0.0171875
1 0.5921875 0.22421875 0.009375 0.0203125
1 0.528125 0.22265625 0.0109375 0.0234375
0 0.771875 0.2484375 0.009375 0.0203125
0 0.49921875 0.609375 0.1015625 0.2046875
1 0.91171875 0.27734375 0.0078125 0.01875
0 0.8828125 0.26484375 0.00625 0.0140625
1 0.78125 0.2578125 0.009375 0.0203125
0 0.6015625 0.2203125 0.0078125 0.0171875
0 0.66484375 0.2296875 0.0078125 0.0171875
1 0.83125 0.265625 0.0078125 0.0203125
1 0.678125 0.2359375 0.0078125 0.0203125
0 0.4875 0.20859375 0.0078125 0.0171875
0 0.73203125 0.24140625 0.0078125 0.0171875
1 0.5328125 0.23515625 0.0140625 0.03125
1 0.9515625 0.28203125 0.0078125 0.015625
1 0.934375 0.2796875 0.0078125 0.01875
0 0.86875 0.26328125 0.0078125 0.0171875