0 0.1390625 0.44296875 0.0125 0.021875
0 0.07109375 0.46484375 0.0140625 0.025
0 0.07890625 0.43671875 0.0109375 0.0203125
0 0.184375 0.428125 0.0109375 0.021875
0 0.14453125 0.42265625 0.0078125 0.01875
0 0.2015625 0.4171875 0.009375 0.01875
0 0.76484375 0.3625 0.01875 0.021875
0 0.653125 0.36875 0.0140625 0.015625
0 0.575 0.36953125 0.0125 0.0140625
0 0.51640625 0.36796875 0.0125 0.0109375
0 0.478125 0.3671875 0.009375 0.009375
1 0.3765625 0.5265625 0.0453125 0.078125
1 0.1734375 0.4921875 0.021875 0.0421875
1 0.15703125 0.47578125 0.01875 0.0359375
1 0.16953125 0.45859375 0.0171875 0.03125
1 0.1203125 0.42109375 0.0109375 0.01875
1 0.2390625 0.434375 0.0125 0.0234375
1 0.19375 0.4078125 0.009375 0.0171875
1 0.24921875 0.403125 0.009375 0.0171875
1 0.31953125 0.3984375 0.0109375 0.01875
1 0.29609375 0.41328125 0.0109375 0.0203125
1 0.290625 0.39921875 0.009375 0.0171875