1 0.67421875 0.77734375 0.0328125 0.125
1 0.3671875 0.525 0.034375 0.1171875
1 0.33359375 0.415625 0.01875 0.06875
1 0.36875 0.37890625 0.0140625 0.05
1 0.39296875 0.3578125 0.0109375 0.040625
1 0.4125 0.34375 0.009375 0.0359375
1 0.43046875 0.33125 0.0078125 0.028125
1 0.4421875 0.32421875 0.00625 0.025
1 0.465625 0.31328125 0.0046875 0.0203125
1 0.4765625 0.30625 0.0046875 0.0171875
1 0.484375 0.3 0.003125 0.015625
1 0.815625 0.34140625 0.003125 0.0140625
1 0.8515625 0.35234375 0.003125 0.0140625
1 0.8609375 0.3609375 0.0046875 0.0171875
1 0.83359375 0.36171875 0.00625 0.0171875
1 0.8 0.3640625 0.00625 0.0203125
1 0.78359375 0.3703125 0.00625 0.0234375
1 0.82421875 0.390625 0.009375 0.03125
1 0.94609375 0.4328125 0.0046875 0.0265625
0 0.15390625 0.3578125 0.015625 0.053125
0 0.234375 0.3375 0.0109375 0.040625
0 0.28203125 0.328125 0.009375 0.0328125
0 0.321875 0.3203125 0.0078125 0.028125
0 0.34765625 0.3140625 0.0078125 0.025
0 0.36875 0.30703125 0.0046875 0.021875
0 0.39296875 0.30078125 0.00625 0.0203125
0 0.4125 0.29375 0.0046875 0.0171875
0 0.428125 0.28828125 0.0046875 0.0171875
0 0.43828125 0.28515625 0.003125 0.0140625
0 0.8484375 0.34296875 0.003125 0.0140625
0 0.88046875 0.35234375 0.003125 0.0140625
0 0.9203125 0.36640625 0.0046875 0.0171875
0 0.94453125 0.37734375 0.003125 0.0171875
0 0.90234375 0.38125 0.00625 0.0203125
0 0.8921875 0.3859375 0.0078125 0.025
0 0.9390625 0.38515625 0.00625 0.0203125
0 0.9265625 0.403125 0.0078125 0.028125