0 0.82265625 0.41328125 0.0078125 0.0296875
0 0.8890625 0.44453125 0.009375 0.03125
0 0.803125 0.40234375 0.0078125 0.025
1 0.865625 0.45703125 0.0125 0.0390625
1 0.1953125 0.353125 0.025 0.0796875
0 0.7578125 0.37578125 0.00625 0.0203125
1 0.75234375 0.40234375 0.0109375 0.03125
0 0.08671875 0.15703125 0.00625 0.0171875
1 0.1609375 0.290625 0.01875 0.05625
1 0.7078125 0.371875 0.0078125 0.025
1 0.25625 0.20390625 0.0046875 0.0140625
1 0.584375 0.31171875 0.00625 0.0171875
1 0.1328125 0.2234375 0.0109375 0.0359375
1 0.140625 0.2515625 0.015625 0.0453125
1 0.12734375 0.2046875 0.0078125 0.028125
1 0.68828125 0.35625 0.00625 0.0203125
0 0.859375 0.35625 0.0046875 0.0125
1 0.51953125 0.28984375 0.0046875 0.0171875
1 0.478125 0.74296875 0.065625 0.2078125
1 0.18984375 0.18671875 0.0046875 0.0171875
1 0.64609375 0.3359375 0.00625 0.0203125
0 0.9171875 0.37890625 0.0046875 0.0140625
1 0.28203125 0.4921875 0.0453125 0.13125
0 0.2 0.18515625 0.0046875 0.0125
1 0.94921875 0.38203125 0.0046875 0.0125
0 0.70234375 0.35234375 0.0046875 0.0171875
1 0.45078125 0.2671875 0.0046875 0.0140625
1 0.38828125 0.24609375 0.0046875 0.0140625
0 0.590625 0.309375 0.0046875 0.015625
1 0.14140625 0.18046875 0.00625 0.0203125
0 0.490625 0.275 0.0046875 0.0140625
1 0.9359375 0.37578125 0.003125 0.009375
0 0.87578125 0.36328125 0.0046875 0.0125
0 0.30703125 0.215625 0.0046875 0.0140625
1 0.92421875 0.3703125 0.003125 0.0109375
0 0.91953125 0.36953125 0.003125 0.0109375
0 0.43984375 0.25703125 0.0046875 0.0140625
0 0.39609375 0.24296875 0.0046875 0.0140625
0 0.35 0.22890625 0.0046875 0.0125
0 0.85703125 0.35 0.003125 0.0109375
1 0.44921875 0.2453125 0.003125 0.00625
1 0.12421875 0.1953125 0.0078125 0.025
0 0.6390625 0.32734375 0.0046875 0.0171875
1 0.24296875 0.1875 0.003125 0.0109375
1 0.928125 0.371875 0.003125 0.0109375
1 0.3234375 0.2234375 0.0046875 0.0140625
0 0.13203125 0.1671875 0.0046875 0.015625
0 0.86796875 0.35234375 0.003125 0.0109375
0 0.53984375 0.29296875 0.0046875 0.0140625
0 0.959375 0.3828125 0.0015625 0.0109375
0 0.2640625 0.20234375 0.0046875 0.0140625
0 0.8890625 0.359375 0.0015625 0.009375
1 0.125 0.1875 0.00625 0.021875
1 0.4375 0.2375 0.0015625 0.00625