0 0.0796875 0.28671875 0.0171875 0.0453125
1 0.68671875 0.29921875 0.01875 0.0515625
0 0.55 0.31796875 0.021875 0.059375
0 0.45546875 0.29296875 0.01875 0.0484375
0 0.65859375 0.47109375 0.0453125 0.1328125
0 0.35234375 0.28125 0.015625 0.0421875
0 0.62578125 0.3640625 0.028125 0.0796875
1 0.83046875 0.34765625 0.025 0.06875
1 0.4140625 0.2625 0.0125 0.0359375
0 0.22734375 0.27890625 0.015625 0.0421875
1 0.2640625 0.2609375 0.0125 0.0359375
1 0.090625 0.2703125 0.0140625 0.0359375
1 0.54765625 0.27421875 0.0140625 0.0375
0 0.48671875 0.75078125 0.0609375 0.1953125