0 0.45078125 0.325 0.0296875 0.0609375
0 0.36171875 0.29140625 0.0234375 0.0515625
0 0.12421875 0.209375 0.0109375 0.0234375
0 0.25546875 0.2703125 0.021875 0.0453125
0 0.13046875 0.23046875 0.015625 0.03125
0 0.15390625 0.21953125 0.0125 0.0265625
1 0.4671875 0.27890625 0.01875 0.0390625
1 0.7453125 0.38671875 0.0390625 0.075
1 0.1828125 0.24296875 0.0171875 0.0375
0 0.125 0.259375 0.0203125 0.0421875
0 0.51171875 0.38203125 0.0421875 0.0859375
1 0.33125 0.25703125 0.0171875 0.0359375
1 0.60390625 0.3171875 0.025 0.05
0 0.50546875 0.50859375 0.065625 0.1421875
1 0.9390625 0.56796875 0.0515625 0.1421875