0 0.42421875 0.4515625 0.01875 0.0625
0 0.37109375 0.3984375 0.0109375 0.0390625
0 0.26171875 0.3953125 0.0109375 0.0390625
1 0.82265625 0.6078125 0.05 0.1375
0 0.3796875 0.534375 0.028125 0.1015625
1 0.74375 0.40390625 0.0125 0.0390625
0 0.159375 0.38671875 0.0125 0.0359375
0 0.91953125 0.4 0.0140625 0.040625
1 0.6359375 0.3859375 0.009375 0.0296875
1 0.575 0.39453125 0.009375 0.0328125
1 0.4890625 0.3734375 0.00625 0.025
1 0.66015625 0.440625 0.01875 0.05625
1 0.834375 0.42890625 0.0140625 0.0484375
1 0.3296875 0.36484375 0.0078125 0.025
1 0.7125 0.4875 0.0296875 0.0796875
1 0.2953125 0.3765625 0.0078125 0.028125
1 0.18828125 0.35625 0.00625 0.0203125
0 0.62421875 0.371875 0.0078125 0.025
1 0.63828125 0.4140625 0.0125 0.0453125
1 0.48046875 0.38671875 0.009375 0.03125
0 0.08125 0.35390625 0.0046875 0.015625
0 0.059375 0.37265625 0.009375 0.028125
0 0.46953125 0.415625 0.0140625 0.0453125
0 0.1015625 0.37734375 0.0109375 0.03125
0 0.70703125 0.3734375 0.0078125 0.028125
1 0.2109375 0.36953125 0.0078125 0.0265625
0 0.80078125 0.38125 0.0109375 0.0328125
1 0.25234375 0.3625 0.00625 0.0234375
0 0.3640625 0.36171875 0.0046875 0.01875
1 0.55703125 0.378125 0.0078125 0.028125
0 0.45546875 0.3640625 0.00625 0.021875
1 0.11875 0.3546875 0.0046875 0.0171875
0 0.23515625 0.35078125 0.0046875 0.0203125
1 0.38515625 0.38203125 0.009375 0.03125
0 0.19765625 0.34921875 0.0046875 0.015625
1 0.1484375 0.3640625 0.0078125 0.025
1 0.06171875 0.35859375 0.0046875 0.0203125
1 0.3984375 0.36875 0.0078125 0.025
0 0.55546875 0.36640625 0.00625 0.0203125
0 0.2953125 0.35625 0.00625 0.0203125
1 0.06953125 0.36484375 0.00625 0.01875
0 0.22109375 0.8125 0.0390625 0.1125