0 0.2609375 0.32578125 0.015625 0.0609375
1 0.4734375 0.45390625 0.025 0.1015625
1 0.63359375 0.36640625 0.0125 0.0484375
0 0.60546875 0.32734375 0.0078125 0.0359375
1 0.7703125 0.34375 0.00625 0.028125
0 0.6515625 0.32421875 0.0078125 0.03125
0 0.5328125 0.32109375 0.009375 0.0390625
1 0.78125 0.35546875 0.0078125 0.03125
1 0.74609375 0.3734375 0.0109375 0.04375
1 0.75234375 0.334375 0.00625 0.0265625
0 0.6328125 0.328125 0.00625 0.03125
1 0.7875 0.36953125 0.009375 0.0375
1 0.5 0.3890625 0.0171875 0.0703125
0 0.9140625 0.3421875 0.0046875 0.015625
0 0.88203125 0.33359375 0.003125 0.0140625
1 0.72578125 0.32265625 0.00625 0.021875
1 0.5640625 0.365625 0.0140625 0.0546875
1 0.925 0.346875 0.0046875 0.0171875
0 0.59921875 0.29140625 0.0046875 0.0203125
1 0.6984375 0.31171875 0.00625 0.0203125
0 0.559375 0.278125 0.0046875 0.01875
1 0.57578125 0.27421875 0.003125 0.0171875
0 0.646875 0.31328125 0.0046875 0.025
0 0.61953125 0.29921875 0.00625 0.021875
0 0.63359375 0.30625 0.00625 0.0234375
0 0.4 0.31328125 0.0125 0.0453125
1 0.66796875 0.303125 0.0046875 0.0203125
0 0.52109375 0.259375 0.003125 0.0140625
0 0.58125 0.28671875 0.0046875 0.0203125
1 0.5234375 0.63046875 0.046875 0.175
0 0.06484375 0.37734375 0.028125 0.096875
1 0.64765625 0.2953125 0.003125 0.01875
1 0.63984375 0.28203125 0.003125 0.0125
1 0.8125 0.32109375 0.003125 0.0140625
1 0.5875 0.27890625 0.003125 0.0140625
1 0.76328125 0.309375 0.003125 0.0140625
0 0.678125 0.28828125 0.003125 0.0140625
1 0.6109375 0.27734375 0.003125 0.0140625
1 0.62265625 0.2890625 0.003125 0.0171875
0 0.52734375 0.26875 0.003125 0.0171875
0 0.546875 0.2640625 0.003125 0.0125
1 0.66875 0.28828125 0.003125 0.0140625
1 0.7125 0.2984375 0.003125 0.015625
1 0.87734375 0.3359375 0.003125 0.015625
0 0.946875 0.3484375 0.003125 0.0140625
0 0.77421875 0.309375 0.003125 0.0140625
0 0.51171875 0.26171875 0.003125 0.015625
0 0.7265625 0.29765625 0.003125 0.0140625
0 0.62890625 0.278125 0.003125 0.0125
0 0.5828125 0.26953125 0.003125 0.0125
0 0.821875 0.3203125 0.003125 0.0140625
0 0.6515625 0.31796875 0.00625 0.028125
1 0.5875 0.27265625 0.003125 0.0140625