1 0.57421875 0.67890625 0.0515625 0.1921875
1 0.50859375 0.44609375 0.0234375 0.0921875
1 0.503125 0.365625 0.015625 0.0578125
1 0.5109375 0.309375 0.0046875 0.034375
1 0.5109375 0.2984375 0.00625 0.0296875
1 0.48828125 0.28828125 0.0078125 0.0265625
1 0.44765625 0.27578125 0.00625 0.025
1 0.4015625 0.26484375 0.0046875 0.021875
1 0.35625 0.2546875 0.0046875 0.0203125
1 0.3046875 0.246875 0.003125 0.01875
1 0.22890625 0.2359375 0.00625 0.01875
1 0.2 0.23046875 0.00625 0.01875
1 0.1859375 0.22734375 0.0046875 0.0171875
1 0.1921875 0.22578125 0.0046875 0.0171875
1 0.2109375 0.22578125 0.0046875 0.0140625
1 0.24296875 0.22890625 0.0046875 0.0140625
1 0.28515625 0.2328125 0.003125 0.015625
1 0.32578125 0.23828125 0.003125 0.0140625
1 0.36015625 0.24296875 0.003125 0.0140625
1 0.41484375 0.25234375 0.003125 0.015625
1 0.45078125 0.25703125 0.003125 0.015625
1 0.49375 0.26328125 0.003125 0.015625
1 0.53203125 0.2671875 0.003125 0.0140625
1 0.56328125 0.27109375 0.003125 0.0140625
1 0.58359375 0.2734375 0.003125 0.0140625
1 0.59609375 0.27421875 0.003125 0.0140625
1 0.603125 0.2734375 0.003125 0.0140625
1 0.92890625 0.325 0.003125 0.0109375
1 0.94375 0.32890625 0.003125 0.0109375
0 0.14375 0.3859375 0.0296875 0.0890625
0 0.26796875 0.32890625 0.0171875 0.05625
0 0.3296875 0.3046875 0.0078125 0.0421875
0 0.36953125 0.2890625 0.009375 0.03125
0 0.384375 0.2828125 0.0078125 0.0296875
0 0.378125 0.27578125 0.0078125 0.0265625
0 0.36015625 0.26796875 0.0078125 0.025
0 0.334375 0.26171875 0.0046875 0.0234375
0 0.30078125 0.2546875 0.0078125 0.0234375
0 0.26875 0.24921875 0.00625 0.021875
0 0.1859375 0.23671875 0.00625 0.0234375
0 0.12421875 0.225 0.00625 0.0203125
0 0.10390625 0.2171875 0.0046875 0.01875
0 0.12109375 0.215625 0.003125 0.0171875
0 0.16484375 0.21796875 0.0046875 0.015625
0 0.2171875 0.22265625 0.003125 0.0140625
0 0.27109375 0.22734375 0.003125 0.0140625
0 0.4234375 0.24921875 0.003125 0.015625