0 0.428125 0.30625 0.021875 0.0421875
0 0.3015625 0.35078125 0.025 0.053125
0 0.84921875 0.23828125 0.01875 0.0375
1 0.45703125 0.3484375 0.0328125 0.0640625
0 0.1734375 0.42578125 0.040625 0.0828125
0 0.69765625 0.25390625 0.01875 0.0359375
1 0.45546875 0.534375 0.0765625 0.1546875
1 0.534375 0.30859375 0.025 0.05
1 0.63359375 0.28359375 0.0234375 0.046875
1 0.746875 0.26484375 0.0203125 0.040625
1 0.409375 0.40859375 0.0453125 0.090625
1 0.8765625 0.25390625 0.0234375 0.0421875
0 0.559375 0.275 0.01875 0.0375