0 0.30390625 0.28046875 0.0125 0.04375
0 0.7671875 0.35703125 0.0078125 0.028125
1 0.52890625 0.3421875 0.0171875 0.0546875
0 0.5375 0.29765625 0.0078125 0.028125
1 0.42734375 0.38125 0.028125 0.08125
1 0.62421875 0.3484375 0.0125 0.04375
1 0.7453125 0.371875 0.0109375 0.0359375
0 0.8953125 0.39140625 0.0078125 0.028125
0 0.4171875 0.28046875 0.0109375 0.0359375
1 0.38984375 0.5359375 0.053125 0.15625
0 0.18203125 0.29375 0.0203125 0.0578125
0 0.65078125 0.325 0.0078125 0.0265625
1 0.86640625 0.40390625 0.0109375 0.034375
1 0.09609375 0.17109375 0.003125 0.0109375