0 0.83828125 0.30546875 0.01875 0.05
0 0.709375 0.25234375 0.0109375 0.0296875
0 0.7546875 0.26171875 0.0125 0.0359375
0 0.665625 0.2453125 0.009375 0.028125
0 0.81328125 0.3234375 0.021875 0.0609375
0 0.51015625 0.225 0.0078125 0.021875
0 0.5703125 0.23515625 0.009375 0.025
0 0.7921875 0.2734375 0.0140625 0.0390625
1 0.85625 0.259375 0.0125 0.0328125
0 0.8234375 0.2875 0.015625 0.0453125
0 0.95390625 0.2359375 0.0078125 0.0203125
1 0.93515625 0.278125 0.0140625 0.0390625
1 0.625 0.22890625 0.009375 0.0234375
1 0.7171875 0.2375 0.009375 0.0234375
0 0.53671875 0.54296875 0.065625 0.16875
0 0.90859375 0.2328125 0.00625 0.0171875
0 0.8765625 0.23046875 0.0046875 0.0171875
1 0.5953125 0.22421875 0.009375 0.021875
1 0.65078125 0.2171875 0.0078125 0.0171875
0 0.68359375 0.21484375 0.0046875 0.015625
0 0.7453125 0.21875 0.0046875 0.0171875
0 0.56796875 0.2125 0.00625 0.0171875
1 0.5828125 0.21953125 0.0078125 0.0203125
1 0.9203125 0.2390625 0.009375 0.0203125
0 0.49765625 0.21875 0.0078125 0.0203125
0 0.52109375 0.2140625 0.00625 0.0171875
1 0.78828125 0.24765625 0.009375 0.0265625
1 0.5921875 0.21796875 0.00625 0.0171875
0 0.62421875 0.21328125 0.00625 0.015625
1 0.8671875 0.23515625 0.009375 0.0203125
1 0.79296875 0.22578125 0.0078125 0.0171875
1 0.7484375 0.22265625 0.00625 0.0171875
1 0.61328125 0.2171875 0.00625 0.0171875
0 0.809375 0.2234375 0.00625 0.0171875
1 0.7 0.21953125 0.00625 0.0171875
0 0.7296875 0.3890625 0.03125 0.090625