0 0.08515625 0.4140625 0.021875 0.05625
0 0.33203125 0.2828125 0.0109375 0.028125
0 0.10546875 0.4484375 0.028125 0.075
0 0.746875 0.30234375 0.03125 0.0796875
0 0.1265625 0.375 0.015625 0.046875
0 0.190625 0.3390625 0.0140625 0.0359375
0 0.49765625 0.39921875 0.040625 0.1
0 0.265625 0.30703125 0.0125 0.0328125
1 0.5265625 0.221875 0.009375 0.025
0 0.42109375 0.25703125 0.009375 0.028125
0 0.7390625 0.209375 0.015625 0.040625
0 0.23984375 0.45390625 0.0375 0.0921875
0 0.58984375 0.2203125 0.0109375 0.03125
1 0.21484375 0.3125 0.009375 0.028125
1 0.303125 0.28203125 0.009375 0.025
1 0.83984375 0.1796875 0.0140625 0.0375
1 0.6296875 0.20234375 0.009375 0.025
1 0.1078125 0.35546875 0.0125 0.0328125
0 0.509375 0.23515625 0.009375 0.028125
1 0.73671875 0.1875 0.0109375 0.0296875
1 0.41484375 0.2484375 0.009375 0.025
0 0.66953125 0.21015625 0.0125 0.0359375
0 0.80859375 0.24921875 0.01875 0.0625
1 0.60703125 0.6453125 0.084375 0.2265625