0 0.05 0.38046875 0.03125 0.071875
0 0.1796875 0.3109375 0.0171875 0.0453125
0 0.50859375 0.2671875 0.009375 0.025
0 0.34296875 0.2875 0.0140625 0.0390625
0 0.55 0.26171875 0.0078125 0.025
1 0.47578125 0.30625 0.0171875 0.04375
1 0.403125 0.34375 0.0234375 0.0578125
0 0.59296875 0.2578125 0.009375 0.021875
1 0.865625 0.2671875 0.0078125 0.0203125
1 0.7328125 0.265625 0.0078125 0.0203125
0 0.46015625 0.271875 0.0109375 0.028125
1 0.57265625 0.28671875 0.0125 0.03125
1 0.353125 0.43515625 0.0375 0.09375
0 0.78984375 0.25625 0.00625 0.0171875
1 0.68515625 0.2671875 0.0078125 0.021875
1 0.63984375 0.27421875 0.009375 0.028125
0 0.84453125 0.2546875 0.00625 0.0171875
0 0.72421875 0.25625 0.0078125 0.0171875
1 0.50234375 0.70234375 0.0875 0.2140625
0 0.91015625 0.2578125 0.0078125 0.0171875
0 0.65859375 0.253125 0.00625 0.01875
1 0.80546875 0.2671875 0.0078125 0.01875
1 0.903125 0.26328125 0.0078125 0.01875