0 0.23125 0.7140625 0.071875 0.175
0 0.29921875 0.5234375 0.0359375 0.0859375
0 0.36328125 0.45703125 0.025 0.0578125
0 0.46015625 0.40390625 0.015625 0.04375
0 0.52421875 0.3734375 0.0125 0.0328125
0 0.57109375 0.35234375 0.009375 0.028125
0 0.60078125 0.33828125 0.009375 0.0234375
1 0.871875 0.6140625 0.078125 0.1796875
1 0.6203125 0.465625 0.0296875 0.0828125
1 0.6046875 0.40546875 0.021875 0.05625
1 0.64453125 0.36484375 0.015625 0.040625
1 0.671875 0.3421875 0.0125 0.0328125
1 0.68984375 0.3265625 0.009375 0.0265625
1 0.86328125 0.3078125 0.0140625 0.034375
1 0.8015625 0.30703125 0.0109375 0.025
1 0.78671875 0.30078125 0.009375 0.028125
1 0.70390625 0.31328125 0.009375 0.0203125
1 0.71328125 0.30703125 0.0078125 0.0203125
1 0.71953125 0.3 0.00625 0.015625
0 0.62265625 0.32734375 0.0078125 0.0203125
0 0.640625 0.31875 0.00625 0.0171875
0 0.6546875 0.3109375 0.0046875 0.0171875
0 0.8953125 0.2875 0.009375 0.025
0 0.8859375 0.28359375 0.009375 0.021875
0 0.89765625 0.2765625 0.00625 0.01875
1 0.8125 0.28984375 0.0078125 0.0203125