0 0.4046875 0.3875 0.009375 0.0328125
1 0.74375 0.42734375 0.015625 0.059375
1 0.83359375 0.48125 0.0265625 0.08125
0 0.46796875 0.509375 0.028125 0.0953125
1 0.54609375 0.38203125 0.009375 0.0359375
1 0.6140625 0.33984375 0.0046875 0.01875
1 0.63203125 0.39921875 0.0125 0.0421875
1 0.49609375 0.3703125 0.00625 0.0328125
1 0.7421875 0.3609375 0.0078125 0.0265625
0 0.45390625 0.34921875 0.0046875 0.01875
0 0.51875 0.43828125 0.0171875 0.0625
1 0.80390625 0.37109375 0.009375 0.03125
1 0.5078125 0.34375 0.00625 0.0171875
0 0.90703125 0.36796875 0.009375 0.0328125
1 0.534375 0.34765625 0.00625 0.0234375
1 0.90078125 0.3875 0.0125 0.0390625
1 0.52734375 0.35390625 0.00625 0.021875
0 0.43046875 0.34375 0.0046875 0.0203125
0 0.37265625 0.37109375 0.0078125 0.028125
1 0.6953125 0.353125 0.00625 0.021875
0 0.4296875 0.3546875 0.00625 0.021875
1 0.596875 0.33515625 0.0046875 0.015625
1 0.46484375 0.3375 0.003125 0.0171875
1 0.58046875 0.3328125 0.003125 0.0140625
1 0.63515625 0.34296875 0.0046875 0.0171875
0 0.646875 0.3328125 0.003125 0.015625
1 0.6609375 0.34765625 0.00625 0.0203125
1 0.51171875 0.36015625 0.00625 0.025
1 0.48125 0.340625 0.0046875 0.01875
0 0.77109375 0.35078125 0.00625 0.021875
0 0.22421875 0.7515625 0.0609375 0.2015625
0 0.66953125 0.3375 0.0046875 0.0171875
1 0.55703125 0.32734375 0.003125 0.0109375
0 0.45234375 0.40625 0.0125 0.04375
0 0.39453125 0.36171875 0.0078125 0.0265625
0 0.58671875 0.325 0.003125 0.0125
0 0.4109375 0.33984375 0.0046875 0.0171875
0 0.83203125 0.3578125 0.00625 0.028125
1 0.5671875 0.3296875 0.003125 0.0140625
0 0.2234375 0.346875 0.0046875 0.021875