0 0.3640625 0.7140625 0.1078125 0.228125
0 0.5234375 0.47265625 0.0515625 0.125
0 0.50703125 0.36953125 0.034375 0.0796875
0 0.43515625 0.32109375 0.0265625 0.0578125
0 0.3453125 0.29296875 0.021875 0.05
0 0.23671875 0.278125 0.021875 0.046875
0 0.1046875 0.26875 0.021875 0.046875
1 0.9 0.5 0.059375 0.121875
1 0.71640625 0.36484375 0.03125 0.06875
1 0.57421875 0.3078125 0.021875 0.0484375
1 0.4421875 0.27890625 0.01875 0.040625
1 0.30625 0.26171875 0.0171875 0.0375
1 0.1546875 0.25234375 0.0171875 0.0375