1 0.70546875 0.53203125 0.025 0.0859375
0 0.37421875 0.41796875 0.0109375 0.04375
0 0.34921875 0.39375 0.009375 0.034375
1 0.628125 0.46953125 0.015625 0.0578125
0 0.39296875 0.3875 0.0078125 0.028125
0 0.51328125 0.375 0.0046875 0.021875
1 0.83984375 0.40703125 0.0046875 0.0203125
1 0.75390625 0.45859375 0.0140625 0.0484375
1 0.92265625 0.4015625 0.003125 0.0171875
1 0.7609375 0.39296875 0.0046875 0.0203125
0 0.46015625 0.37890625 0.00625 0.025
1 0.62265625 0.4140625 0.0078125 0.03125
0 0.87265625 0.45078125 0.0125 0.040625
1 0.79609375 0.40546875 0.0078125 0.0234375
1 0.79765625 0.3875 0.003125 0.015625
1 0.7421875 0.40625 0.00625 0.0234375
1 0.9265625 0.7390625 0.040625 0.18125
0 0.69453125 0.38125 0.0046875 0.0171875
1 0.87890625 0.40703125 0.0046875 0.0203125
1 0.6625 0.43515625 0.0109375 0.0390625
1 0.54296875 0.39609375 0.0078125 0.0265625
0 0.58515625 0.378125 0.0046875 0.0203125
1 0.8890625 0.515625 0.025 0.0703125
0 0.37265625 0.5375 0.034375 0.1015625
0 0.41875 0.45859375 0.0171875 0.0609375
1 0.66875 0.39296875 0.00625 0.0203125
0 0.77578125 0.4296875 0.009375 0.034375
1 0.5171875 0.4171875 0.009375 0.0375
1 0.603125 0.39296875 0.0046875 0.021875
1 0.94765625 0.4078125 0.0046875 0.0171875
1 0.62734375 0.40625 0.00625 0.028125
1 0.684375 0.40390625 0.0078125 0.025
1 0.91484375 0.4078125 0.0046875 0.0171875
1 0.78203125 0.39140625 0.0046875 0.01875
1 0.5234375 0.4046875 0.0078125 0.0296875
0 0.65390625 0.38125 0.0046875 0.0171875
1 0.72578125 0.39296875 0.0046875 0.0203125
0 0.92109375 0.421875 0.0078125 0.025
0 0.82734375 0.421875 0.009375 0.028125
0 0.7703125 0.37890625 0.003125 0.0140625
0 0.86640625 0.4234375 0.0078125 0.0265625
0 0.72890625 0.38046875 0.003125 0.015625
0 0.93359375 0.39609375 0.003125 0.0140625
0 0.890625 0.3890625 0.003125 0.0140625
1 0.571875 0.4390625 0.0125 0.0453125
0 0.74453125 0.3796875 0.003125 0.0140625
0 0.771875 0.42109375 0.00625 0.0296875