1 0.73828125 0.684375 0.115625 0.2234375
1 0.4765625 0.48046875 0.0578125 0.1171875
1 0.44296875 0.41171875 0.0390625 0.0828125
1 0.48046875 0.36953125 0.0296875 0.0640625
1 0.56015625 0.33828125 0.025 0.0546875
1 0.653125 0.31640625 0.0234375 0.0484375
1 0.753125 0.30625 0.021875 0.046875
0 0.14296875 0.425 0.034375 0.0703125
0 0.29140625 0.35703125 0.0234375 0.05
0 0.425 0.32109375 0.01875 0.0390625
0 0.56171875 0.29765625 0.0171875 0.0359375
0 0.70625 0.2828125 0.0171875 0.0359375
0 0.8640625 0.27421875 0.01875 0.0375