1 0.4046875 0.68515625 0.0953125 0.23125
1 0.240625 0.34296875 0.0359375 0.09375
1 0.2375 0.2484375 0.0234375 0.0578125
1 0.321875 0.22890625 0.015625 0.0390625
1 0.43828125 0.246875 0.0109375 0.03125
1 0.56328125 0.2828125 0.0109375 0.028125
1 0.7015625 0.33125 0.0109375 0.0296875
1 0.8375 0.3828125 0.0109375 0.03125
1 0.29296875 0.1640625 0.0046875 0.0125
0 0.175 0.17421875 0.015625 0.0375
0 0.309375 0.2015625 0.0109375 0.0296875
0 0.415625 0.22734375 0.009375 0.0265625
0 0.48828125 0.24765625 0.009375 0.025
0 0.56484375 0.2703125 0.009375 0.025
0 0.6421875 0.2953125 0.0078125 0.025
0 0.7265625 0.32734375 0.009375 0.025
0 0.82578125 0.3640625 0.009375 0.025
0 0.928125 0.403125 0.009375 0.025