0 0.13359375 0.4703125 0.0140625 0.0265625
0 0.2015625 0.446875 0.0125 0.0234375
0 0.28671875 0.425 0.0109375 0.0203125
0 0.39296875 0.4015625 0.0078125 0.015625
0 0.4953125 0.38046875 0.00625 0.015625
0 0.5921875 0.3640625 0.00625 0.015625
0 0.72109375 0.34453125 0.0078125 0.015625
0 0.8296875 0.33046875 0.0078125 0.015625
1 0.68828125 0.5078125 0.0546875 0.0890625
1 0.459375 0.471875 0.0296875 0.0515625
1 0.365625 0.45625 0.021875 0.040625
1 0.32890625 0.44140625 0.015625 0.0296875
1 0.37578125 0.41953125 0.0140625 0.025
1 0.49453125 0.39296875 0.0125 0.0234375
1 0.59140625 0.37421875 0.0109375 0.021875
1 0.74765625 0.35546875 0.0125 0.025
1 0.83125 0.353125 0.0171875 0.03125