0 0.6359375 0.30859375 0.00625 0.034375
0 0.5015625 0.2921875 0.00625 0.0359375
1 0.34609375 0.31640625 0.0125 0.053125
1 0.53515625 0.32421875 0.009375 0.0453125
1 0.2640625 0.33359375 0.015625 0.0609375
0 0.35859375 0.28046875 0.009375 0.0390625
0 0.203125 0.2796875 0.0125 0.04375
1 0.66875 0.3390625 0.009375 0.0453125
1 0.2625 0.44609375 0.025 0.1125
0 0.94140625 0.36484375 0.009375 0.0390625
1 0.8 0.3625 0.0125 0.046875
0 0.778125 0.33125 0.0078125 0.0375
1 0.93359375 0.39140625 0.0125 0.05
1 0.425 0.31484375 0.0109375 0.05
1 0.21796875 0.3796875 0.021875 0.084375
1 0.75625 0.75078125 0.0484375 0.1890625