1 0.5359375 0.4046875 0.01953125 0.06875
0 0.2421875 0.3015625 0.0140625 0.046875
0 0.21953125 0.2421875 0.00625 0.02421875
0 0.40703125 0.3328125 0.0125 0.04765625
0 0.15703125 0.39453125 0.02890625 0.0953125
1 0.12734375 0.31953125 0.01875 0.06328125
0 0.1625 0.2390625 0.00859375 0.02578125
0 0.11796875 0.2421875 0.009375 0.03125
1 0.5890625 0.3109375 0.00546875 0.021875
1 0.72734375 0.39609375 0.01328125 0.046875
1 0.17265625 0.23046875 0.00625 0.02421875
0 0.140625 0.2734375 0.0125 0.0421875
0 0.4109375 0.27265625 0.0046875 0.021875
0 0.33984375 0.259375 0.00546875 0.02265625
1 0.696875 0.3546875 0.00859375 0.03046875
0 0.7984375 0.38515625 0.00859375 0.0359375
0 0.57421875 0.31875 0.00546875 0.025
0 0.47890625 0.2890625 0.0046875 0.021875
0 0.94765625 0.421875 0.00625 0.0328125
0 0.57734375 0.34296875 0.00859375 0.0359375
0 0.5109375 0.3421875 0.0078125 0.04375
1 0.0859375 0.2234375 0.00703125 0.025
0 0.103125 0.25234375 0.0109375 0.03671875
0 0.2828125 0.25078125 0.0046875 0.02421875
1 0.6546875 0.3328125 0.00625 0.02578125
1 0.5140625 0.28984375 0.0046875 0.021875
1 0.46953125 0.46328125 0.0234375 0.10078125
1 0.425 0.26953125 0.0046875 0.01953125
0 0.5328125 0.30390625 0.003125 0.02265625
1 0.33359375 0.25234375 0.0046875 0.01953125
1 0.84453125 0.415625 0.0125 0.0421875
1 0.259375 0.2421875 0.00390625 0.01875
1 0.625 0.38984375 0.01328125 0.0546875
1 0.49765625 0.70078125 0.05234375 0.203125
0 0.59296875 0.3328125 0.00625 0.03046875