0 0.6265625 0.30703125 0.009375 0.028125
0 0.5171875 0.27890625 0.009375 0.028125
0 0.7046875 0.32265625 0.0078125 0.0265625
0 0.4125 0.24765625 0.009375 0.028125
0 0.30703125 0.21953125 0.009375 0.0265625
1 0.69453125 0.34453125 0.0125 0.0375
0 0.190625 0.19375 0.0109375 0.03125
1 0.2078125 0.4015625 0.0421875 0.115625
1 0.50234375 0.29296875 0.0109375 0.0359375
0 0.6765625 0.3171875 0.0078125 0.0265625
1 0.59296875 0.31875 0.0125 0.0375
0 0.5640625 0.290625 0.009375 0.028125
1 0.84921875 0.36953125 0.0109375 0.0265625
1 0.8234375 0.36640625 0.0109375 0.028125
1 0.771875 0.36015625 0.0125 0.034375
0 0.75703125 0.328125 0.00625 0.021875
0 0.8171875 0.33203125 0.0046875 0.015625
1 0.37265625 0.25234375 0.0125 0.0359375
0 0.73671875 0.3296875 0.009375 0.025
1 0.2890625 0.23125 0.0125 0.0359375
1 0.85625 0.365625 0.009375 0.025
0 0.7484375 0.31640625 0.00625 0.0171875
0 0.9109375 0.36171875 0.00625 0.015625
0 0.77734375 0.3203125 0.0046875 0.015625
1 0.94453125 0.3765625 0.0078125 0.0203125
1 0.8359375 0.3484375 0.0078125 0.021875
0 0.753125 0.32890625 0.00625 0.025
0 0.93984375 0.36953125 0.00625 0.0171875
1 0.86328125 0.35234375 0.0078125 0.0171875
1 0.4515625 0.6140625 0.0625 0.175
1 0.83828125 0.34453125 0.00625 0.0203125
0 0.8625 0.346875 0.0046875 0.015625
0 0.75078125 0.32109375 0.00625 0.0171875
1 0.190625 0.209375 0.0109375 0.0359375
1 0.85390625 0.35859375 0.00625 0.025