0 0.51953125 0.5171875 0.046875 0.09375
1 0.89453125 0.42734375 0.0421875 0.0875
0 0.26171875 0.75859375 0.0984375 0.19375
0 0.590625 0.4265625 0.0265625 0.059375
1 0.79375 0.3484375 0.0203125 0.04375
1 0.74765625 0.34140625 0.0171875 0.0375
1 0.82890625 0.37265625 0.0265625 0.05625
0 0.5953125 0.37109375 0.015625 0.0328125
0 0.68828125 0.315625 0.009375 0.01875
0 0.56640625 0.3546875 0.0109375 0.025
1 0.7765625 0.30625 0.0109375 0.0203125
0 0.57890625 0.36328125 0.0125 0.0265625
1 0.8765625 0.2921875 0.0125 0.0265625
1 0.69921875 0.3390625 0.0125 0.028125
0 0.740625 0.3046875 0.009375 0.0203125
0 0.64375 0.32890625 0.009375 0.0203125
0 0.6171875 0.3859375 0.0203125 0.04375
1 0.71484375 0.31875 0.009375 0.021875
1 0.8375 0.2953125 0.0109375 0.0234375
0 0.6 0.3421875 0.009375 0.01875
1 0.67421875 0.33828125 0.0125 0.025
0 0.80546875 0.2921875 0.009375 0.0203125
1 0.6671875 0.33203125 0.0109375 0.025