0 0.5234375 0.34296875 0.021875 0.0453125
1 0.7375 0.4546875 0.0234375 0.05
0 0.15390625 0.31171875 0.053125 0.10625
0 0.6640625 0.39375 0.01875 0.0390625
0 0.790625 0.45 0.0171875 0.0375
0 0.8984375 0.48046875 0.0125 0.028125
1 0.4609375 0.48203125 0.05625 0.1203125
1 0.63515625 0.42421875 0.0265625 0.0578125
1 0.54453125 0.421875 0.034375 0.0734375
0 0.9296875 0.50625 0.015625 0.03125
1 0.85390625 0.50546875 0.0234375 0.046875
1 0.83359375 0.43515625 0.0109375 0.0234375
1 0.88046875 0.45390625 0.009375 0.0203125
1 0.83515625 0.459375 0.015625 0.0328125
0 0.37265625 0.3109375 0.0296875 0.0640625
1 0.81328125 0.434375 0.0140625 0.025
0 0.9375 0.48828125 0.0109375 0.0234375
0 0.90546875 0.47734375 0.0125 0.025
1 0.94609375 0.484375 0.0109375 0.0203125
1 0.4421875 0.753125 0.0734375 0.178125