1 0.3375 0.471875 0.025 0.0625
0 0.06953125 0.5265625 0.025 0.0640625
0 0.22734375 0.4453125 0.0140625 0.0375
1 0.81328125 0.365625 0.0140625 0.0359375
0 0.315625 0.4140625 0.0109375 0.028125
0 0.08515625 0.4578125 0.009375 0.0265625
0 0.91171875 0.3375 0.0140625 0.03125
0 0.67109375 0.3453125 0.0078125 0.0203125
0 0.12890625 0.43828125 0.009375 0.028125
0 0.7484375 0.3375 0.009375 0.021875
0 0.8390625 0.33359375 0.009375 0.025
0 0.3890625 0.3953125 0.009375 0.025
1 0.58203125 0.36953125 0.009375 0.0265625
1 0.63359375 0.6125 0.0328125 0.1203125
0 0.15 0.48046875 0.0171875 0.0453125
1 0.878125 0.37890625 0.01875 0.0453125
0 0.53203125 0.365625 0.0078125 0.025
1 0.69140625 0.3515625 0.009375 0.0265625
1 0.05859375 0.45234375 0.0078125 0.0203125
1 0.7703125 0.353125 0.0109375 0.0296875
0 0.603125 0.3546875 0.0078125 0.0203125
1 0.3109375 0.4484375 0.01875 0.0453125
0 0.15625 0.4296875 0.0078125 0.0203125
1 0.36875 0.4203125 0.0140625 0.0375
0 0.065625 0.5921875 0.0296875 0.0953125
0 0.0734375 0.4375 0.00625 0.0171875
1 0.4375 0.5265625 0.0375 0.0921875
1 0.46875 0.3921875 0.009375 0.03125