1 0.47421875 0.70625 0.103125 0.23125
1 0.203125 0.440625 0.0390625 0.09375
1 0.1671875 0.353125 0.025 0.0578125
1 0.240625 0.30625 0.0171875 0.0390625
1 0.35546875 0.2828125 0.0125 0.03125
1 0.4859375 0.27421875 0.0109375 0.028125
1 0.63125 0.271875 0.0125 0.0296875
1 0.7765625 0.27421875 0.0125 0.03125
1 0.190625 0.25546875 0.0046875 0.0125
0 0.08359375 0.3046875 0.015625 0.0375
0 0.21875 0.28515625 0.0125 0.03125
0 0.32734375 0.27265625 0.0109375 0.0265625
0 0.403125 0.26640625 0.009375 0.025
0 0.4828125 0.2625 0.009375 0.025
0 0.5640625 0.259375 0.009375 0.025
0 0.65390625 0.26015625 0.009375 0.025
0 0.76015625 0.2609375 0.0109375 0.025
0 0.86953125 0.2625 0.0109375 0.025