0 0.2921875 0.57890625 0.065625 0.1515625
0 0.33828125 0.37421875 0.0203125 0.0515625
0 0.29609375 0.425 0.0296875 0.078125
1 0.77421875 0.42890625 0.0140625 0.0359375
1 0.71796875 0.4453125 0.0171875 0.0453125
1 0.6890625 0.57890625 0.0484375 0.1140625
1 0.83203125 0.43671875 0.0109375 0.03125
0 0.940625 0.4859375 0.01875 0.0453125
0 0.521875 0.35546875 0.009375 0.025
0 0.821875 0.41796875 0.009375 0.025
1 0.53828125 0.39375 0.0140625 0.0375
1 0.60078125 0.37890625 0.0109375 0.028125
0 0.38046875 0.35390625 0.015625 0.0375
0 0.5921875 0.3640625 0.009375 0.0234375
1 0.76953125 0.48125 0.025 0.05625
0 0.93359375 0.4515625 0.009375 0.0234375
1 0.5515625 0.38125 0.0109375 0.0265625
1 0.88046875 0.43984375 0.0109375 0.028125
0 0.73125 0.3921875 0.0078125 0.0203125
1 0.70234375 0.39296875 0.009375 0.025
0 0.65390625 0.3734375 0.00625 0.0203125
1 0.91171875 0.45546875 0.0109375 0.03125
1 0.5234375 0.415625 0.01875 0.0515625
0 0.44765625 0.35 0.0109375 0.0296875
1 0.6546875 0.38671875 0.009375 0.0265625
1 0.78203125 0.41328125 0.009375 0.025
1 0.90625 0.54921875 0.0328125 0.0765625
1 0.728125 0.43359375 0.0140625 0.0390625
0 0.953125 0.50625 0.0125 0.0421875
1 0.5640625 0.46875 0.0296875 0.071875