0 0.0609375 0.340625 0.021875 0.059375
1 0.58125 0.32734375 0.015625 0.0484375
0 0.67890625 0.303125 0.0109375 0.0359375
1 0.4671875 0.3296875 0.0171875 0.0515625
0 0.39140625 0.2953125 0.0109375 0.0390625
1 0.3875 0.33671875 0.021875 0.05625
1 0.86796875 0.3484375 0.0171875 0.0515625
0 0.23515625 0.3078125 0.0140625 0.0453125
0 0.5375 0.296875 0.0109375 0.0359375
1 0.3328125 0.49765625 0.04375 0.128125
1 0.26875 0.4203125 0.034375 0.0921875
1 0.7234375 0.3359375 0.0171875 0.0484375
1 0.3078125 0.3640625 0.0234375 0.071875
0 0.83203125 0.3171875 0.0125 0.0375