0 0.28671875 0.55390625 0.0375 0.1203125
0 0.49296875 0.47890625 0.025 0.075
0 0.8921875 0.46171875 0.015625 0.053125
0 0.7625 0.45 0.0140625 0.053125
0 0.64140625 0.45703125 0.0171875 0.0625
1 0.48671875 0.33515625 0.003125 0.0140625
1 0.2875 0.32421875 0.003125 0.015625
1 0.80625 0.6046875 0.0375 0.128125
1 0.93671875 0.54140625 0.028125 0.0953125
0 0.3484375 0.32109375 0.003125 0.0140625
1 0.4890625 0.3328125 0.003125 0.0109375
1 0.47265625 0.32890625 0.003125 0.0125
0 0.4671875 0.3359375 0.003125 0.0140625
0 0.4515625 0.33046875 0.003125 0.0125
0 0.4484375 0.33203125 0.003125 0.0140625
1 0.44375 0.3265625 0.003125 0.0109375
0 0.43125 0.32578125 0.003125 0.0109375
1 0.3078125 0.3203125 0.003125 0.0125
0 0.3046875 0.32109375 0.003125 0.0140625
1 0.278125 0.31875 0.003125 0.0125
0 0.32890625 0.32421875 0.003125 0.0140625
0 0.3265625 0.32109375 0.003125 0.0109375
0 0.36875 0.32734375 0.0015625 0.0109375
0 0.4171875 0.33203125 0.003125 0.015625
1 0.41953125 0.325 0.003125 0.0125