0 0.915625 0.3625 0.0234375 0.05625
0 0.81796875 0.3984375 0.0328125 0.0765625
0 0.6375 0.4703125 0.05 0.11875
0 0.75390625 0.21640625 0.00625 0.0171875
1 0.61953125 0.19375 0.0046875 0.0109375
0 0.85703125 0.22265625 0.00625 0.015625
0 0.815625 0.221875 0.00625 0.0171875
1 0.7171875 0.2046875 0.00625 0.0140625
1 0.83828125 0.21171875 0.0046875 0.0109375
1 0.8453125 0.215625 0.00625 0.0125
1 0.7265625 0.2015625 0.003125 0.009375
0 0.94609375 0.23125 0.0046875 0.0125
1 0.7671875 0.21015625 0.00625 0.0140625
0 0.55078125 0.1875 0.003125 0.009375
0 0.59375 0.1890625 0.003125 0.0078125
0 0.68203125 0.2078125 0.00625 0.015625
0 0.5640625 0.1875 0.0046875 0.0109375
1 0.6328125 0.19375 0.003125 0.0125
1 0.68203125 0.19765625 0.003125 0.0078125
1 0.96171875 0.2328125 0.0046875 0.0078125
0 0.5703125 0.18828125 0.003125 0.0109375
1 0.91015625 0.22265625 0.0046875 0.00625
0 0.5546875 0.1875 0.003125 0.0109375
1 0.80703125 0.2125 0.00625 0.0140625
1 0.66875 0.196875 0.0046875 0.0140625
1 0.8765625 0.2171875 0.003125 0.009375
1 0.8984375 0.22265625 0.0046875 0.0109375
0 0.9875 0.23828125 0.00625 0.0109375
1 0.64921875 0.1953125 0.003125 0.009375
0 0.90078125 0.22734375 0.0046875 0.0109375
0 0.58984375 0.19140625 0.0046875 0.0140625
0 0.7109375 0.19609375 0.003125 0.009375
1 0.7703125 0.20390625 0.003125 0.0109375
0 0.6296875 0.19921875 0.00625 0.015625
0 0.78984375 0.20390625 0.003125 0.0078125
1 0.1046875 0.1578125 0.0046875 0.009375
0 0.6234375 0.18828125 0.003125 0.009375
0 0.73515625 0.19765625 0.003125 0.009375
1 0.60390625 0.1921875 0.003125 0.0109375
1 0.60546875 0.19296875 0.003125 0.0109375
0 0.665625 0.19140625 0.003125 0.009375
0 0.759375 0.20078125 0.003125 0.009375
0 0.0875 0.70703125 0.059375 0.1484375