1 0.66875 0.73359375 0.0765625 0.1953125
1 0.18203125 0.4671875 0.040625 0.103125
1 0.071875 0.31171875 0.0109375 0.03125
1 0.1859375 0.30703125 0.009375 0.025
1 0.28203125 0.30625 0.0078125 0.025
1 0.37578125 0.30625 0.0078125 0.0234375
1 0.4671875 0.3046875 0.0078125 0.025
1 0.55234375 0.30703125 0.009375 0.025
1 0.659375 0.3171875 0.0109375 0.028125
1 0.7984375 0.33125 0.0125 0.034375
0 0.02578125 0.2984375 0.009375 0.025
0 0.1359375 0.29765625 0.0078125 0.021875
0 0.234375 0.296875 0.0078125 0.0203125
0 0.32890625 0.2953125 0.0078125 0.0203125
0 0.41484375 0.29140625 0.00625 0.0203125
0 0.509375 0.2890625 0.00625 0.01875
0 0.58828125 0.29453125 0.0078125 0.0234375
0 0.69296875 0.30234375 0.0078125 0.025
0 0.76328125 0.30859375 0.009375 0.0265625
0 0.84375 0.31640625 0.0109375 0.0296875