0 0.66796875 0.33671875 0.0328125 0.0796875
0 0.73125 0.25546875 0.021875 0.0515625
0 0.790625 0.17734375 0.009375 0.025
0 0.7625 0.21484375 0.015625 0.0359375
0 0.4140625 0.64296875 0.0828125 0.1953125
0 0.77890625 0.1921875 0.0109375 0.028125
0 0.79921875 0.165625 0.0078125 0.0203125
0 0.81015625 0.15234375 0.00625 0.0171875
0 0.8140625 0.14765625 0.00625 0.015625
0 0.8046875 0.159375 0.0078125 0.01875
0 0.81875 0.140625 0.0046875 0.0125
0 0.81640625 0.14375 0.0046875 0.0125
1 0.8890625 0.121875 0.00625 0.015625
1 0.8859375 0.12109375 0.0046875 0.0140625
1 0.88359375 0.11953125 0.0046875 0.0140625