1 0.36640625 0.5453125 0.040625 0.1015625
0 0.90546875 0.40625 0.025 0.065625
1 0.8140625 0.4625 0.034375 0.0875
0 0.8234375 0.3796875 0.0171875 0.046875
1 0.1140625 0.48828125 0.021875 0.0546875
1 0.5296875 0.38359375 0.009375 0.028125
0 0.146875 0.4234375 0.0109375 0.028125
1 0.5703125 0.3921875 0.0140625 0.0359375
0 0.7234375 0.371875 0.0140625 0.0375
1 0.4359375 0.3765625 0.0078125 0.0203125
1 0.13203125 0.4453125 0.0125 0.034375
1 0.61484375 0.40078125 0.0140625 0.040625
1 0.3390625 0.39296875 0.009375 0.025
0 0.065625 0.4453125 0.0125 0.03125
0 0.290625 0.39140625 0.009375 0.0234375
0 0.55703125 0.35703125 0.0078125 0.021875
1 0.671875 0.41953125 0.0203125 0.05625
1 0.21953125 0.51171875 0.0296875 0.075
0 0.35859375 0.3796875 0.0109375 0.0203125
0 0.60390625 0.35703125 0.0078125 0.0265625
1 0.07578125 0.4734375 0.0171875 0.04375
1 0.58671875 0.60625 0.034375 0.115625
1 0.23125 0.41484375 0.0109375 0.03125