0 0.2578125 0.58046875 0.0390625 0.1046875
0 0.659375 0.41171875 0.0140625 0.0421875
0 0.5359375 0.44765625 0.015625 0.05
0 0.41640625 0.49453125 0.0203125 0.065625
1 0.73203125 0.6125 0.05 0.14375
0 0.7609375 0.39296875 0.0125 0.0359375
1 0.18671875 0.44609375 0.009375 0.0296875
0 0.39375 0.4203125 0.009375 0.0296875
0 0.31328125 0.4375 0.009375 0.03125
0 0.875 0.38046875 0.0109375 0.03125
0 0.40234375 0.39140625 0.0046875 0.0171875
1 0.359375 0.41328125 0.0078125 0.0234375
0 0.2109375 0.459375 0.0109375 0.0359375
1 0.3140625 0.4015625 0.00625 0.0203125
0 0.44296875 0.40625 0.0078125 0.0265625
1 0.0578125 0.44921875 0.009375 0.0296875
0 0.0765625 0.43203125 0.0078125 0.025
1 0.078125 0.46640625 0.0125 0.0359375
1 0.13203125 0.4328125 0.0078125 0.025
0 0.2625 0.4015625 0.0046875 0.0171875
1 0.36328125 0.403125 0.00625 0.0203125
1 0.25625 0.40703125 0.0046875 0.0171875
1 0.27265625 0.43046875 0.009375 0.028125
0 0.12890625 0.42265625 0.00625 0.0203125
1 0.38125 0.40546875 0.00625 0.021875
0 0.359375 0.3921875 0.0046875 0.0171875
1 0.1984375 0.41953125 0.00625 0.0203125
1 0.66171875 0.49375 0.0296875 0.078125
0 0.45 0.38984375 0.00625 0.0203125
0 0.20078125 0.409375 0.0046875 0.0171875
1 0.9046875 0.4125 0.01875 0.05
1 0.74921875 0.44609375 0.0234375 0.0609375
0 0.31484375 0.3953125 0.0046875 0.0171875