0 0.47734375 0.5796875 0.05625 0.1234375
0 0.59375 0.484375 0.034375 0.0828125
0 0.72265625 0.38515625 0.0171875 0.04375
0 0.071875 0.4734375 0.021875 0.0515625
0 0.78125 0.3546875 0.0140625 0.034375
0 0.40390625 0.39765625 0.0140625 0.034375
1 0.35703125 0.378125 0.00625 0.0203125
0 0.53984375 0.34609375 0.0078125 0.01875
0 0.6765625 0.34453125 0.0109375 0.025
0 0.57265625 0.34609375 0.009375 0.01875
0 0.2859375 0.42734375 0.0171875 0.04375
1 0.8421875 0.31953125 0.009375 0.0203125
1 0.70234375 0.33359375 0.0078125 0.0203125
0 0.6109375 0.34609375 0.0078125 0.0203125
0 0.75703125 0.3640625 0.015625 0.0375
0 0.43515625 0.384375 0.0109375 0.0265625
1 0.18125 0.42421875 0.015625 0.0359375
0 0.7609375 0.340625 0.0109375 0.025
0 0.80234375 0.34375 0.0125 0.0296875
1 0.334375 0.3875 0.0078125 0.0234375
0 0.29375 0.38515625 0.0046875 0.0140625
1 0.71484375 0.3265625 0.0078125 0.01875
0 0.75 0.321875 0.00625 0.0171875
1 0.9203125 0.3265625 0.0125 0.028125
0 0.4671875 0.3578125 0.0078125 0.01875
1 0.9125 0.31875 0.009375 0.021875
1 0.8546875 0.3265625 0.009375 0.025
1 0.04296875 0.43671875 0.009375 0.0234375
1 0.30546875 0.384375 0.00625 0.0171875
1 0.2578125 0.3953125 0.0078125 0.01875
1 0.34375 0.38203125 0.0078125 0.0203125
1 0.2 0.40625 0.00625 0.01875
0 0.83046875 0.315625 0.0078125 0.01875
0 0.665625 0.42578125 0.0234375 0.0578125
0 0.253125 0.39453125 0.00625 0.0140625
1 0.2875 0.403125 0.0125 0.03125
1 0.37890625 0.3734375 0.00625 0.0171875
1 0.3734375 0.3703125 0.00625 0.0140625
1 0.12734375 0.4203125 0.0078125 0.0203125
0 0.19609375 0.40390625 0.00625 0.0171875
0 0.4546875 0.3625 0.0078125 0.01875
1 0.76875 0.32890625 0.0078125 0.0203125
1 0.38125 0.365625 0.00625 0.0140625
1 0.77109375 0.32421875 0.00625 0.0203125
0 0.0375 0.43359375 0.0078125 0.0203125
0 0.1234375 0.4171875 0.0078125 0.0203125
1 0.33828125 0.378125 0.00625 0.0140625
1 0.40234375 0.3671875 0.00625 0.0171875
1 0.4125 0.36171875 0.00625 0.015625
1 0.45078125 0.3546875 0.0046875 0.0140625
1 0.4640625 0.3546875 0.00625 0.015625
1 0.53125 0.340625 0.00625 0.0140625
1 0.54765625 0.340625 0.0078125 0.0171875
1 0.56640625 0.33515625 0.00625 0.0140625
1 0.6953125 0.3234375 0.0078125 0.0171875
1 0.6640625 0.32890625 0.00625 0.0171875
0 0.64921875 0.32421875 0.00625 0.0171875
1 0.6375 0.3359375 0.0078125 0.01875
1 0.6171875 0.33046875 0.00625 0.0171875
0 0.61953125 0.32734375 0.00625 0.0140625
1 0.5875 0.3375 0.00625 0.0171875
1 0.5109375 0.34609375 0.00625 0.015625
0 0.4984375 0.35234375 0.00625 0.0171875
1 0.4921875 0.34609375 0.00625 0.0140625