0 0.1625 0.5671875 0.0640625 0.0859375
0 0.31328125 0.46953125 0.0109375 0.015625
0 0.3328125 0.46875 0.009375 0.0125
0 0.3328125 0.48671875 0.015625 0.021875
0 0.4015625 0.48203125 0.0078125 0.0125
0 0.440625 0.534375 0.021875 0.03125
0 0.4671875 0.496875 0.0078125 0.0109375
0 0.5234375 0.5125 0.0078125 0.0125
0 0.57578125 0.528125 0.009375 0.0125
0 0.634375 0.590625 0.03125 0.0375
0 0.63828125 0.5453125 0.0109375 0.0125
0 0.7 0.58359375 0.01875 0.0234375
0 0.88984375 0.62265625 0.015625 0.0203125
1 0.0578125 0.46953125 0.0375 0.046875
1 0.2328125 0.471875 0.0203125 0.0265625
1 0.43828125 0.50703125 0.015625 0.0203125
1 0.63359375 0.5578125 0.015625 0.0203125
1 0.7015625 0.61015625 0.0296875 0.0375
1 0.7984375 0.6015625 0.0171875 0.021875
1 0.9125 0.63515625 0.0203125 0.025