1 0.24765625 0.36171875 0.01875 0.05625
1 0.26953125 0.33515625 0.015625 0.04375
0 0.06875 0.3328125 0.015625 0.0421875
1 0.29921875 0.4265625 0.03125 0.084375
0 0.1734375 0.31328125 0.0125 0.0328125
0 0.2796875 0.284375 0.0078125 0.0234375
1 0.5296875 0.68671875 0.0765625 0.209375
0 0.31796875 0.27890625 0.00625 0.0203125
1 0.32890625 0.3140625 0.0125 0.0328125
1 0.37421875 0.2859375 0.0078125 0.025
0 0.24375 0.29609375 0.009375 0.028125
0 0.3578125 0.27109375 0.00625 0.0171875
1 0.36875 0.2984375 0.009375 0.028125
1 0.7234375 0.26015625 0.003125 0.0140625
0 0.475 0.2515625 0.003125 0.0140625
1 0.3890625 0.27578125 0.00625 0.0203125
0 0.4046875 0.26328125 0.0046875 0.0171875
1 0.42265625 0.27421875 0.00625 0.01875
0 0.425 0.25703125 0.0046875 0.0140625
0 0.4484375 0.2546875 0.003125 0.0125
1 0.46484375 0.2671875 0.0046875 0.0140625
0 0.7296875 0.2796875 0.00625 0.021875
1 0.72734375 0.2578125 0.0046875 0.0140625
1 0.73828125 0.25546875 0.0046875 0.0125
1 0.74140625 0.290625 0.009375 0.028125
0 0.75625 0.26640625 0.0046875 0.015625
0 0.78125 0.26484375 0.0046875 0.015625
0 0.7875 0.2828125 0.0078125 0.025
0 0.79453125 0.2625 0.003125 0.0140625
0 0.7984375 0.259375 0.0046875 0.0125
0 0.81484375 0.25625 0.003125 0.0125
1 0.91015625 0.3015625 0.0140625 0.0359375
0 0.8984375 0.2890625 0.0109375 0.028125
1 0.6390625 0.2625 0.0046875 0.015625
1 0.4796875 0.2625 0.0046875 0.015625
1 0.49140625 0.2578125 0.003125 0.0140625
0 0.70078125 0.27578125 0.00625 0.0203125
0 0.69453125 0.26640625 0.00625 0.0171875
0 0.68203125 0.2703125 0.00625 0.01875
1 0.68515625 0.26171875 0.003125 0.0140625
1 0.64765625 0.27890625 0.0078125 0.025
1 0.6109375 0.2734375 0.0046875 0.0203125
1 0.61328125 0.26640625 0.0046875 0.0171875