0 0.45546875 0.2984375 0.015625 0.0421875
0 0.32421875 0.325 0.01875 0.053125
0 0.88203125 0.2890625 0.0140625 0.0375
1 0.478125 0.34375 0.025 0.0640625
0 0.18671875 0.38125 0.03125 0.08125
0 0.7296875 0.28359375 0.0140625 0.0359375
1 0.45078125 0.528125 0.05625 0.153125
1 0.5609375 0.315625 0.01875 0.05
1 0.6625 0.3046875 0.0171875 0.0453125
1 0.77734375 0.3015625 0.015625 0.040625
1 0.42265625 0.396875 0.034375 0.090625
1 0.90703125 0.30859375 0.01875 0.040625
0 0.58984375 0.2859375 0.0140625 0.0375