0 0.16875 0.3453125 0.0125 0.021875
0 0.09765625 0.34765625 0.0140625 0.025
0 0.1125 0.3234375 0.0109375 0.0203125
0 0.21640625 0.34453125 0.0109375 0.021875
0 0.1796875 0.328125 0.0078125 0.01875
0 0.2359375 0.33828125 0.009375 0.01875
0 0.7921875 0.440625 0.01875 0.021875
0 0.6828125 0.41640625 0.0140625 0.015625
0 0.6078125 0.3953125 0.0125 0.0140625
0 0.5515625 0.378125 0.0125 0.0109375
0 0.515625 0.36640625 0.009375 0.009375
1 0.37421875 0.49140625 0.0453125 0.078125
1 0.1875 0.40234375 0.021875 0.0421875
1 0.17734375 0.38203125 0.01875 0.0359375
1 0.19296875 0.36953125 0.0171875 0.03125
1 0.15703125 0.31953125 0.0109375 0.01875
1 0.2671875 0.36484375 0.0125 0.0234375
1 0.23046875 0.32734375 0.009375 0.0171875
1 0.28515625 0.3375 0.009375 0.0171875
1 0.35390625 0.35234375 0.0109375 0.01875
1 0.328125 0.3609375 0.0109375 0.0203125
1 0.3265625 0.3453125 0.009375 0.0171875