1 0.21640625 0.28515625 0.0359375 0.0734375
0 0.165625 0.16640625 0.015625 0.03125
0 0.828125 0.4171875 0.0171875 0.0359375
0 0.7375 0.37734375 0.015625 0.03125
0 0.23125 0.16484375 0.009375 0.0203125
0 0.6328125 0.3203125 0.0109375 0.0234375
0 0.2 0.165625 0.0125 0.025
0 0.665625 0.34375 0.0125 0.025
1 0.81328125 0.43125 0.021875 0.046875
1 0.23671875 0.246875 0.0234375 0.0484375
1 0.5578125 0.303125 0.0140625 0.0296875
1 0.63984375 0.35078125 0.0171875 0.0375
0 0.9359375 0.459375 0.01875 0.0375
1 0.31328125 0.19765625 0.0109375 0.021875
1 0.540625 0.28359375 0.009375 0.025
1 0.2859375 0.22890625 0.0171875 0.034375
0 0.140625 0.17890625 0.01875 0.0375
1 0.60234375 0.27890625 0.0046875 0.0125
1 0.9765625 0.43125 0.00625 0.0140625
0 0.67421875 0.32421875 0.0078125 0.0171875
1 0.328125 0.1953125 0.009375 0.0203125
1 0.29140625 0.20078125 0.0109375 0.0265625
0 0.3078125 0.17265625 0.00625 0.0140625
0 0.2609375 0.1671875 0.0078125 0.01875
1 0.40078125 0.2015625 0.00625 0.0140625
1 0.92890625 0.41328125 0.00625 0.0140625
1 0.57734375 0.29296875 0.009375 0.0203125
1 0.31796875 0.45703125 0.071875 0.140625
0 0.66328125 0.315625 0.0078125 0.0171875
1 0.653125 0.296875 0.00625 0.0140625
1 0.35234375 0.1921875 0.0078125 0.0171875
0 0.64375 0.2984375 0.00625 0.0140625
1 0.61015625 0.79453125 0.0875 0.1859375
0 0.28203125 0.16796875 0.0078125 0.0171875
1 0.42578125 0.2078125 0.0046875 0.0125
1 0.33984375 0.19296875 0.0078125 0.0171875
0 0.9484375 0.43125 0.0078125 0.015625
1 0.56484375 0.27265625 0.00625 0.0140625
1 0.59765625 0.2921875 0.0078125 0.01875
0 0.6703125 0.32734375 0.009375 0.0203125
1 0.290625 0.21328125 0.0140625 0.0296875
1 0.5796875 0.28125 0.00625 0.0171875
0 0.64609375 0.303125 0.00625 0.015625
1 0.37578125 0.19609375 0.00625 0.0140625
0 0.37265625 0.18984375 0.00625 0.0140625
1 0.44140625 0.21015625 0.00625 0.0140625
0 0.43828125 0.20703125 0.00625 0.0140625
0 0.88359375 0.4046875 0.00625 0.015625
0 0.8375 0.38046875 0.00625 0.0140625
0 0.790625 0.35859375 0.0046875 0.0125
0 0.7375 0.33515625 0.0046875 0.0125
0 0.6875 0.315625 0.0046875 0.0125
1 0.87421875 0.390625 0.0046875 0.0125
1 0.8140625 0.36328125 0.00625 0.0140625
1 0.75625 0.33828125 0.00625 0.0140625
1 0.703125 0.31640625 0.0046875 0.0109375