1 0.43671875 0.2421875 0.0046875 0.0140625
1 0.7703125 0.2875 0.0078125 0.0234375
1 0.603125 0.2625 0.00625 0.01875
1 0.9203125 0.3046875 0.009375 0.025
1 0.3671875 0.240625 0.0046875 0.0140625
1 0.2484375 0.234375 0.0046875 0.0140625
0 0.39609375 0.23828125 0.003125 0.0109375
0 0.35390625 0.23828125 0.0046875 0.0125
0 0.44609375 0.2375 0.003125 0.0109375
1 0.42890625 0.60703125 0.065625 0.18125
1 0.46796875 0.23984375 0.0046875 0.0125
0 0.834375 0.2875 0.00625 0.0203125
0 0.92734375 0.296875 0.0078125 0.0203125
0 0.75390625 0.27890625 0.00625 0.01875
1 0.28046875 0.23671875 0.0046875 0.0140625
0 0.69375 0.2703125 0.00625 0.0171875
1 0.55859375 0.24609375 0.0046875 0.0140625
1 0.45625 0.2421875 0.0046875 0.0140625
0 0.7890625 0.2828125 0.00625 0.0203125
0 0.6546875 0.26328125 0.0046875 0.015625
0 0.32734375 0.23671875 0.003125 0.0125
1 0.53828125 0.24375 0.0046875 0.0109375
0 0.30078125 0.23515625 0.003125 0.0125
1 0.16875 0.2296875 0.003125 0.0125
1 0.09609375 0.225 0.0046875 0.0140625
1 0.63671875 0.26875 0.00625 0.0203125
1 0.40703125 0.2421875 0.0046875 0.0140625
1 0.8390625 0.29375 0.009375 0.025
1 0.03203125 0.221875 0.0046875 0.0140625
1 0.49765625 0.24140625 0.003125 0.0125
1 0.59296875 0.2515625 0.003125 0.0140625
0 0.4234375 0.23671875 0.003125 0.0109375
1 0.31875 0.2390625 0.0046875 0.0140625
1 0.5859375 0.25859375 0.0046875 0.015625
0 0.7234375 0.27421875 0.0046875 0.0171875
0 0.6203125 0.25 0.0046875 0.0140625
0 0.64453125 0.26015625 0.003125 0.0140625
0 0.0796875 0.22265625 0.0046875 0.0109375
0 0.63984375 0.25390625 0.003125 0.0109375
1 0.58984375 0.2515625 0.003125 0.0140625
1 0.57578125 0.25546875 0.0046875 0.015625
0 0.6484375 0.25703125 0.0046875 0.0125
0 0.16640625 0.22578125 0.003125 0.0109375
1 0.13125 0.22734375 0.0046875 0.0125
1 0.5203125 0.2421875 0.003125 0.0125
0 0.375 0.23828125 0.0046875 0.0140625
1 0.478125 0.2390625 0.003125 0.0125
1 0.06796875 0.2234375 0.0046875 0.0140625
1 0.57734375 0.2484375 0.003125 0.0125
1 0.5796875 0.25546875 0.0046875 0.0140625
0 0.025 0.22109375 0.0046875 0.0140625
0 0.675 0.26640625 0.0046875 0.0171875
1 0.6734375 0.27421875 0.00625 0.0203125
0 0.12734375 0.2234375 0.003125 0.0109375
1 0.721875 0.2796875 0.0078125 0.025
0 0.2375 0.2296875 0.003125 0.0125
0 0.40859375 0.23828125 0.003125 0.0125
0 0.48046875 0.23828125 0.003125 0.0109375
0 0.51875 0.24140625 0.003125 0.0109375
0 0.59140625 0.246875 0.003125 0.0109375
0 0.6421875 0.259375 0.003125 0.0140625
1 0.2046875 0.23125 0.0046875 0.015625
0 0.203125 0.22890625 0.0046875 0.0140625
1 0.05546875 0.440625 0.0359375 0.1078125