0 0.58984375 0.39609375 0.0203125 0.0625
0 0.46015625 0.40078125 0.0234375 0.075
1 0.8796875 0.5265625 0.028125 0.084375
1 0.9265625 0.39140625 0.0078125 0.021875
0 0.63359375 0.35078125 0.0125 0.0421875
1 0.75 0.6375 0.046875 0.153125
1 0.7671875 0.34375 0.0078125 0.0203125
1 0.8390625 0.42578125 0.01875 0.0484375
0 0.56796875 0.3078125 0.009375 0.028125
0 0.64296875 0.3671875 0.0140625 0.0453125
0 0.6171875 0.303125 0.00625 0.0203125
0 0.58828125 0.303125 0.0078125 0.0234375
0 0.6078125 0.33359375 0.0109375 0.0359375
0 0.63125 0.38671875 0.01875 0.0515625
0 0.25 0.39296875 0.03125 0.096875
1 0.875 0.4765625 0.0203125 0.0640625
1 0.69296875 0.3421875 0.009375 0.028125
1 0.728125 0.36015625 0.009375 0.03125
0 0.721875 0.325 0.00625 0.01875
1 0.6859375 0.33125 0.0078125 0.025
0 0.94140625 0.3890625 0.00625 0.0203125
1 0.7921875 0.39375 0.0125 0.0390625
0 0.86171875 0.365625 0.00625 0.0171875
1 0.8125 0.35546875 0.00625 0.0203125
0 0.78671875 0.34296875 0.00625 0.0203125
0 0.66484375 0.3109375 0.00625 0.0171875
1 0.70078125 0.33046875 0.0078125 0.0234375
1 0.88125 0.3765625 0.0078125 0.021875
1 0.81328125 0.8109375 0.0390625 0.128125
1 0.7296875 0.334375 0.0078125 0.0203125