1 0.5296875 0.73359375 0.1046875 0.2375
1 0.2625 0.4265625 0.059375 0.134375
1 0.09140625 0.28984375 0.0375 0.0953125
1 0.1578125 0.12265625 0.00625 0.015625
1 0.19765625 0.1359375 0.00625 0.015625
1 0.228125 0.14609375 0.00625 0.015625
1 0.265625 0.15859375 0.00625 0.0171875
1 0.3359375 0.178125 0.00625 0.0171875
1 0.38359375 0.1921875 0.00625 0.0171875
1 0.41875 0.2015625 0.00625 0.0140625
1 0.44296875 0.20625 0.00625 0.0140625
1 0.4625 0.209375 0.00625 0.0140625
1 0.64453125 0.27109375 0.0046875 0.0125
1 0.65546875 0.27734375 0.00625 0.0140625
1 0.67265625 0.28515625 0.00625 0.0140625
1 0.70859375 0.29921875 0.00625 0.015625
1 0.746875 0.31484375 0.00625 0.0171875
1 0.78515625 0.3296875 0.0078125 0.0171875
1 0.83203125 0.34765625 0.00625 0.0171875
1 0.87890625 0.36484375 0.00625 0.0171875
1 0.91875 0.378125 0.00625 0.0171875
1 0.95078125 0.390625 0.00625 0.0171875
0 0.146875 0.1140625 0.00625 0.0140625
0 0.20234375 0.13203125 0.00625 0.0140625
0 0.24609375 0.14609375 0.00625 0.0140625
0 0.271875 0.1546875 0.00625 0.0140625
0 0.2953125 0.1625 0.00625 0.015625
0 0.3265625 0.17109375 0.00625 0.0140625
0 0.353125 0.1796875 0.00625 0.015625
0 0.3765625 0.18515625 0.00625 0.0140625
0 0.39296875 0.18828125 0.00625 0.0140625
0 0.7046875 0.29296875 0.00625 0.0140625
0 0.7171875 0.29765625 0.00625 0.0140625
0 0.73984375 0.3078125 0.00625 0.0140625
0 0.7671875 0.31796875 0.00625 0.0140625
0 0.79296875 0.32734375 0.00625 0.015625
0 0.8265625 0.340625 0.00625 0.0140625
0 0.85625 0.35078125 0.00625 0.015625
0 0.8859375 0.3625 0.00625 0.015625
0 0.91015625 0.3703125 0.00625 0.015625
0 0.9421875 0.38125 0.00625 0.0140625