0 0.525 0.41796875 0.0359375 0.09375
0 0.4734375 0.34609375 0.0234375 0.059375
1 0.8578125 0.2984375 0.0328125 0.08125
0 0.51328125 0.609375 0.0703125 0.18125
1 0.6734375 0.27109375 0.01875 0.0484375
1 0.48125 0.278125 0.0109375 0.028125
0 0.85703125 0.17109375 0.0078125 0.01875
0 0.415625 0.32421875 0.015625 0.040625
0 0.39609375 0.28671875 0.009375 0.0234375
1 0.73046875 0.20625 0.0078125 0.01875
1 0.55703125 0.2734375 0.0140625 0.0375
1 0.65390625 0.21875 0.00625 0.01875
0 0.61640625 0.21875 0.00625 0.0171875
0 0.36171875 0.32109375 0.0109375 0.0296875
1 0.5796875 0.23359375 0.0078125 0.0203125
1 0.8140625 0.190625 0.0078125 0.0203125
0 0.434375 0.26875 0.0078125 0.0203125
0 0.4828125 0.2484375 0.00625 0.01875
0 0.546875 0.23203125 0.00625 0.0171875
1 0.528125 0.24453125 0.009375 0.021875
1 0.4890625 0.2640625 0.009375 0.025
0 0.3578125 0.30625 0.009375 0.025
0 0.77265625 0.1890625 0.00625 0.0171875
0 0.68984375 0.20625 0.00625 0.0171875