1 0.2265625 0.384375 0.025 0.0953125
0 0.134375 0.22109375 0.009375 0.0375
0 0.27265625 0.2296875 0.0078125 0.028125
0 0.91953125 0.3453125 0.00625 0.0265625
0 0.3828125 0.23984375 0.00625 0.0265625
0 0.61796875 0.27734375 0.00625 0.025
1 0.21015625 0.28671875 0.0171875 0.0578125
1 0.290625 0.25390625 0.009375 0.040625
0 0.45859375 0.25 0.00625 0.025
1 0.4078125 0.25625 0.0078125 0.03125
0 0.70703125 0.29609375 0.00625 0.025
1 0.6828125 0.3046875 0.0078125 0.0296875
1 0.4578125 0.72734375 0.0703125 0.23125
1 0.8265625 0.33671875 0.0078125 0.03125
1 0.5375 0.2765625 0.0078125 0.028125
0 0.8109375 0.31875 0.00625 0.025
1 0.35390625 0.203125 0.003125 0.0109375
1 0.5265625 0.23046875 0.003125 0.0109375
0 0.53671875 0.2625 0.00625 0.0234375
1 0.25078125 0.19453125 0.003125 0.0109375
1 0.3015625 0.19375 0.003125 0.0109375
1 0.271875 0.1921875 0.003125 0.0125
1 0.28671875 0.18125 0.0015625 0.0109375
1 0.3359375 0.19609375 0.003125 0.0125
1 0.24296875 0.18828125 0.003125 0.0109375
1 0.3515625 0.19140625 0.003125 0.0078125
1 0.54609375 0.22109375 0.0015625 0.0078125
0 0.55703125 0.21796875 0.0015625 0.0078125
1 0.31328125 0.18359375 0.0015625 0.0078125
0 0.28125 0.18359375 0.0015625 0.0078125
1 0.3078125 0.18515625 0.0015625 0.009375
1 0.32421875 0.1875 0.0015625 0.0078125
1 0.75546875 0.24453125 0.0015625 0.0078125
1 0.51875 0.21953125 0.0015625 0.009375
1 0.571875 0.2328125 0.003125 0.0109375
1 0.60703125 0.24609375 0.003125 0.015625
1 0.5625 0.215625 0.0015625 0.009375
1 0.2515625 0.18359375 0.0015625 0.0109375
1 0.284375 0.18203125 0.003125 0.00625
1 0.76015625 0.24453125 0.003125 0.009375
0 0.30546875 0.1921875 0.003125 0.0109375
0 0.25546875 0.18359375 0.0015625 0.009375
0 0.57578125 0.221875 0.003125 0.009375
0 0.30234375 0.18515625 0.003125 0.0078125
0 0.3296875 0.190625 0.0015625 0.0078125
1 0.34140625 0.18984375 0.0015625 0.0078125
1 0.73671875 0.23984375 0.0015625 0.00625
1 0.7109375 0.23671875 0.0015625 0.0078125
1 0.30625 0.196875 0.003125 0.0140625
0 0.3390625 0.19609375 0.003125 0.0109375
0 0.5109375 0.2171875 0.0015625 0.00625
0 0.60234375 0.2453125 0.003125 0.015625