0 0.4234375 0.26875 0.0109375 0.028125
0 0.05703125 0.32734375 0.01875 0.0453125
0 0.65078125 0.2640625 0.0109375 0.0296875
1 0.72578125 0.28125 0.0140625 0.0359375
1 0.1265625 0.359375 0.0265625 0.0625
1 0.35234375 0.2875 0.015625 0.0375
1 0.11875 0.41015625 0.0359375 0.0859375
1 0.92734375 0.49453125 0.065625 0.1375
0 0.30625 0.2796875 0.0109375 0.03125
1 0.18515625 0.3265625 0.01875 0.046875
1 0.2375 0.48046875 0.0515625 0.11875
0 0.7734375 0.2703125 0.0140625 0.0328125
1 0.56640625 0.53359375 0.0546875 0.15
1 0.44609375 0.278125 0.0140625 0.034375
1 0.62890625 0.27578125 0.0140625 0.034375
1 0.2640625 0.30234375 0.0171875 0.040625
1 0.825 0.29296875 0.0171875 0.04375
0 0.18359375 0.29765625 0.015625 0.0375
1 0.9234375 0.31484375 0.015625 0.05
1 0.53828125 0.2734375 0.0140625 0.034375
0 0.53671875 0.26328125 0.0109375 0.028125
0 0.9171875 0.284375 0.015625 0.040625