0 0.53515625 0.49375 0.0421875 0.09375
0 0.29453125 0.39921875 0.03125 0.0703125
0 0.740625 0.48515625 0.028125 0.0671875
1 0.3265625 0.346875 0.0203125 0.0453125
0 0.796875 0.45546875 0.0203125 0.0484375
0 0.43984375 0.3796875 0.0203125 0.046875
0 0.73125 0.4171875 0.015625 0.0375
1 0.9203125 0.4640625 0.0171875 0.0390625
0 0.51875 0.36953125 0.0140625 0.034375
1 0.15703125 0.35078125 0.028125 0.0625
1 0.42421875 0.346875 0.0140625 0.034375
1 0.47734375 0.34609375 0.0125 0.0265625
1 0.809375 0.4203125 0.0125 0.03125
1 0.77421875 0.4015625 0.0109375 0.025
1 0.65078125 0.3484375 0.00625 0.0140625
1 0.79140625 0.39921875 0.0078125 0.0203125
1 0.6859375 0.35625 0.0046875 0.0125
1 0.6078125 0.34296875 0.0046875 0.0140625
0 0.74296875 0.3828125 0.0078125 0.01875
0 0.6703125 0.3890625 0.0109375 0.028125
0 0.76484375 0.38359375 0.0078125 0.0171875
0 0.68984375 0.378125 0.009375 0.021875
1 0.56484375 0.34453125 0.00625 0.0171875
1 0.80703125 0.3890625 0.00625 0.015625
1 0.796875 0.38359375 0.00625 0.0140625
1 0.51875 0.34453125 0.0109375 0.0234375
0 0.5875 0.36015625 0.009375 0.0234375
1 0.58125 0.34375 0.00625 0.0171875
1 0.54375 0.34375 0.0078125 0.0203125
0 0.559375 0.36328125 0.0109375 0.025
1 0.775 0.37578125 0.0046875 0.0109375
0 0.66015625 0.37734375 0.009375 0.025
0 0.75234375 0.37734375 0.00625 0.0171875
0 0.64296875 0.35390625 0.00625 0.015625
1 0.82109375 0.40078125 0.0078125 0.0203125
1 0.59453125 0.34375 0.00625 0.0140625
0 0.678125 0.35546875 0.0046875 0.0125
0 0.634375 0.35390625 0.00625 0.0171875
0 0.73828125 0.3703125 0.00625 0.0140625
0 0.621875 0.35625 0.0078125 0.0171875
0 0.715625 0.36484375 0.003125 0.0125
0 0.60546875 0.35703125 0.0078125 0.0203125
0 0.225 0.59453125 0.0828125 0.1765625
0 0.653125 0.35234375 0.00625 0.0140625
1 0.81953125 0.39609375 0.00625 0.01875