1 0.815625 0.496875 0.0234375 0.0953125
1 0.41171875 0.2765625 0.00625 0.0296875
1 0.9125 0.39765625 0.01171875 0.0453125
0 0.80390625 0.3390625 0.00625 0.028125
0 0.9265625 0.37578125 0.009375 0.03515625
0 0.47734375 0.27421875 0.0046875 0.02421875
0 0.36875 0.26171875 0.00625 0.025
1 0.33515625 0.2734375 0.00703125 0.03359375
1 0.7515625 0.33828125 0.00625 0.0328125
0 0.69375 0.3125 0.00625 0.025
0 0.1671875 0.25546875 0.0078125 0.03515625
1 0.53203125 0.45703125 0.025 0.09921875
1 0.3015625 0.38359375 0.02421875 0.0828125
1 0.83515625 0.36484375 0.00859375 0.03671875
1 0.49609375 0.2859375 0.00546875 0.028125
1 0.2671875 0.27734375 0.00859375 0.0390625
1 0.66953125 0.31640625 0.00703125 0.028125
0 0.26484375 0.2546875 0.00390625 0.0296875
1 0.2140625 0.32421875 0.0125 0.06171875
0 0.5328125 0.73828125 0.0578125 0.21640625
0 0.5875 0.29140625 0.003125 0.02421875
1 0.58359375 0.3 0.00546875 0.02578125
1 0.21953125 0.2921875 0.00625 0.04921875