1 0.8609375 0.44453125 0.0625 0.1125
0 0.615625 0.36796875 0.0234375 0.0484375
0 0.2640625 0.7671875 0.109375 0.20625
0 0.5484375 0.41484375 0.0296875 0.0625
1 0.83671875 0.34453125 0.03125 0.0640625
0 0.51484375 0.3703125 0.0171875 0.0375
1 0.78515625 0.31796875 0.021875 0.04375
0 0.47265625 0.4859375 0.046875 0.0890625
0 0.53203125 0.3328125 0.0109375 0.025
1 0.609375 0.3328125 0.0140625 0.03125
0 0.48125 0.359375 0.0140625 0.0296875
1 0.67578125 0.3265625 0.0171875 0.0359375
0 0.61484375 0.30703125 0.009375 0.0203125
0 0.71328125 0.2828125 0.009375 0.01875
1 0.80859375 0.2671875 0.0109375 0.021875
1 0.73203125 0.28515625 0.0109375 0.021875
0 0.81484375 0.259375 0.0109375 0.0203125
1 0.65625 0.30625 0.0125 0.025
1 0.6 0.32421875 0.0125 0.0265625
1 0.88359375 0.25234375 0.0109375 0.0234375