0 0.45 0.534375 0.03125 0.103125
0 0.4 0.421875 0.015625 0.05625
1 0.821875 0.54765625 0.0296875 0.0875
0 0.6265625 0.4109375 0.0109375 0.0359375
1 0.26015625 0.38828125 0.015625 0.0515625
0 0.459375 0.3890625 0.0109375 0.0375
0 0.59453125 0.43203125 0.0125 0.04375
1 0.934375 0.4578125 0.0109375 0.0375
0 0.05859375 0.4578125 0.021875 0.09375
0 0.1703125 0.74453125 0.0421875 0.16875
1 0.30625 0.34609375 0.0078125 0.028125
0 0.52421875 0.37109375 0.0078125 0.028125
1 0.28203125 0.32109375 0.0046875 0.0140625
1 0.56953125 0.3609375 0.00625 0.0203125
1 0.790625 0.45234375 0.0125 0.0421875
1 0.69296875 0.384375 0.00625 0.021875
1 0.88671875 0.434375 0.009375 0.03125
1 0.48359375 0.35078125 0.0046875 0.0203125
1 0.54453125 0.365625 0.00625 0.021875
1 0.68046875 0.38984375 0.00625 0.021875
0 0.446875 0.36875 0.009375 0.028125
0 0.38671875 0.35078125 0.0078125 0.025
1 0.3390625 0.3671875 0.0125 0.0359375
1 0.5109375 0.34921875 0.0046875 0.01875
1 0.89765625 0.70390625 0.05 0.1578125
1 0.36953125 0.328125 0.0046875 0.015625
1 0.140625 0.31796875 0.00625 0.0171875
1 0.2125 0.32578125 0.00625 0.021875
1 0.32890625 0.32421875 0.003125 0.015625
1 0.225 0.32421875 0.0046875 0.0171875
0 0.6640625 0.40390625 0.009375 0.03125
0 0.49453125 0.3390625 0.003125 0.015625
1 0.4640625 0.33984375 0.0046875 0.0171875
0 0.29921875 0.33125 0.00625 0.0203125
1 0.06328125 0.315625 0.00625 0.0171875
1 0.7875 0.421875 0.00625 0.0296875
0 0.08125 0.31171875 0.0046875 0.0171875
0 0.59765625 0.3828125 0.00625 0.025
0 0.4546875 0.35546875 0.00625 0.025
1 0.7515625 0.40625 0.00625 0.028125
1 0.23359375 0.32109375 0.0046875 0.015625
1 0.27109375 0.32578125 0.00625 0.015625
0 0.38046875 0.328125 0.003125 0.0125
1 0.61015625 0.378125 0.0046875 0.0203125
0 0.66953125 0.37265625 0.00625 0.0203125
0 0.88203125 0.4125 0.00625 0.0234375
1 0.78515625 0.4375 0.009375 0.0296875
0 0.4140625 0.34375 0.0078125 0.0234375
1 0.18671875 0.31953125 0.00625 0.0171875
1 0.43828125 0.34140625 0.0046875 0.0171875
0 0.31796875 0.33125 0.0046875 0.01875
1 0.240625 0.33359375 0.00625 0.0234375
0 0.42734375 0.33125 0.003125 0.0140625
1 0.32421875 0.328125 0.0046875 0.0171875
0 0.5421875 0.3515625 0.003125 0.0140625
1 0.40859375 0.33046875 0.0046875 0.0171875
1 0.621875 0.37109375 0.00625 0.0203125
1 0.746875 0.3953125 0.0078125 0.025
0 0.7546875 0.390625 0.0046875 0.025
1 0.7890625 0.48828125 0.01875 0.05625
0 0.81328125 0.40078125 0.00625 0.0234375
1 0.80859375 0.41171875 0.0078125 0.0265625