0 0.6296875 0.29296875 0.015625 0.046875
0 0.5359375 0.2765625 0.0140625 0.0390625
0 0.20234375 0.27578125 0.0125 0.0375
0 0.4390625 0.26796875 0.0125 0.0359375
0 0.3265625 0.26875 0.0125 0.0359375
0 0.0921875 0.28828125 0.0140625 0.040625
0 0.70703125 0.32265625 0.0203125 0.059375
1 0.34453125 0.25234375 0.0109375 0.03125
1 0.73671875 0.2796875 0.0171875 0.040625
1 0.4828125 0.25390625 0.0109375 0.03125
0 0.72578125 0.49921875 0.0515625 0.1421875
1 0.19453125 0.26171875 0.0109375 0.03125
0 0.4390625 0.71953125 0.0921875 0.2515625
0 0.7640625 0.38046875 0.021875 0.084375
1 0.86484375 0.3109375 0.01875 0.0546875
1 0.60625 0.26171875 0.0125 0.034375