1 0.47890625 0.5734375 0.046875 0.125
0 0.14375 0.44140625 0.015625 0.040625
1 0.25234375 0.46328125 0.021875 0.059375
1 0.8703125 0.4359375 0.0265625 0.071875
0 0.06328125 0.4734375 0.01875 0.05
1 0.79375 0.40390625 0.0203125 0.0546875
1 0.3375 0.50546875 0.03125 0.0796875
0 0.934375 0.37578125 0.01875 0.0515625
0 0.23203125 0.4125 0.0109375 0.03125
1 0.69453125 0.3765625 0.0140625 0.0390625
1 0.74140625 0.38984375 0.015625 0.0453125
0 0.7828125 0.35234375 0.0125 0.034375
1 0.59296875 0.36328125 0.0078125 0.0265625
0 0.30625 0.39765625 0.0109375 0.028125
1 0.22734375 0.44375 0.015625 0.0453125
1 0.49140625 0.37578125 0.009375 0.0296875
0 0.44609375 0.37265625 0.009375 0.0265625
0 0.64765625 0.34921875 0.0109375 0.028125
1 0.3828125 0.3953125 0.0125 0.03125
0 0.57734375 0.35625 0.009375 0.025
1 0.66171875 0.3671875 0.0109375 0.0296875
0 0.0640625 0.4265625 0.0109375 0.028125
0 0.51484375 0.365625 0.0078125 0.025
0 0.82265625 0.36171875 0.0125 0.034375
1 0.284375 0.4203125 0.0140625 0.0390625
0 0.72578125 0.34921875 0.0109375 0.028125
1 0.75390625 0.7171875 0.04375 0.1546875