0 0.15390625 0.35 0.0234375 0.0671875
0 0.79375 0.36015625 0.0265625 0.0765625
0 0.32734375 0.25546875 0.0109375 0.03125
0 0.25 0.26796875 0.0109375 0.034375
0 0.13828125 0.31328125 0.01875 0.053125
1 0.59765625 0.2359375 0.0078125 0.025
0 0.1828125 0.2859375 0.015625 0.0421875
0 0.39765625 0.25 0.009375 0.028125
0 0.28671875 0.38515625 0.03125 0.0875
0 0.54140625 0.39296875 0.0359375 0.09375
0 0.66015625 0.25 0.009375 0.0296875
0 0.48828125 0.2453125 0.009375 0.0265625
1 0.90859375 0.26953125 0.0125 0.0359375
0 0.57890625 0.2453125 0.009375 0.028125
1 0.27734375 0.2484375 0.009375 0.028125
1 0.36953125 0.24140625 0.0078125 0.025
0 0.73828125 0.259375 0.0125 0.0328125
1 0.7015625 0.2421875 0.009375 0.025
0 0.80546875 0.27578125 0.0125 0.0359375
1 0.1671875 0.26484375 0.0109375 0.03125
1 0.48359375 0.23515625 0.0078125 0.025
1 0.8078125 0.253125 0.009375 0.0296875
0 0.8640625 0.32578125 0.015625 0.059375
1 0.60625 0.62578125 0.0765625 0.2046875