1 0.275 0.40546875 0.05625 0.1171875
0 0.8859375 0.440625 0.0125 0.028125
0 0.18203125 0.1640625 0.0109375 0.025
0 0.8140625 0.40625 0.0109375 0.025
1 0.325 0.2265625 0.0125 0.028125
1 0.12734375 0.1671875 0.0171875 0.034375
0 0.4609375 0.26484375 0.0109375 0.021875
0 0.28046875 0.19921875 0.009375 0.021875
1 0.675 0.35859375 0.0125 0.028125
1 0.9203125 0.47890625 0.0171875 0.0375
1 0.41328125 0.259375 0.0109375 0.025
1 0.5921875 0.32421875 0.0109375 0.025
1 0.21875 0.1921875 0.0140625 0.03125
1 0.77890625 0.40859375 0.0140625 0.0328125
0 0.63515625 0.3234375 0.009375 0.0203125
1 0.50234375 0.2921875 0.0109375 0.025
0 0.54375 0.29140625 0.009375 0.021875
0 0.37265625 0.2328125 0.009375 0.0203125
0 0.71171875 0.3578125 0.0109375 0.025
1 0.8125 0.9140625 0.025 0.0328125