1 0.45390625 0.51171875 0.0296875 0.0953125
0 0.1828125 0.40234375 0.0125 0.046875
0 0.0875 0.39375 0.0125 0.0421875
1 0.6609375 0.45078125 0.0171875 0.0640625
0 0.78046875 0.43203125 0.015625 0.05
0 0.140625 0.43046875 0.01875 0.0625
1 0.37890625 0.434375 0.0203125 0.0578125
1 0.5296875 0.41484375 0.0140625 0.0484375
1 0.3484375 0.4015625 0.0125 0.0453125
1 0.29375 0.384375 0.009375 0.0359375
1 0.83828125 0.5 0.0234375 0.084375
1 0.70390625 0.6375 0.0453125 0.153125
0 0.5796875 0.37890625 0.0078125 0.0328125
0 0.6515625 0.4015625 0.0109375 0.040625
1 0.103125 0.38515625 0.0109375 0.034375
1 0.13984375 0.375 0.0078125 0.028125
1 0.20625 0.38125 0.0078125 0.0328125
1 0.234375 0.37109375 0.00625 0.025
1 0.31171875 0.36953125 0.00625 0.025
1 0.3765625 0.36953125 0.00625 0.028125
1 0.46484375 0.3890625 0.0078125 0.0390625
1 0.4421875 0.378125 0.0078125 0.03125
1 0.43828125 0.37109375 0.00625 0.0265625
0 0.24921875 0.36484375 0.00625 0.021875
0 0.34609375 0.3640625 0.00625 0.021875
0 0.43125 0.3640625 0.00625 0.0203125
0 0.50546875 0.36484375 0.00625 0.021875
0 0.5515625 0.36796875 0.0078125 0.0265625