0 0.4109375 0.46953125 0.0171875 0.06953125
1 0.60625 0.43125 0.01171875 0.05
1 0.6578125 0.4671875 0.01640625 0.0640625
0 0.3734375 0.5921875 0.03046875 0.13046875
1 0.56328125 0.409375 0.01015625 0.03984375
0 0.4125 0.42265625 0.01171875 0.046875
1 0.75234375 0.55234375 0.0265625 0.103125
1 0.83515625 0.41328125 0.01015625 0.03828125
0 0.403125 0.40390625 0.009375 0.03828125
1 0.8859375 0.43671875 0.0125 0.04921875
0 0.509375 0.37265625 0.00546875 0.02265625
0 0.93984375 0.40078125 0.009375 0.03359375
0 0.86875 0.38671875 0.00703125 0.03046875
0 0.45234375 0.3765625 0.00625 0.025
0 0.5640625 0.3703125 0.00546875 0.02265625
1 0.77578125 0.39375 0.0078125 0.03125
1 0.53125 0.38515625 0.00625 0.0296875
0 0.403125 0.384375 0.0078125 0.0296875
0 0.8 0.37734375 0.00703125 0.02421875
0 0.62265625 0.37109375 0.00625 0.02265625
1 0.66171875 0.3828125 0.00625 0.025
1 0.58984375 0.38125 0.00703125 0.02734375
1 0.73125 0.38671875 0.00625 0.02734375
1 0.53515625 0.39765625 0.00859375 0.03359375
0 0.69296875 0.37265625 0.00546875 0.021875