0 0.13984375 0.38671875 0.0171875 0.06640625
0 0.77734375 0.33046875 0.01796875 0.07578125
0 0.303125 0.275 0.0078125 0.03046875
0 0.22734375 0.2953125 0.0078125 0.03359375
0 0.12109375 0.35234375 0.01328125 0.05234375
1 0.56953125 0.22734375 0.00546875 0.02421875
0 0.1625 0.3203125 0.01171875 0.04140625
0 0.371875 0.26171875 0.00625 0.02734375
0 0.27578125 0.4078125 0.02265625 0.0859375
0 0.5296875 0.3890625 0.0265625 0.09140625
0 0.6328125 0.234375 0.00625 0.0296875
0 0.46171875 0.24765625 0.00625 0.02578125
1 0.88203125 0.228125 0.00859375 0.03515625
0 0.5515625 0.23828125 0.00625 0.02734375
1 0.25234375 0.2734375 0.00625 0.02734375
1 0.34296875 0.25625 0.0046875 0.025
0 0.71171875 0.2359375 0.00859375 0.0328125
1 0.6734375 0.22265625 0.00625 0.025
0 0.78046875 0.2453125 0.009375 0.03515625
1 0.14453125 0.30078125 0.00703125 0.03125
1 0.45625 0.23828125 0.0046875 0.02421875
1 0.78046875 0.22265625 0.00703125 0.0296875
0 0.84375 0.2890625 0.009375 0.05859375
1 0.61875 0.6140625 0.05546875 0.2