1 0.88671875 0.3984375 0.01875 0.0640625
0 0.73125 0.3125 0.00625 0.0265625
0 0.82265625 0.34765625 0.009375 0.0390625
1 0.1609375 0.38125 0.021875 0.0796875
0 0.77421875 0.325 0.0078125 0.0296875
1 0.66953125 0.340625 0.0109375 0.0421875
0 0.10703125 0.24765625 0.00625 0.021875
0 0.67734375 0.29921875 0.0046875 0.0234375
1 0.61875 0.3046875 0.0078125 0.0265625
1 0.65234375 0.3203125 0.0078125 0.034375
1 0.55390625 0.28984375 0.00625 0.025
1 0.25546875 0.47109375 0.034375 0.115625
0 0.14921875 0.24296875 0.003125 0.01875
0 0.859375 0.3109375 0.0046875 0.015625
1 0.15078125 0.32578125 0.0140625 0.05
1 0.5171875 0.26953125 0.0046875 0.0171875
1 0.4921875 0.2796875 0.0046875 0.0203125
1 0.2171875 0.25078125 0.0046875 0.021875
1 0.184375 0.25625 0.0046875 0.0234375
1 0.621875 0.275 0.003125 0.015625
1 0.74921875 0.2875 0.003125 0.0140625
1 0.8828125 0.30234375 0.0046875 0.015625
0 0.74296875 0.29140625 0.003125 0.0140625
1 0.784375 0.26484375 0.0015625 0.009375
0 0.5890625 0.27734375 0.0046875 0.0171875
1 0.92421875 0.30390625 0.003125 0.0140625
1 0.81796875 0.265625 0.0015625 0.009375
1 0.69375 0.26015625 0.003125 0.0109375
1 0.49765625 0.709375 0.0578125 0.2125
0 0.2765625 0.23671875 0.003125 0.0140625
1 0.68046875 0.2796875 0.003125 0.0171875
0 0.93046875 0.31640625 0.003125 0.0140625
1 0.146875 0.29765625 0.00625 0.034375
1 0.33125 0.240625 0.003125 0.0140625
1 0.2453125 0.2453125 0.0046875 0.0203125
1 0.725 0.26171875 0.003125 0.009375
0 0.190625 0.24140625 0.0046875 0.0171875
1 0.29140625 0.23984375 0.003125 0.015625
0 0.63046875 0.28125 0.003125 0.0171875
0 0.8 0.3 0.003125 0.015625
1 0.93515625 0.28046875 0.003125 0.009375
0 0.89609375 0.2703125 0.003125 0.0109375
1 0.525 0.25390625 0.003125 0.0109375
0 0.23828125 0.2390625 0.003125 0.0140625
1 0.9484375 0.28671875 0.003125 0.0109375
1 0.3609375 0.24296875 0.003125 0.0140625
1 0.82109375 0.29453125 0.003125 0.0140625
1 0.90390625 0.27421875 0.003125 0.009375
0 0.31640625 0.2359375 0.003125 0.0109375
1 0.66640625 0.2609375 0.003125 0.0109375
1 0.49453125 0.25078125 0.0015625 0.0109375
1 0.26171875 0.24296875 0.0046875 0.0171875
1 0.15546875 0.26484375 0.0078125 0.0296875
1 0.94453125 0.30078125 0.003125 0.0125
1 0.43515625 0.24765625 0.0015625 0.0109375
0 0.40390625 0.24375 0.0015625 0.009375
1 0.753125 0.26328125 0.0015625 0.009375
1 0.95234375 0.29140625 0.003125 0.0109375
0 0.478125 0.25 0.003125 0.0109375
0 0.9421875 0.278125 0.0015625 0.0109375
1 0.64140625 0.26015625 0.003125 0.0125
1 0.95 0.29609375 0.003125 0.0125
1 0.46484375 0.25 0.003125 0.0125
1 0.61015625 0.259375 0.003125 0.0109375
1 0.39921875 0.2453125 0.003125 0.0109375
0 0.7625 0.26015625 0.0015625 0.009375
1 0.5703125 0.2703125 0.003125 0.0171875
0 0.73359375 0.25859375 0.0015625 0.0078125
0 0.6703125 0.25546875 0.003125 0.0109375
0 0.70390625 0.25625 0.0015625 0.0109375
0 0.50703125 0.2515625 0.003125 0.0109375
0 0.44453125 0.246875 0.003125 0.0109375
1 0.1484375 0.27734375 0.0078125 0.0328125
0 0.61953125 0.28828125 0.003125 0.0203125
0 0.6484375 0.2546875 0.0015625 0.0109375
0 0.53125 0.253125 0.003125 0.0109375
0 0.8265625 0.26171875 0.0015625 0.0078125
0 0.68203125 0.28515625 0.003125 0.0171875
1 0.553125 0.25390625 0.003125 0.0140625
0 0.61796875 0.2546875 0.0015625 0.009375
0 0.55546875 0.253125 0.0015625 0.0109375
1 0.57578125 0.25703125 0.003125 0.0109375
1 0.859375 0.26796875 0.003125 0.0109375
0 0.85625 0.2640625 0.003125 0.0109375
0 0.8125 0.2609375 0.003125 0.009375
0 0.78984375 0.25859375 0.003125 0.0109375