1 0.7640625 0.37109375 0.028125 0.071875
0 0.4796875 0.41171875 0.0359375 0.0953125
1 0.6640625 0.26953125 0.0078125 0.0265625
1 0.7359375 0.26875 0.0078125 0.025
0 0.26796875 0.3046875 0.0171875 0.046875
0 0.9171875 0.2703125 0.009375 0.025
0 0.80703125 0.26328125 0.0078125 0.0234375
0 0.5265625 0.265625 0.0109375 0.028125
0 0.153125 0.3 0.01875 0.0453125
0 0.46171875 0.2765625 0.0125 0.0328125
0 0.703125 0.26015625 0.009375 0.021875
1 0.5640625 0.303125 0.0171875 0.0453125
0 0.3640625 0.31953125 0.0203125 0.0515625
1 0.81875 0.27109375 0.009375 0.0265625
1 0.56875 0.284375 0.0109375 0.0359375
0 0.35 0.64609375 0.090625 0.2171875
1 0.21796875 0.27890625 0.0140625 0.0359375
1 0.61796875 0.33359375 0.021875 0.05625
1 0.3453125 0.2828125 0.0140625 0.0359375
1 0.90546875 0.27890625 0.0109375 0.028125
0 0.44140625 0.35234375 0.025 0.06875
0 0.60703125 0.259375 0.0078125 0.025
1 0.60546875 0.27421875 0.009375 0.0296875