0 0.14375 0.4453125 0.059375 0.11796875
0 0.41484375 0.4578125 0.0515625 0.1234375
0 0.240625 0.69140625 0.1046875 0.2421875
0 0.37578125 0.33984375 0.03046875 0.07265625
0 0.35625 0.28984375 0.01953125 0.04765625
0 0.37578125 0.2625 0.015625 0.03515625
0 0.37890625 0.2453125 0.0125 0.02890625
0 0.3765625 0.234375 0.01015625 0.02265625
0 0.86484375 0.2140625 0.01640625 0.0375
1 0.87890625 0.3515625 0.046875 0.0953125
1 0.74453125 0.27890625 0.02890625 0.0578125
1 0.65234375 0.296875 0.02578125 0.05390625
1 0.65546875 0.246875 0.01640625 0.03984375
1 0.58046875 0.26171875 0.01796875 0.0421875
1 0.5546875 0.2453125 0.01484375 0.034375
1 0.653125 0.29453125 0.02578125 0.0578125
1 0.540625 0.23203125 0.01171875 0.028125
1 0.52578125 0.221875 0.009375 0.0234375