0 0.7140625 0.321875 0.021875 0.071875
0 0.63125 0.27265625 0.0125 0.05
0 0.72890625 0.3875 0.0296875 0.103125
0 0.9125 0.18046875 0.0078125 0.0203125
1 0.7609375 0.20390625 0.0078125 0.028125
1 0.715625 0.221875 0.009375 0.03125
1 0.921875 0.26484375 0.01875 0.05625
1 0.79609375 0.2453125 0.0140625 0.04375
0 0.5875 0.2296875 0.0078125 0.0296875
1 0.80390625 0.19765625 0.0078125 0.025
0 0.67734375 0.47734375 0.0453125 0.1453125
1 0.734375 0.234375 0.0109375 0.0390625
0 0.81875 0.1875 0.00625 0.0203125
0 0.67265625 0.2046875 0.00625 0.021875
0 0.740625 0.19453125 0.0046875 0.021875
0 0.68046875 0.2890625 0.01875 0.059375
0 0.3390625 0.7578125 0.0421875 0.190625
1 0.86015625 0.19296875 0.009375 0.025
0 0.61796875 0.215625 0.00625 0.025
0 0.565625 0.25 0.0109375 0.0390625
1 0.72734375 0.2125 0.009375 0.028125