0 0.459375 0.37421875 0.025 0.078125
0 0.4109375 0.346875 0.0171875 0.0609375
0 0.8140625 0.1875 0.0078125 0.025
0 0.8765625 0.17890625 0.0078125 0.025
0 0.24296875 0.34140625 0.0125 0.04375
0 0.20078125 0.33046875 0.009375 0.034375
0 0.28515625 0.28671875 0.0078125 0.0234375
0 0.49609375 0.4203125 0.0296875 0.1
1 0.8640625 0.3328125 0.0296875 0.090625
0 0.5203125 0.23046875 0.00625 0.0203125
1 0.6546875 0.21640625 0.0078125 0.025
0 0.2265625 0.31015625 0.009375 0.028125
1 0.75546875 0.2078125 0.009375 0.028125
1 0.83046875 0.19765625 0.009375 0.0296875
0 0.60234375 0.215625 0.00625 0.0203125
1 0.59609375 0.28203125 0.015625 0.0484375
1 0.70390625 0.2953125 0.01875 0.0625
1 0.4046875 0.26328125 0.0078125 0.025
0 0.49296875 0.5453125 0.0515625 0.1546875
1 0.52890625 0.2375 0.0078125 0.0234375
0 0.4421875 0.246875 0.00625 0.0203125
1 0.5953125 0.22578125 0.0078125 0.025
0 0.77109375 0.19375 0.0078125 0.0234375
1 0.46015625 0.25078125 0.0078125 0.0234375
0 0.36015625 0.33984375 0.0171875 0.053125
0 0.684375 0.20546875 0.0078125 0.0203125
1 0.34140625 0.29453125 0.0109375 0.03125
0 0.36171875 0.265625 0.0078125 0.0203125
1 0.49453125 0.28515625 0.0125 0.0421875
1 0.37265625 0.29453125 0.0125 0.034375
0 0.33984375 0.80234375 0.0375 0.121875
1 0.36953125 0.27421875 0.0078125 0.0265625
1 0.3421875 0.2859375 0.0078125 0.028125