0 0.49453125 0.46953125 0.0421875 0.0890625
0 0.81640625 0.4640625 0.015625 0.0359375
1 0.84609375 0.6109375 0.0421875 0.0953125
0 0.25078125 0.57265625 0.0796875 0.175
0 0.671875 0.46640625 0.025 0.059375
0 0.78671875 0.475 0.01875 0.0453125
1 0.92578125 0.5703125 0.0328125 0.0671875
0 0.92890625 0.46640625 0.009375 0.0171875
1 0.95546875 0.5015625 0.0125 0.03125
0 0.8328125 0.43984375 0.009375 0.01875
0 0.82734375 0.45703125 0.0109375 0.0234375
0 0.87578125 0.45078125 0.009375 0.0203125
0 0.82578125 0.44765625 0.0078125 0.0234375
1 0.9375 0.484375 0.0125 0.028125