1 0.6171875 0.8109375 0.06875 0.1578125
1 0.36015625 0.49921875 0.078125 0.153125
1 0.16953125 0.3140625 0.0546875 0.1046875
1 0.17578125 0.10234375 0.00625 0.015625
1 0.5234375 0.2453125 0.00625 0.0140625
1 0.5546875 0.25859375 0.00625 0.0140625
1 0.59375 0.27421875 0.00625 0.0140625
1 0.63046875 0.29140625 0.00625 0.0140625
1 0.6609375 0.3046875 0.00625 0.0140625
1 0.75234375 0.34296875 0.00625 0.0140625
1 0.8921875 0.4171875 0.0078125 0.0171875
1 0.87734375 0.415625 0.009375 0.01875
1 0.8328125 0.40625 0.0109375 0.0234375
1 0.80625 0.41015625 0.0140625 0.028125
1 0.81015625 0.40234375 0.009375 0.025
1 0.8328125 0.4390625 0.0171875 0.0359375
1 0.90234375 0.49296875 0.021875 0.0453125
1 0.86171875 0.41328125 0.0078125 0.0203125
1 0.89921875 0.41796875 0.0078125 0.0171875
0 0.16796875 0.09375 0.00625 0.0140625
0 0.18671875 0.10078125 0.00625 0.0140625
0 0.91015625 0.41640625 0.00625 0.0140625
0 0.94921875 0.43828125 0.00625 0.015625
0 0.971875 0.45234375 0.0078125 0.0171875
0 0.97265625 0.45859375 0.009375 0.01875
0 0.96640625 0.46015625 0.0109375 0.0203125
0 0.9375 0.46171875 0.0109375 0.0265625
0 0.9265625 0.46328125 0.0125 0.028125
0 0.9375 0.475 0.015625 0.0328125