0 0.5375 0.49296875 0.028125 0.0875
0 0.70703125 0.434375 0.015625 0.05625
0 0.85078125 0.42578125 0.0125 0.0453125
0 0.04609375 0.78125 0.01875 0.1
1 0.94453125 0.51484375 0.015625 0.0859375
1 0.4734375 0.33359375 0.003125 0.0140625
1 0.4640625 0.33046875 0.003125 0.0171875
1 0.4234375 0.33203125 0.0046875 0.0171875
1 0.3953125 0.32734375 0.003125 0.015625
1 0.38671875 0.32734375 0.0046875 0.0171875
1 0.378125 0.325 0.0046875 0.015625
1 0.3703125 0.325 0.003125 0.015625
1 0.23359375 0.31015625 0.0046875 0.021875
1 0.2328125 0.34296875 0.0109375 0.021875
1 0.1984375 0.3421875 0.0125 0.021875
1 0.1296875 0.30546875 0.00625 0.0234375
1 0.12421875 0.334375 0.0078125 0.03125
1 0.0796875 0.31484375 0.00625 0.0234375