1 0.1296875 0.175 0.003125 0.0109375
0 0.24453125 0.17421875 0.003125 0.009375
0 0.2875 0.1734375 0.0046875 0.0125
1 0.2046875 0.17421875 0.003125 0.009375
0 0.0953125 0.171875 0.0046875 0.0109375
0 0.3203125 0.17421875 0.003125 0.0078125
1 0.19375 0.17109375 0.003125 0.009375
1 0.17265625 0.175 0.003125 0.0109375
0 0.1984375 0.17578125 0.003125 0.0078125
1 0.14765625 0.175 0.003125 0.0109375
1 0.13515625 0.171875 0.003125 0.009375
0 0.27109375 0.17421875 0.003125 0.0109375
0 0.11171875 0.17578125 0.003125 0.0109375
1 0.175 0.171875 0.003125 0.009375
1 0.2390625 0.1703125 0.003125 0.0109375
1 0.26796875 0.17265625 0.003125 0.009375
1 0.259375 0.17109375 0.003125 0.0109375
1 0.21484375 0.17109375 0.003125 0.0109375
0 0.15078125 0.17578125 0.003125 0.0109375
1 0.29921875 0.17265625 0.003125 0.0109375
1 0.340625 0.17421875 0.003125 0.009375
1 0.1140625 0.17265625 0.003125 0.0109375
1 0.15546875 0.171875 0.003125 0.0109375
1 0.353125 0.17421875 0.003125 0.0078125
1 0.2375 0.17265625 0.003125 0.0109375
0 0.2015625 0.1703125 0.003125 0.00625
1 0.33046875 0.1703125 0.003125 0.009375
1 0.33359375 0.1703125 0.003125 0.009375
0 0.35859375 0.175 0.003125 0.0078125
1 0.34765625 0.17109375 0.003125 0.00625
0 0.2296875 0.16953125 0.003125 0.009375