0 0.12421875 0.27890625 0.03125 0.06875
0 0.1828125 0.25859375 0.0234375 0.0515625
1 0.953125 0.43125 0.015625 0.0328125
1 0.3828125 0.38828125 0.0359375 0.0828125
0 0.22578125 0.24296875 0.01875 0.040625
0 0.83984375 0.378125 0.009375 0.0203125
0 0.884375 0.3953125 0.0109375 0.0234375
1 0.51171875 0.2890625 0.0109375 0.025
0 0.28828125 0.23671875 0.0125 0.0296875
0 0.81328125 0.36328125 0.0078125 0.0171875
0 0.93203125 0.3953125 0.0078125 0.0171875
1 0.75390625 0.34140625 0.0078125 0.0171875
1 0.8203125 0.38125 0.0109375 0.0265625
1 0.3828125 0.284375 0.0140625 0.0359375
0 0.4203125 0.2578125 0.009375 0.021875
1 0.41484375 0.28046875 0.0140625 0.03125
1 0.64375 0.3015625 0.00625 0.0140625
0 0.36171875 0.25 0.0109375 0.025
0 0.45625 0.26015625 0.0078125 0.01875
1 0.7578125 0.353125 0.009375 0.021875
1 0.47109375 0.2859375 0.0109375 0.0265625
1 0.41796875 0.684375 0.096875 0.2140625
0 0.95234375 0.3984375 0.00625 0.0140625
1 0.58359375 0.2921875 0.00625 0.0171875
0 0.5984375 0.284375 0.00625 0.0140625
1 0.38046875 0.31484375 0.021875 0.0484375
1 0.78828125 0.346875 0.00625 0.0140625
1 0.54921875 0.2828125 0.0078125 0.01875
1 0.68359375 0.30859375 0.0046875 0.0140625
0 0.90078125 0.3875 0.0078125 0.015625
1 0.7421875 0.3421875 0.0078125 0.01875
0 0.83515625 0.36640625 0.00625 0.015625
0 0.49296875 0.26953125 0.00625 0.0171875
0 0.96328125 0.39921875 0.00625 0.0140625
1 0.52578125 0.284375 0.009375 0.021875
0 0.5765625 0.28203125 0.00625 0.0140625
1 0.62578125 0.3015625 0.00625 0.0140625
1 0.6578125 0.30234375 0.00625 0.0140625
0 0.53203125 0.275 0.00625 0.0171875
0 0.6234375 0.2890625 0.0046875 0.0125
0 0.65078125 0.29375 0.0046875 0.0125
0 0.675 0.3 0.0046875 0.0109375
0 0.6984375 0.303125 0.0046875 0.0109375
0 0.75625 0.31796875 0.003125 0.0109375
0 0.78359375 0.32734375 0.0046875 0.009375
0 0.81484375 0.3359375 0.003125 0.009375
0 0.85234375 0.34453125 0.003125 0.009375
0 0.88515625 0.353125 0.0046875 0.0109375
0 0.91875 0.3640625 0.003125 0.0078125
0 0.96015625 0.37734375 0.003125 0.0109375
1 0.70546875 0.3109375 0.0046875 0.0140625
1 0.72265625 0.3140625 0.00625 0.0140625
1 0.7390625 0.3171875 0.0046875 0.0125
1 0.7640625 0.32265625 0.0046875 0.0109375
1 0.78984375 0.32890625 0.0046875 0.0125
1 0.81640625 0.3359375 0.003125 0.0109375
1 0.8375 0.340625 0.003125 0.0109375
1 0.86953125 0.35 0.0046875 0.0109375
1 0.87734375 0.3734375 0.00625 0.015625
1 0.88828125 0.37421875 0.00625 0.0140625
1 0.90625 0.37890625 0.00625 0.0140625
1 0.90625 0.3609375 0.0046875 0.0109375
1 0.93671875 0.37265625 0.0046875 0.0109375
1 0.9625 0.3921875 0.0046875 0.0125
1 0.97578125 0.38515625 0.0046875 0.0109375