0 0.56796875 0.42578125 0.025 0.05625
0 0.46484375 0.49140625 0.040625 0.096875
1 0.81171875 0.57421875 0.04375 0.0984375
0 0.63125 0.40546875 0.0171875 0.0390625
1 0.7765625 0.43671875 0.01875 0.0390625
0 0.15390625 0.66796875 0.1015625 0.221875
0 0.6546875 0.39453125 0.0140625 0.03125
0 0.7609375 0.3828125 0.0078125 0.0171875
0 0.8890625 0.42890625 0.009375 0.021875
1 0.70703125 0.39453125 0.0109375 0.025
1 0.65546875 0.3453125 0.00625 0.015625
1 0.5875 0.33046875 0.0046875 0.0109375
0 0.81953125 0.40703125 0.0078125 0.01875
1 0.615625 0.35625 0.0078125 0.01875
1 0.72265625 0.3671875 0.00625 0.0140625
1 0.940625 0.46015625 0.0140625 0.0328125
0 0.7703125 0.390625 0.0078125 0.0171875
1 0.70859375 0.3671875 0.00625 0.0140625
1 0.60703125 0.34765625 0.00625 0.015625
0 0.5546875 0.35 0.009375 0.021875
0 0.540625 0.33203125 0.00625 0.015625
1 0.64375 0.35 0.00625 0.015625
1 0.69609375 0.36796875 0.00625 0.0171875
1 0.6453125 0.3703125 0.009375 0.0203125
1 0.6078125 0.3359375 0.0046875 0.0109375
1 0.86640625 0.43359375 0.0125 0.028125
1 0.6171875 0.33515625 0.0046875 0.0109375
1 0.62578125 0.33828125 0.0046875 0.0109375
1 0.62734375 0.34921875 0.00625 0.015625
1 0.7359375 0.3890625 0.009375 0.0203125
1 0.7734375 0.42109375 0.0140625 0.03125
1 0.6984375 0.375 0.0078125 0.0171875
0 0.53203125 0.3359375 0.0078125 0.0171875
1 0.80234375 0.4125 0.0109375 0.0234375
1 0.6328125 0.33828125 0.0046875 0.0109375
0 0.55625 0.33203125 0.00625 0.0140625
0 0.59375 0.36796875 0.0109375 0.025
0 0.57578125 0.33046875 0.0046875 0.0125
0 0.58359375 0.33671875 0.0046875 0.0125
1 0.778125 0.4703125 0.025 0.053125
0 0.78046875 0.38046875 0.00625 0.0140625
0 0.59453125 0.3359375 0.0046875 0.0125
0 0.54375 0.31953125 0.0046875 0.0109375