0 0.45078125 0.2953125 0.01875 0.04375
1 0.7375 0.340625 0.021875 0.0515625
0 0.50078125 0.33359375 0.025 0.059375
0 0.39765625 0.28125 0.0171875 0.0390625
0 0.48203125 0.31171875 0.0203125 0.0484375
0 0.41171875 0.246875 0.009375 0.0234375
0 0.47109375 0.2484375 0.009375 0.021875
1 0.60859375 0.2953125 0.015625 0.0375
1 0.51328125 0.2609375 0.0109375 0.0265625
1 0.81328125 0.38046875 0.0296875 0.06875
0 0.40234375 0.534375 0.0734375 0.1578125
0 0.34609375 0.26015625 0.0140625 0.03125
1 0.53046875 0.278125 0.0140625 0.0328125
0 0.48203125 0.41796875 0.0421875 0.1
0 0.49296875 0.371875 0.03125 0.075
0 0.3609375 0.2484375 0.0109375 0.0265625
1 0.6640625 0.31328125 0.0203125 0.04375
1 0.94921875 0.475 0.0484375 0.103125
1 0.49296875 0.26328125 0.0125 0.028125
0 0.5234375 0.25 0.0109375 0.021875
0 0.54765625 0.2484375 0.009375 0.0203125
1 0.59375 0.26171875 0.0109375 0.0234375
1 0.6265625 0.259375 0.009375 0.0234375
1 0.6515625 0.25625 0.009375 0.0234375
0 0.56640625 0.246875 0.0078125 0.01875
0 0.57265625 0.24453125 0.00625 0.0171875
0 0.56875 0.24140625 0.00625 0.0171875
0 0.559375 0.23828125 0.00625 0.0140625
0 0.58203125 0.23671875 0.00625 0.0140625
0 0.60859375 0.2375 0.00625 0.0125
1 0.6375 0.24765625 0.0078125 0.0171875
1 0.6296875 0.24453125 0.0078125 0.0171875
1 0.6375 0.24140625 0.0046875 0.0140625
0 0.64609375 0.23984375 0.0046875 0.0125
1 0.6546875 0.2421875 0.00625 0.0140625
1 0.6796875 0.24375 0.00625 0.0140625
0 0.690625 0.2421875 0.0046875 0.0109375
1 0.7078125 0.24609375 0.00625 0.0140625
1 0.74140625 0.24921875 0.00625 0.0140625
0 0.73828125 0.246875 0.00625 0.0140625
0 0.7890625 0.253125 0.00625 0.0125
1 0.78515625 0.2546875 0.00625 0.0140625
1 0.81171875 0.2578125 0.00625 0.0140625
1 0.8484375 0.2640625 0.00625 0.015625
0 0.83828125 0.25859375 0.00625 0.0140625
0 0.8875 0.26640625 0.00625 0.0140625
1 0.88359375 0.2703125 0.0078125 0.0171875
1 0.91328125 0.27578125 0.0078125 0.0171875
0 0.93125 0.2734375 0.00625 0.0140625
0 0.96015625 0.27890625 0.0078125 0.0171875
1 0.95390625 0.2828125 0.009375 0.01875
0 0.98828125 0.28359375 0.0078125 0.0171875