0 0.38046875 0.45703125 0.01875 0.0390625
0 0.29140625 0.578125 0.046875 0.0890625
0 0.396875 0.43671875 0.015625 0.03125
0 0.35390625 0.49375 0.0265625 0.05625
0 0.409375 0.42421875 0.0125 0.0265625
0 0.421875 0.4078125 0.009375 0.0203125
0 0.41640625 0.415625 0.0109375 0.021875
1 0.5984375 0.440625 0.0203125 0.0421875
1 0.6515625 0.4703125 0.028125 0.05625
1 0.7640625 0.534375 0.0484375 0.0890625
1 0.5671875 0.42421875 0.0171875 0.0328125
1 0.55 0.4140625 0.0125 0.0265625
1 0.5265625 0.40234375 0.0109375 0.01875
1 0.53671875 0.40703125 0.0109375 0.021875