0 0.4234375 0.4296875 0.01875 0.0359375
0 0.36328125 0.5078125 0.0375 0.0703125
0 0.44375 0.403125 0.0125 0.025
0 0.45390625 0.3875 0.0078125 0.01875
0 0.459375 0.3796875 0.00625 0.015625
0 0.4640625 0.3734375 0.0046875 0.0140625
0 0.4671875 0.36875 0.0046875 0.0140625
1 0.71875 0.46640625 0.0390625 0.06875
1 0.56875 0.3890625 0.0125 0.025
1 0.60859375 0.409375 0.0171875 0.0359375
1 0.5484375 0.37890625 0.0109375 0.0203125
1 0.5359375 0.371875 0.0078125 0.015625
1 0.5265625 0.3671875 0.00625 0.0140625
1 0.521875 0.36484375 0.0046875 0.009375
1 0.5171875 0.36328125 0.0046875 0.0109375