0 0.39453125 0.50625 0.0421875 0.06875
0 0.403125 0.384375 0.0109375 0.0203125
0 0.61015625 0.37734375 0.0203125 0.0328125
0 0.75234375 0.32421875 0.0171875 0.028125
0 0.6953125 0.3453125 0.0171875 0.0296875
0 0.765625 0.309375 0.0125 0.021875
0 0.14609375 0.44375 0.0125 0.021875
0 0.13515625 0.6765625 0.0875 0.128125
0 0.50390625 0.42890625 0.0265625 0.04375
0 0.50703125 0.35859375 0.0109375 0.021875
0 0.2765625 0.415625 0.0125 0.021875
0 0.60859375 0.334375 0.0109375 0.0203125
0 0.684375 0.31875 0.0109375 0.0203125
1 0.7796875 0.38359375 0.03125 0.05
1 0.80859375 0.43671875 0.05 0.078125
1 0.30703125 0.396875 0.0109375 0.0203125
1 0.82734375 0.28671875 0.0140625 0.021875
1 0.875 0.33203125 0.021875 0.0390625
1 0.6515625 0.315625 0.0109375 0.01875
1 0.4125 0.37109375 0.0125 0.0203125
1 0.20703125 0.41875 0.0140625 0.021875
1 0.57109375 0.33359375 0.0109375 0.0203125
1 0.7421875 0.2984375 0.0109375 0.021875
1 0.5 0.35 0.0109375 0.0203125
1 0.10625 0.43984375 0.0109375 0.0203125