1 0.90234375 0.42109375 0.015625 0.053125
0 0.68671875 0.4171875 0.0140625 0.053125
0 0.49296875 0.56015625 0.034375 0.11875
1 0.7984375 0.390625 0.0109375 0.040625
1 0.71875 0.375 0.009375 0.0296875
0 0.6421875 0.459375 0.021875 0.0703125
0 0.63046875 0.39140625 0.0109375 0.0390625
0 0.58828125 0.37578125 0.0078125 0.0328125
0 0.559375 0.3625 0.0078125 0.025
0 0.57734375 0.3546875 0.00625 0.021875
1 0.671875 0.3625 0.0078125 0.0296875
1 0.68828125 0.35703125 0.00625 0.021875
1 0.70390625 0.3515625 0.00625 0.0203125
1 0.7109375 0.3453125 0.00625 0.01875
1 0.93046875 0.36484375 0.00625 0.025
1 0.87890625 0.3546875 0.00625 0.021875
1 0.84296875 0.3484375 0.00625 0.01875
1 0.81640625 0.34375 0.0046875 0.015625
1 0.7953125 0.33984375 0.0046875 0.0140625
1 0.778125 0.334375 0.0046875 0.015625
1 0.7609375 0.33203125 0.003125 0.0125
1 0.68515625 0.34140625 0.0046875 0.015625
1 0.66015625 0.3390625 0.0046875 0.0140625
1 0.64375 0.33515625 0.003125 0.0125
1 0.6546875 0.3328125 0.003125 0.0109375
1 0.66796875 0.32734375 0.003125 0.0109375
1 0.6625 0.3296875 0.003125 0.0109375
1 0.6390625 0.32421875 0.003125 0.0109375
1 0.746875 0.32890625 0.003125 0.0109375
1 0.62890625 0.3234375 0.003125 0.0078125
1 0.64453125 0.321875 0.003125 0.0078125
1 0.653125 0.32578125 0.003125 0.0109375
0 0.63203125 0.3453125 0.00625 0.0171875
0 0.61015625 0.3515625 0.0046875 0.015625
0 0.61171875 0.3421875 0.00625 0.015625
0 0.5921875 0.33828125 0.0046875 0.0125
0 0.58046875 0.334375 0.003125 0.0140625
0 0.609375 0.33125 0.003125 0.0109375
0 0.6234375 0.32734375 0.0046875 0.0109375
0 0.9234375 0.35 0.0046875 0.01875
0 0.88515625 0.34375 0.00625 0.0171875
0 0.85625 0.33984375 0.0046875 0.0140625
0 0.83203125 0.3359375 0.0046875 0.0140625
1 0.73671875 0.3265625 0.003125 0.0109375
1 0.72890625 0.32578125 0.003125 0.0109375
1 0.721875 0.3234375 0.003125 0.0109375
1 0.7140625 0.321875 0.003125 0.009375