1 0.303125 0.42578125 0.0515625 0.115625
1 0.18671875 0.1890625 0.009375 0.025
1 0.21328125 0.23671875 0.0171875 0.040625
1 0.23359375 0.290625 0.0265625 0.0625
1 0.19609375 0.20703125 0.0140625 0.0328125
1 0.18046875 0.1765625 0.009375 0.0203125
0 0.1125 0.14140625 0.0078125 0.0171875
1 0.17421875 0.1609375 0.00625 0.0171875
1 0.17578125 0.16875 0.0078125 0.01875
0 0.11796875 0.1375 0.00625 0.0171875
1 0.33671875 0.20390625 0.00625 0.0171875
1 0.340625 0.20234375 0.00625 0.01875
1 0.17109375 0.1546875 0.0046875 0.0125
1 0.16796875 0.1515625 0.0046875 0.0125