0 0.23203125 0.43046875 0.040625 0.078125
1 0.55625 0.384375 0.03125 0.0640625
1 0.6515625 0.35703125 0.0265625 0.0546875
0 0.46484375 0.3234375 0.015625 0.0359375
1 0.89140625 0.33671875 0.025 0.046875
1 0.825 0.2875 0.0109375 0.0234375
0 0.7609375 0.31484375 0.015625 0.0359375
1 0.88984375 0.296875 0.0140625 0.0296875
0 0.64296875 0.28515625 0.009375 0.0203125
0 0.79609375 0.30625 0.0140625 0.03125
0 0.5859375 0.3265625 0.0171875 0.0375
0 0.70625 0.2875 0.0078125 0.0203125
1 0.29375 0.31484375 0.0125 0.025
1 0.66171875 0.28046875 0.009375 0.0203125
0 0.40234375 0.31875 0.0140625 0.0296875
0 0.7890625 0.296875 0.0109375 0.025
0 0.42890625 0.29609375 0.009375 0.021875
1 0.30390625 0.32890625 0.015625 0.0359375
0 0.47421875 0.290625 0.009375 0.0203125
1 0.48359375 0.446875 0.0453125 0.09375
1 0.5109375 0.2828125 0.0078125 0.0171875
1 0.44140625 0.2890625 0.009375 0.01875
1 0.384375 0.34140625 0.015625 0.0390625
0 0.38359375 0.31171875 0.0109375 0.025
1 0.76015625 0.3421875 0.021875 0.046875
0 0.75546875 0.290625 0.0109375 0.025
0 0.52734375 0.2875 0.009375 0.01875
0 0.3859375 0.36875 0.0234375 0.0515625
0 0.68125 0.32265625 0.015625 0.0359375
1 0.7484375 0.28125 0.009375 0.021875
1 0.32578125 0.30390625 0.0109375 0.0234375
1 0.490625 0.59765625 0.075 0.159375
0 0.3953125 0.30234375 0.009375 0.0234375
1 0.378125 0.29453125 0.0078125 0.01875