1 0.78671875 0.59921875 0.0328125 0.109375
0 0.90859375 0.47890625 0.0140625 0.04375
0 0.35 0.4140625 0.015625 0.05
0 0.39296875 0.475 0.021875 0.078125
0 0.8 0.45078125 0.0109375 0.0375
1 0.62578125 0.490625 0.01875 0.0671875
1 0.80859375 0.4890625 0.015625 0.053125
0 0.37890625 0.37578125 0.0078125 0.0296875
0 0.36796875 0.61484375 0.0421875 0.14375
1 0.6015625 0.39296875 0.0046875 0.021875
1 0.78515625 0.39765625 0.0046875 0.0171875
1 0.72734375 0.40078125 0.00625 0.0203125
1 0.5109375 0.4015625 0.0078125 0.0328125
1 0.64765625 0.425 0.009375 0.0359375
0 0.50546875 0.36875 0.00625 0.0234375
0 0.33046875 0.38203125 0.0109375 0.0359375
0 0.45078125 0.36953125 0.0078125 0.025
1 0.63125 0.409375 0.0078125 0.028125
1 0.66875 0.39765625 0.00625 0.021875
1 0.6890625 0.4109375 0.0078125 0.025
1 0.890625 0.425 0.0046875 0.01875
0 0.58203125 0.37578125 0.0046875 0.01875
0 0.6515625 0.38203125 0.0046875 0.0203125
1 0.4953125 0.4140625 0.0109375 0.040625
0 0.91640625 0.44140625 0.0078125 0.025
0 0.775 0.43203125 0.009375 0.0296875
1 0.7671875 0.4 0.0046875 0.0203125
1 0.54140625 0.39453125 0.0078125 0.028125
1 0.74765625 0.41484375 0.00625 0.0234375
1 0.85234375 0.42109375 0.0046875 0.0203125
1 0.86953125 0.40390625 0.003125 0.0140625
1 0.80078125 0.41796875 0.00625 0.025
0 0.84296875 0.39609375 0.0046875 0.0140625
1 0.82421875 0.396875 0.0046875 0.0140625
1 0.91875 0.415625 0.0046875 0.0171875
0 0.7234375 0.3859375 0.0046875 0.0140625
1 0.8015625 0.396875 0.003125 0.0125
1 0.92421875 0.42734375 0.00625 0.0203125
1 0.55703125 0.44765625 0.015625 0.0515625
1 0.7046875 0.45078125 0.0140625 0.04375
0 0.884375 0.40390625 0.003125 0.0109375
0 0.85625 0.43828125 0.0078125 0.0296875
0 0.6921875 0.38515625 0.00625 0.0171875
0 0.7625 0.384375 0.0046875 0.0140625
0 0.73828125 0.38515625 0.0046875 0.015625
1 0.95234375 0.425 0.0046875 0.0171875
0 0.8921875 0.38984375 0.003125 0.0125
0 0.88515625 0.3890625 0.003125 0.0109375
0 0.92734375 0.41171875 0.0046875 0.0140625
1 0.78203125 0.371875 0.0015625 0.00625