0 0.15234375 0.34609375 0.0203125 0.05
0 0.26796875 0.31640625 0.015625 0.0390625
0 0.91796875 0.29765625 0.0140625 0.034375
0 0.76875 0.28828125 0.0125 0.03125
1 0.296875 0.353125 0.021875 0.05625
1 0.45390625 0.31015625 0.015625 0.040625
1 0.25703125 0.4 0.028125 0.0765625
1 0.36875 0.32578125 0.0171875 0.046875
1 0.55 0.3015625 0.0140625 0.0359375
0 0.3859375 0.2984375 0.0125 0.03125
0 0.6375 0.2859375 0.0109375 0.028125
1 0.76328125 0.30078125 0.0140625 0.0375
1 0.88046875 0.3109375 0.0171875 0.040625
0 0.509375 0.2890625 0.0109375 0.0296875
1 0.3046875 0.48828125 0.05 0.1171875
1 0.6546875 0.29921875 0.0125 0.034375
1 0.60078125 0.646875 0.0828125 0.2015625