0 0.11328125 0.7875 0.0640625 0.19375
0 0.378125 0.52265625 0.0390625 0.0796875
0 0.40625 0.453125 0.021875 0.0484375
0 0.3890625 0.428125 0.015625 0.0359375
0 0.33046875 0.41484375 0.0125 0.0296875
0 0.26796875 0.4078125 0.0125 0.0265625
0 0.22109375 0.40625 0.0125 0.025
0 0.1640625 0.4078125 0.0109375 0.0265625
0 0.69765625 0.3890625 0.0046875 0.015625
1 0.259375 0.3953125 0.009375 0.021875
1 0.1328125 0.40078125 0.0109375 0.025
1 0.81484375 0.49453125 0.0421875 0.075
1 0.68359375 0.4375 0.0234375 0.0453125
1 0.56171875 0.41328125 0.0140625 0.03125
1 0.46640625 0.40078125 0.0125 0.0265625
1 0.396875 0.39609375 0.0125 0.025
1 0.346875 0.39296875 0.009375 0.0203125
1 0.69375 0.38828125 0.00625 0.015625