0 0.46953125 0.3578125 0.0265625 0.0703125
0 0.51171875 0.2921875 0.0171875 0.0484375
0 0.58359375 0.2484375 0.0140625 0.0375
1 0.87421875 0.17421875 0.015625 0.0390625
1 0.7515625 0.22421875 0.0171875 0.0453125
0 0.77265625 0.18203125 0.0109375 0.0296875
1 0.75703125 0.28046875 0.028125 0.06875
0 0.8875 0.1515625 0.0109375 0.0296875
0 0.6765625 0.2125 0.0109375 0.03125
0 0.4703125 0.50390625 0.05 0.1375
1 0.79765625 0.19921875 0.0140625 0.040625
1 0.728125 0.25078125 0.0203125 0.0546875
0 0.40390625 0.7453125 0.096875 0.2421875