0 0.56015625 0.24921875 0.021875 0.0453125
0 0.60390625 0.2515625 0.025 0.053125
0 0.50859375 0.253125 0.01875 0.0421875
0 0.46171875 0.265625 0.0171875 0.0375
0 0.6046875 0.396875 0.0515625 0.1109375
0 0.35625 0.2953125 0.0140625 0.03125
0 0.79921875 0.09375 0.009375 0.0203125
1 0.79296875 0.17109375 0.025 0.0515625
0 0.65625 0.309375 0.0421875 0.0859375
0 0.30078125 0.30859375 0.0125 0.025
1 0.70546875 0.13515625 0.0109375 0.021875
0 0.64140625 0.26875 0.0328125 0.0671875
0 0.84375 0.07734375 0.0109375 0.021875
1 0.69140625 0.184375 0.01875 0.040625
1 0.7640625 0.1140625 0.0125 0.025
0 0.33203125 0.27578125 0.009375 0.0203125
1 0.6109375 0.2 0.0171875 0.034375
1 0.625 0.16015625 0.0109375 0.0203125
1 0.4 0.2609375 0.0125 0.025
1 0.40390625 0.2484375 0.0109375 0.021875
1 0.53046875 0.22109375 0.015625 0.03125
1 0.42890625 0.2359375 0.009375 0.0203125
0 0.71640625 0.1234375 0.009375 0.0203125
0 0.6453125 0.146875 0.009375 0.0203125
0 0.4484375 0.221875 0.009375 0.01875
1 0.525 0.196875 0.009375 0.0203125
1 0.840625 0.0875 0.0125 0.025
0 0.3859375 0.24921875 0.009375 0.0203125
1 0.43046875 0.253125 0.0140625 0.0296875
1 0.47109375 0.2171875 0.0109375 0.021875
0 0.23046875 0.875 0.0578125 0.1140625
0 0.29921875 0.29765625 0.0109375 0.025
0 0.75 0.1109375 0.009375 0.021875
0 0.51171875 0.19609375 0.009375 0.01875
0 0.57734375 0.1703125 0.0078125 0.01875
1 0.390625 0.25859375 0.0109375 0.0234375
1 0.57734375 0.1765625 0.0109375 0.0203125