0 0.153125 0.478125 0.01875 0.03125
0 0.08359375 0.453125 0.009375 0.0171875
0 0.2609375 0.440625 0.0171875 0.0296875
0 0.34765625 0.415625 0.0140625 0.0234375
0 0.29296875 0.40390625 0.0078125 0.0140625
0 0.346875 0.39140625 0.0078125 0.015625
0 0.371875 0.38671875 0.009375 0.015625
0 0.390625 0.384375 0.0078125 0.0140625
0 0.3984375 0.3953125 0.009375 0.0203125
0 0.41875 0.3859375 0.009375 0.0171875
0 0.41015625 0.38359375 0.0078125 0.015625
0 0.8828125 0.30234375 0.0140625 0.0140625
0 0.79921875 0.3125 0.009375 0.0109375
0 0.7109375 0.321875 0.00625 0.0140625
0 0.64921875 0.32890625 0.00625 0.0109375
1 0.66953125 0.534375 0.0625 0.1109375
1 0.334375 0.53515625 0.046875 0.0796875
1 0.165625 0.521875 0.0359375 0.0578125
1 0.22734375 0.48359375 0.028125 0.0453125
1 0.11953125 0.44140625 0.0109375 0.01875
1 0.31796875 0.44921875 0.0234375 0.0390625
1 0.3390625 0.390625 0.009375 0.015625
1 0.40625 0.4171875 0.01875 0.0328125
1 0.4515625 0.36640625 0.0078125 0.0140625
1 0.47109375 0.36484375 0.009375 0.015625
1 0.4796875 0.3875 0.015625 0.0265625
1 0.49140625 0.36328125 0.009375 0.0171875
1 0.51796875 0.371875 0.0125 0.021875
1 0.51484375 0.3640625 0.0078125 0.01875
1 0.725 0.31875 0.0078125 0.0140625
1 0.73984375 0.31484375 0.00625 0.0140625
1 0.74921875 0.3125 0.0078125 0.0125
1 0.76171875 0.3078125 0.00625 0.0109375
1 0.77109375 0.30390625 0.00625 0.0109375
1 0.6671875 0.32421875 0.00625 0.0125
1 0.68671875 0.3203125 0.00625 0.0125
1 0.70390625 0.31484375 0.00625 0.0109375