0 0.1703125 0.2609375 0.00859375 0.03671875
1 0.6921875 0.3234375 0.00703125 0.0296875
1 0.6015625 0.50234375 0.02578125 0.11484375
1 0.34609375 0.278125 0.0078125 0.03671875
1 0.51171875 0.29140625 0.00625 0.028125
0 0.378125 0.26484375 0.00546875 0.02578125
0 0.8296875 0.3453125 0.00703125 0.0296875
1 0.425 0.28125 0.00703125 0.0328125
1 0.871875 0.37421875 0.009375 0.03828125
0 0.48984375 0.278125 0.00546875 0.02421875
1 0.32890625 0.41328125 0.02109375 0.09375
1 0.7796875 0.3453125 0.00703125 0.0328125
1 0.9140625 0.5390625 0.0265625 0.10625
0 0.271875 0.26015625 0.00625 0.03046875
0 0.7140625 0.31640625 0.00625 0.02578125
1 0.22578125 0.34375 0.01484375 0.06953125
1 0.2765625 0.284375 0.009375 0.0421875
0 0.60234375 0.29375 0.003125 0.0203125
1 0.6015625 0.30546875 0.00390625 0.02578125
1 0.2296875 0.30234375 0.0078125 0.05625
0 0.72890625 0.828125 0.01875 0.0390625