1 0.70625 0.30625 0.028125 0.0765625
0 0.40703125 0.3953125 0.0265625 0.08125
1 0.6109375 0.28515625 0.021875 0.059375
0 0.359375 0.340625 0.0203125 0.0546875
0 0.2984375 0.328125 0.015625 0.040625
0 0.22734375 0.3203125 0.0109375 0.0296875
0 0.325 0.33203125 0.0171875 0.0484375
0 0.3734375 0.6 0.0625 0.1703125
1 0.47734375 0.278125 0.0140625 0.040625
1 0.4375 0.2796875 0.0140625 0.0375
0 0.40546875 0.45625 0.0390625 0.1109375
0 0.88828125 0.1390625 0.0078125 0.0203125
1 0.61796875 0.2015625 0.0078125 0.0203125
0 0.81484375 0.15625 0.009375 0.021875
0 0.38359375 0.359375 0.0234375 0.065625
1 0.78203125 0.16953125 0.009375 0.0234375
0 0.7734375 0.1640625 0.0078125 0.0203125
1 0.39453125 0.28046875 0.0125 0.034375
0 0.26640625 0.32421875 0.0125 0.0375
0 0.25078125 0.29453125 0.0078125 0.021875
0 0.8546875 0.146875 0.00625 0.0203125
0 0.49375 0.221875 0.0078125 0.01875
0 0.22109375 0.3109375 0.009375 0.0265625
1 0.540625 0.27734375 0.0171875 0.046875
1 0.54296875 0.21640625 0.0078125 0.021875
1 0.4390625 0.23984375 0.00625 0.01875
1 0.48046875 0.23046875 0.0078125 0.0203125
0 0.56015625 0.20703125 0.0078125 0.0171875
0 0.90703125 0.13359375 0.00625 0.0203125
1 0.39375 0.2515625 0.00625 0.0203125
1 0.84921875 0.15703125 0.009375 0.0234375
0 0.8984375 0.128125 0.00625 0.015625
0 0.425 0.2390625 0.00625 0.0171875
1 0.33515625 0.27421875 0.00625 0.021875
1 0.91328125 0.1421875 0.0078125 0.0234375
1 0.35625 0.26484375 0.0078125 0.021875
0 0.3 0.275 0.0078125 0.0203125
0 0.62734375 0.19296875 0.0078125 0.0203125
0 0.6921875 0.18046875 0.00625 0.0203125
1 0.68828125 0.1875 0.009375 0.0265625
1 0.34140625 0.2828125 0.0125 0.03125
0 0.3578125 0.25625 0.00625 0.0203125
1 0.821875 0.3484375 0.040625 0.109375
0 0.9 0.125 0.00625 0.0171875