0 0.58046875 0.2625 0.0078125 0.025
0 0.55234375 0.26484375 0.009375 0.025
0 0.43984375 0.265625 0.0109375 0.028125
1 0.24609375 0.27421875 0.0125 0.034375
1 0.16171875 0.27421875 0.0125 0.034375
1 0.10390625 0.4359375 0.0375 0.103125
0 0.05234375 0.26328125 0.0125 0.03125
1 0.56875 0.28359375 0.0125 0.034375
0 0.61328125 0.26015625 0.0078125 0.025
0 0.3921875 0.26484375 0.0109375 0.028125
1 0.7265625 0.2640625 0.0078125 0.0234375
1 0.6953125 0.275 0.009375 0.028125
1 0.6453125 0.28125 0.0109375 0.03125
1 0.46796875 0.28515625 0.0125 0.0359375
0 0.28671875 0.2609375 0.0109375 0.028125
0 0.8734375 0.25234375 0.0046875 0.0140625
0 0.86015625 0.253125 0.0046875 0.0140625
1 0.721875 0.27265625 0.009375 0.025
1 0.34375 0.546875 0.0625 0.15625
1 0.7359375 0.2546875 0.00625 0.0171875
0 0.78125 0.253125 0.0046875 0.015625
0 0.69140625 0.24765625 0.0046875 0.0171875
0 0.83671875 0.2546875 0.0046875 0.015625
1 0.37890625 0.28203125 0.0125 0.0359375
0 0.9140625 0.25390625 0.0046875 0.0140625
1 0.7125 0.25390625 0.00625 0.0171875
0 0.1765625 0.25859375 0.0109375 0.028125
1 0.90546875 0.2625 0.00625 0.0171875
1 0.70859375 0.2578125 0.0078125 0.0203125
0 0.65390625 0.2453125 0.00625 0.0171875
0 0.85390625 0.25390625 0.0046875 0.0140625
1 0.0546875 0.27890625 0.015625 0.0328125
0 0.503125 0.265625 0.009375 0.028125
1 0.81015625 0.259375 0.00625 0.0171875
0 0.8078125 0.2546875 0.0046875 0.015625
1 0.85390625 0.2609375 0.0046875 0.0171875
0 0.625 0.25 0.00625 0.0234375
0 0.628125 0.25859375 0.0078125 0.0203125
0 0.63203125 0.25625 0.0078125 0.0203125