1 0.18125 0.36484375 0.034375 0.096875
0 0.8984375 0.3828125 0.0109375 0.028125
0 0.81484375 0.36328125 0.009375 0.0265625
0 0.61953125 0.31640625 0.0078125 0.0265625
1 0.2828125 0.23359375 0.0078125 0.0265625
1 0.953125 0.4109375 0.0125 0.034375
0 0.34453125 0.24453125 0.0078125 0.0234375
0 0.2 0.2 0.0078125 0.0203125
1 0.83203125 0.38359375 0.0125 0.0328125
0 0.7109375 0.3390625 0.009375 0.025
1 0.72890625 0.36015625 0.0109375 0.0328125
1 0.0921875 0.178125 0.0078125 0.025
0 0.45859375 0.275 0.0078125 0.025
1 0.16171875 0.1984375 0.0078125 0.025
1 0.42890625 0.275 0.0109375 0.028125
0 0.11875 0.17421875 0.0078125 0.0203125
0 0.2765625 0.2234375 0.0078125 0.0234375
1 0.48828125 0.7203125 0.078125 0.21875
0 0.403125 0.2609375 0.0078125 0.0234375
1 0.353125 0.25234375 0.009375 0.028125
1 0.50078125 0.2953125 0.009375 0.03125
1 0.61328125 0.3296875 0.0109375 0.0296875
1 0.21953125 0.215625 0.0078125 0.025