0 0.08515625 0.29140625 0.0140625 0.0421875
1 0.13671875 0.4203125 0.03125 0.096875
0 0.509375 0.2859375 0.009375 0.03125
1 0.3015625 0.30625 0.0140625 0.0453125
0 0.24296875 0.28046875 0.0125 0.0359375
0 0.38125 0.28046875 0.0109375 0.0328125
1 0.22578125 0.3140625 0.0171875 0.05
0 0.63984375 0.29453125 0.009375 0.03125
1 0.759375 0.33203125 0.0140625 0.0453125
1 0.53046875 0.309375 0.0140625 0.0421875
1 0.40625 0.3046875 0.0125 0.040625
1 0.6484375 0.3171875 0.0125 0.0421875
1 0.4875 0.5828125 0.053125 0.16875
1 0.14375 0.334375 0.0203125 0.0609375
1 0.0984375 0.37421875 0.0265625 0.0796875
0 0.77734375 0.3109375 0.0125 0.0359375
0 0.9390625 0.33984375 0.00625 0.028125