0 0.3453125 0.334375 0.0140625 0.0375
0 0.25625 0.36484375 0.01875 0.05
0 0.41328125 0.31640625 0.0109375 0.0296875
1 0.5078125 0.3890625 0.025 0.065625
0 0.1234375 0.4140625 0.028125 0.06875
1 0.50859375 0.54453125 0.0546875 0.140625
0 0.51328125 0.2921875 0.0078125 0.0234375
1 0.53984375 0.3421875 0.0171875 0.0453125
1 0.59375 0.29921875 0.009375 0.0265625
0 0.621875 0.28203125 0.00625 0.0171875
1 0.68125 0.28828125 0.0078125 0.0203125
1 0.628125 0.29140625 0.009375 0.0234375
1 0.421875 0.23359375 0.0046875 0.0109375
0 0.56796875 0.2859375 0.0078125 0.021875
0 0.67421875 0.24140625 0.0046875 0.0109375
1 0.35234375 0.23671875 0.0046875 0.0125
1 0.9 0.25 0.00625 0.0140625
1 0.85703125 0.2828125 0.0078125 0.01875
0 0.69296875 0.28046875 0.00625 0.0171875
0 0.7609375 0.278125 0.00625 0.01875
0 0.740625 0.24765625 0.0046875 0.0125
0 0.38125 0.24140625 0.0046875 0.0140625
1 0.571875 0.31328125 0.0125 0.034375
0 0.815625 0.27421875 0.00625 0.0171875
1 0.39140625 0.2359375 0.0046875 0.0125
0 0.78984375 0.24921875 0.0046875 0.0140625
1 0.63046875 0.23515625 0.003125 0.009375
0 0.840625 0.2515625 0.0046875 0.0140625
1 0.76484375 0.28671875 0.0078125 0.0203125
0 0.45859375 0.2375 0.003125 0.0109375
0 0.24921875 0.2390625 0.0046875 0.0109375
1 0.7671875 0.2328125 0.003125 0.009375
1 0.31171875 0.23515625 0.0046875 0.0125
1 0.67734375 0.2359375 0.0046875 0.0109375
0 0.22421875 0.2375 0.0046875 0.0109375
0 0.61171875 0.23671875 0.0046875 0.0109375
0 0.8515625 0.2671875 0.00625 0.0171875
0 0.85703125 0.25859375 0.00625 0.0140625
1 0.73359375 0.2421875 0.0046875 0.0109375
1 0.78046875 0.24453125 0.0046875 0.0109375
1 0.84921875 0.2484375 0.0046875 0.0125
0 0.6484375 0.2375 0.0046875 0.0109375
1 0.28203125 0.2359375 0.003125 0.0109375
1 0.26953125 0.2375 0.003125 0.0078125
0 0.46484375 0.30234375 0.009375 0.025
0 0.3265625 0.24375 0.0046875 0.0125
1 0.5828125 0.23203125 0.003125 0.009375
0 0.52265625 0.234375 0.003125 0.009375
1 0.66875 0.23125 0.003125 0.009375
1 0.6953125 0.23203125 0.0046875 0.0109375
0 0.428125 0.23984375 0.0046875 0.0140625
1 0.45234375 0.23203125 0.0046875 0.0109375
0 0.70078125 0.24375 0.0046875 0.0125
0 0.55 0.23515625 0.003125 0.009375
0 0.490625 0.2359375 0.003125 0.009375
1 0.48125 0.2296875 0.003125 0.009375
1 0.32265625 0.2328125 0.003125 0.0078125
0 0.58046875 0.23515625 0.003125 0.0109375
1 0.5359375 0.23203125 0.003125 0.0109375
1 0.603125 0.23125 0.003125 0.009375