1 0.15390625 0.3859375 0.0109375 0.04140625
1 0.30078125 0.4828125 0.025 0.08671875
1 0.54296875 0.6109375 0.021875 0.128125
1 0.18046875 0.4046875 0.01328125 0.04921875
1 0.228125 0.434375 0.01875 0.0640625
1 0.13203125 0.37265625 0.009375 0.03515625
1 0.0921875 0.3484375 0.00546875 0.02265625
1 0.10234375 0.3546875 0.0078125 0.02734375
1 0.07734375 0.33984375 0.0046875 0.01953125
1 0.1140625 0.3625 0.0078125 0.0296875
1 0.0640625 0.3375 0.00390625 0.01875
1 0.08359375 0.34375 0.0046875 0.0203125