0 0.2046875 0.29765625 0.0328125 0.071875
0 0.346875 0.30234375 0.0234375 0.053125
0 0.4453125 0.31015625 0.01875 0.040625
0 0.7671875 0.3890625 0.009375 0.025
0 0.634375 0.35390625 0.0125 0.0296875
0 0.825 0.40546875 0.0109375 0.0234375
0 0.546875 0.33359375 0.015625 0.0359375
1 0.83515625 0.43125 0.0140625 0.03125
1 0.66875 0.4109375 0.01875 0.0484375
1 0.415625 0.5453125 0.065625 0.146875
1 0.5328125 0.41328125 0.03125 0.0703125
1 0.76015625 0.42109375 0.015625 0.0375
0 0.70625 0.37421875 0.0109375 0.028125
1 0.88671875 0.440625 0.0125 0.0265625
0 0.89296875 0.43046875 0.0078125 0.0203125
1 0.94375 0.459375 0.0109375 0.025
0 0.96328125 0.45859375 0.0109375 0.021875
0 0.7140625 0.30546875 0.0046875 0.0125
0 0.7171875 0.29296875 0.003125 0.009375
1 0.70859375 0.29453125 0.0046875 0.0140625
1 0.7015625 0.290625 0.003125 0.0109375
1 0.684375 0.2859375 0.0046875 0.0109375
1 0.678125 0.28359375 0.003125 0.0109375
0 0.67890625 0.28984375 0.0046875 0.0140625
1 0.665625 0.2796875 0.003125 0.0109375
0 0.653125 0.27578125 0.0046875 0.0140625
0 0.634375 0.26796875 0.0046875 0.0109375
1 0.7421875 0.3109375 0.0046875 0.0140625
0 0.76328125 0.32578125 0.0046875 0.0140625
0 0.77265625 0.31328125 0.003125 0.0109375
1 0.778125 0.325 0.0046875 0.0140625
0 0.81015625 0.3421875 0.0046875 0.0140625
0 0.88125 0.365625 0.0046875 0.0140625
1 0.8875 0.365625 0.0046875 0.0125
0 0.84375 0.353125 0.0046875 0.0125
0 0.91796875 0.38046875 0.0046875 0.0125
1 0.9109375 0.371875 0.0046875 0.0109375
1 0.93984375 0.384375 0.0046875 0.0140625
1 0.1703125 0.1140625 0.0046875 0.0140625
1 0.146875 0.096875 0.0046875 0.0109375