1 0.75546875 0.61015625 0.046875 0.1453125
1 0.45546875 0.40703125 0.0109375 0.0421875
0 0.24921875 0.43671875 0.0140625 0.0546875
0 0.2203125 0.51953125 0.028125 0.0953125
1 0.6859375 0.41796875 0.0140625 0.0453125
0 0.8734375 0.41640625 0.0140625 0.046875
1 0.475 0.38828125 0.009375 0.034375
1 0.5234375 0.37734375 0.0078125 0.03125
0 0.9359375 0.40625 0.0125 0.0390625
1 0.91328125 0.3875 0.0078125 0.03125
0 0.28515625 0.76640625 0.05625 0.178125
1 0.575 0.37265625 0.00625 0.0265625
0 0.56796875 0.3609375 0.00625 0.021875
0 0.50546875 0.3640625 0.0046875 0.021875
1 0.88359375 0.3921875 0.009375 0.03125
0 0.4328125 0.36953125 0.0078125 0.025
0 0.64765625 0.36328125 0.00625 0.0203125
1 0.77265625 0.3875 0.009375 0.0359375
0 0.85078125 0.37890625 0.00625 0.025
1 0.771875 0.45078125 0.0203125 0.0609375
1 0.80625 0.38046875 0.00625 0.03125
1 0.62265625 0.36875 0.0078125 0.025
0 0.7421875 0.36953125 0.00625 0.025
1 0.70703125 0.37421875 0.0078125 0.025
1 0.70234375 0.3984375 0.0109375 0.0375
0 0.2875 0.4 0.0109375 0.040625
0 0.35390625 0.37890625 0.009375 0.03125
1 0.46953125 0.43671875 0.015625 0.059375
1 0.546875 0.49375 0.028125 0.0859375
0 0.94296875 0.38671875 0.0078125 0.028125