0 0.190625 0.60546875 0.0328125 0.0484375
0 0.253125 0.5796875 0.021875 0.0328125
0 0.22109375 0.56015625 0.0171875 0.025
0 0.1328125 0.54296875 0.015625 0.021875
0 0.2609375 0.53125 0.00625 0.0109375
0 0.2671875 0.53203125 0.0046875 0.009375
0 0.271875 0.53203125 0.0046875 0.0078125
0 0.27734375 0.53125 0.0046875 0.0078125
0 0.2796875 0.53046875 0.003125 0.0078125
1 0.72109375 0.79296875 0.0890625 0.115625
1 0.5109375 0.6328125 0.0328125 0.0453125
1 0.484375 0.59921875 0.0203125 0.03125
1 0.40703125 0.57265625 0.015625 0.021875
1 0.35 0.559375 0.015625 0.0203125
1 0.26328125 0.5484375 0.0125 0.01875
1 0.14921875 0.53515625 0.0125 0.01875
1 0.190625 0.525 0.00625 0.0109375
1 0.2015625 0.52421875 0.00625 0.009375
1 0.2109375 0.52421875 0.0046875 0.0078125
1 0.21953125 0.5234375 0.0046875 0.0078125
1 0.18046875 0.52109375 0.00625 0.0109375
1 0.171875 0.5140625 0.0078125 0.0109375