0 0.89765625 0.228125 0.0296875 0.06875
0 0.53828125 0.55859375 0.0828125 0.18125
0 0.75859375 0.33046875 0.046875 0.1046875
1 0.33203125 0.20078125 0.0046875 0.0109375
0 0.4515625 0.17890625 0.0078125 0.0203125
0 0.2765625 0.21640625 0.0046875 0.0109375
0 0.5765625 0.1421875 0.00625 0.0171875
0 0.52734375 0.1578125 0.0078125 0.0203125
0 0.23828125 0.22578125 0.0046875 0.0109375
1 0.32578125 0.2015625 0.0046875 0.0125
0 0.26484375 0.2203125 0.00625 0.015625
1 0.41640625 0.17890625 0.00625 0.0171875
0 0.365625 0.2015625 0.0078125 0.01875
0 0.25234375 0.2234375 0.0046875 0.009375
1 0.3671875 0.1890625 0.003125 0.0109375
0 0.24296875 0.2234375 0.00625 0.0140625
0 0.43828125 0.16484375 0.003125 0.0109375
0 0.3890625 0.178125 0.003125 0.0109375
1 0.36171875 0.18984375 0.00625 0.015625
1 0.453125 0.1640625 0.0046875 0.009375
1 0.4046875 0.17734375 0.003125 0.0109375
1 0.56875 0.13828125 0.0046875 0.0125
0 0.30703125 0.2140625 0.00625 0.0140625
1 0.475 0.16328125 0.00625 0.0171875
1 0.52265625 0.15 0.0046875 0.015625
0 0.67578125 0.1171875 0.00625 0.0125
0 0.71796875 0.109375 0.0046875 0.0109375
1 0.5 0.1515625 0.0046875 0.009375
0 0.46484375 0.15859375 0.003125 0.009375
0 0.490625 0.1515625 0.003125 0.0078125
0 0.81796875 0.0890625 0.0046875 0.0109375