0 0.30625 0.27578125 0.0296875 0.0625
1 0.484375 0.44921875 0.046875 0.103125
1 0.66015625 0.4 0.0234375 0.0484375
0 0.64140625 0.35546875 0.015625 0.0359375
1 0.7984375 0.40859375 0.0125 0.028125
0 0.6875 0.36328125 0.0140625 0.03125
0 0.57265625 0.3328125 0.01875 0.0390625
1 0.80703125 0.42265625 0.0140625 0.03125
1 0.76796875 0.43203125 0.0203125 0.0453125
1 0.7828125 0.3953125 0.0125 0.0265625
0 0.66796875 0.3625 0.0140625 0.03125
1 0.809375 0.4375 0.0171875 0.0375
1 0.525 0.3921875 0.03125 0.071875
0 0.93828125 0.43984375 0.0078125 0.015625
0 0.909375 0.42421875 0.00625 0.0140625
1 0.76015625 0.378125 0.0109375 0.021875
1 0.59296875 0.38359375 0.0265625 0.05625
1 0.94921875 0.446875 0.0078125 0.0171875
0 0.64296875 0.31953125 0.0078125 0.0203125
1 0.7359375 0.36171875 0.009375 0.0203125
0 0.6078125 0.29765625 0.0078125 0.01875
1 0.625 0.296875 0.00625 0.0171875
0 0.68515625 0.3515625 0.0109375 0.025
0 0.66171875 0.33125 0.0109375 0.021875
0 0.67421875 0.34140625 0.0109375 0.0234375
0 0.44453125 0.2953125 0.021875 0.0453125
1 0.70859375 0.34609375 0.009375 0.0203125
0 0.575 0.2703125 0.00625 0.0140625
0 0.62734375 0.31015625 0.009375 0.0203125
1 0.49375 0.63203125 0.084375 0.1796875
0 0.103125 0.2828125 0.0484375 0.1
1 0.68984375 0.33359375 0.0078125 0.01875
1 0.68515625 0.31875 0.00625 0.0125
1 0.84453125 0.39609375 0.00625 0.0140625
1 0.63515625 0.30390625 0.00625 0.0140625
1 0.8 0.3734375 0.00625 0.0140625
0 0.72109375 0.33359375 0.00625 0.0140625
1 0.6578125 0.30859375 0.00625 0.0140625
1 0.6671875 0.321875 0.00625 0.0171875
0 0.57890625 0.28046875 0.00625 0.0171875
0 0.59921875 0.28046875 0.0046875 0.0125
1 0.71171875 0.33125 0.00625 0.0140625
1 0.75234375 0.35078125 0.00625 0.015625
1 0.9046875 0.425 0.00625 0.015625
0 0.96953125 0.453125 0.00625 0.0140625
0 0.81015625 0.37578125 0.00625 0.0140625
0 0.56484375 0.2703125 0.00625 0.015625
0 0.765625 0.35390625 0.00625 0.0140625
0 0.67578125 0.3125 0.0046875 0.0125
0 0.6328125 0.29375 0.00625 0.0125
0 0.85390625 0.39765625 0.00625 0.0140625
0 0.68828125 0.35703125 0.0125 0.028125
1 0.63671875 0.2984375 0.00625 0.0140625