0 0.8125 0.56484375 0.0296875 0.0703125
0 0.6671875 0.57890625 0.046875 0.0984375
0 0.42265625 0.6234375 0.075 0.1546875
0 0.85859375 0.5015625 0.015625 0.0328125
0 0.5890625 0.46328125 0.025 0.0546875
0 0.79765625 0.50625 0.0203125 0.0453125
1 0.6953125 0.459375 0.01875 0.0375
0 0.853125 0.4859375 0.0125 0.028125
0 0.86484375 0.47734375 0.009375 0.0234375
0 0.79921875 0.459375 0.009375 0.0203125
0 0.36328125 0.38359375 0.0234375 0.0515625
1 0.78984375 0.4390625 0.00625 0.0140625
0 0.725 0.4296875 0.009375 0.01875
1 0.34453125 0.3375 0.0109375 0.025
1 0.709375 0.41796875 0.00625 0.0140625
1 0.66484375 0.4109375 0.0078125 0.0171875
1 0.7546875 0.46171875 0.0140625 0.0328125
0 0.24765625 0.3296875 0.01875 0.0421875
0 0.234375 0.31328125 0.015625 0.03125
1 0.7 0.41953125 0.0078125 0.0171875
0 0.35546875 0.33671875 0.0109375 0.021875
0 0.9359375 0.50625 0.0140625 0.0265625
1 0.45859375 0.3625 0.009375 0.0203125
1 0.52421875 0.41640625 0.01875 0.0421875
1 0.6 0.39375 0.0078125 0.015625
0 0.52265625 0.37578125 0.00625 0.0140625
1 0.38984375 0.34609375 0.0109375 0.0234375
1 0.85390625 0.4625 0.0078125 0.0171875
1 0.73046875 0.440625 0.009375 0.0234375
0 0.90625 0.565625 0.025 0.0546875
0 0.27890625 0.31875 0.009375 0.021875
1 0.65546875 0.4109375 0.0078125 0.0171875
1 0.9328125 0.4875 0.009375 0.0171875
0 0.44453125 0.35859375 0.00625 0.0140625
1 0.67734375 0.4203125 0.0109375 0.0234375
1 0.51015625 0.37421875 0.0078125 0.0171875
0 0.828125 0.459375 0.009375 0.0203125
0 0.48515625 0.365625 0.00625 0.015625
0 0.8 0.44765625 0.0078125 0.0171875
0 0.79765625 0.43984375 0.00625 0.0140625
1 0.33515625 0.34140625 0.015625 0.0328125
1 0.8484375 0.45546875 0.00625 0.0140625
0 0.740625 0.43125 0.0078125 0.015625
1 0.828125 0.4484375 0.00625 0.015625
1 0.9 0.48203125 0.009375 0.021875
0 0.91875 0.47734375 0.00625 0.0140625
1 0.55078125 0.38359375 0.00625 0.0171875
1 0.4 0.371875 0.0171875 0.0390625