1 0.9015625 0.56015625 0.06875 0.146875
0 0.421875 0.53671875 0.04375 0.0875
1 0.74296875 0.3921875 0.0203125 0.0453125
1 0.70390625 0.4625 0.0359375 0.078125
1 0.86875 0.40859375 0.0328125 0.0640625
0 0.390625 0.4484375 0.01875 0.0421875
0 0.39765625 0.41875 0.0125 0.028125
1 0.8234375 0.3234375 0.009375 0.0203125
0 0.36015625 0.434375 0.0140625 0.03125
1 0.74453125 0.32890625 0.0078125 0.0203125
1 0.59375 0.371875 0.009375 0.0203125
1 0.61875 0.3765625 0.0125 0.0265625
1 0.728125 0.346875 0.0109375 0.0234375
1 0.65625 0.3546875 0.009375 0.0203125
0 0.7625 0.36171875 0.015625 0.034375
0 0.440625 0.46953125 0.025 0.0546875
0 0.85546875 0.35625 0.0171875 0.0375
1 0.65546875 0.39375 0.0171875 0.0375
1 0.67265625 0.36015625 0.0109375 0.0234375
1 0.78125 0.3171875 0.00625 0.015625
1 0.521875 0.4015625 0.0125 0.0296875
1 0.8625 0.3140625 0.0078125 0.01875
0 0.640625 0.34765625 0.0078125 0.0171875
1 0.53828125 0.3890625 0.0109375 0.025
0 0.8109375 0.340625 0.0125 0.028125
0 0.50546875 0.378125 0.009375 0.021875
1 0.7796875 0.3328125 0.0109375 0.0265625
1 0.51953125 0.4140625 0.015625 0.0359375
1 0.765625 0.32265625 0.0078125 0.021875
1 0.90625 0.2953125 0.0078125 0.015625
1 0.62890625 0.43125 0.0234375 0.0546875
0 0.5734375 0.3609375 0.0078125 0.0203125
0 0.24765625 0.82109375 0.0875 0.1859375
0 0.85 0.33203125 0.0109375 0.028125
1 0.7109375 0.340625 0.009375 0.0203125
0 0.4578125 0.39375 0.009375 0.021875
1 0.8984375 0.3046875 0.0078125 0.0171875
0 0.6796875 0.33671875 0.00625 0.0171875
1 0.61640625 0.3859375 0.0140625 0.03125
0 0.9046875 0.31796875 0.0109375 0.0234375
1 0.5734375 0.41875 0.01875 0.04375
1 0.85625 0.29921875 0.00625 0.0140625
0 0.7109375 0.328125 0.00625 0.0140625
0 0.790625 0.30703125 0.00625 0.0140625
0 0.72734375 0.3234375 0.00625 0.0125
0 0.75234375 0.31484375 0.0046875 0.0125
0 0.7578125 0.35390625 0.0125 0.028125
1 0.78984375 0.31328125 0.00625 0.0140625
1 0.8109375 0.3078125 0.0046875 0.0125