1 0.80078125 0.2671875 0.0234375 0.0640625
0 0.51875 0.290625 0.0171875 0.0453125
0 0.54453125 0.3296875 0.0234375 0.065625
1 0.65703125 0.21328125 0.009375 0.028125
1 0.90703125 0.29765625 0.0359375 0.0890625
1 0.74921875 0.25546875 0.0203125 0.05625
0 0.53203125 0.31015625 0.0171875 0.05625
0 0.628125 0.20859375 0.0078125 0.0203125
0 0.4296875 0.62578125 0.06875 0.1875
1 0.69921875 0.24375 0.015625 0.0453125
0 0.55078125 0.37109375 0.028125 0.084375
0 0.5046875 0.26953125 0.0125 0.034375
0 0.528125 0.4453125 0.040625 0.1140625
0 0.51875 0.25 0.009375 0.028125
1 0.68828125 0.2015625 0.00625 0.0265625
1 0.646875 0.23515625 0.0125 0.0375
1 0.64296875 0.2234375 0.0078125 0.0328125
0 0.56328125 0.22890625 0.0109375 0.025
0 0.70234375 0.1890625 0.0078125 0.0203125
0 0.78984375 0.16875 0.0078125 0.021875
0 0.8921875 0.14921875 0.0109375 0.025
1 0.865625 0.1625 0.0109375 0.028125
1 0.803125 0.17421875 0.0125 0.0265625
1 0.740625 0.1890625 0.009375 0.025