1 0.62734375 0.48671875 0.0265625 0.078125
0 0.3265625 0.45546875 0.0171875 0.0578125
0 0.3390625 0.41328125 0.0109375 0.040625
0 0.2640625 0.71328125 0.053125 0.184375
0 0.3265625 0.50546875 0.0234375 0.075
1 0.678125 0.39296875 0.009375 0.034375
0 0.54921875 0.38046875 0.0078125 0.028125
1 0.77421875 0.584375 0.040625 0.1234375
1 0.51484375 0.40859375 0.0109375 0.0390625
0 0.84296875 0.37890625 0.0078125 0.028125
1 0.23046875 0.353125 0.003125 0.0125
0 0.6203125 0.37890625 0.0078125 0.0265625
0 0.4078125 0.39765625 0.009375 0.0328125
1 0.76953125 0.3953125 0.0109375 0.034375
1 0.86328125 0.4046875 0.0125 0.040625
0 0.48203125 0.38984375 0.009375 0.0375
1 0.53828125 0.4375 0.0171875 0.053125
1 0.5890625 0.39609375 0.009375 0.0359375
0 0.70625 0.37578125 0.0078125 0.028125