0 0.45703125 0.3875 0.0171875 0.0359375
0 0.31171875 0.6484375 0.0671875 0.140625
0 0.38359375 0.478125 0.03125 0.06875
1 0.821875 0.540625 0.071875 0.15
1 0.60390625 0.37890625 0.0203125 0.046875
0 0.415625 0.42421875 0.0203125 0.046875
1 0.64921875 0.421875 0.0328125 0.0734375
0 0.6171875 0.33046875 0.0109375 0.0265625
0 0.80390625 0.284375 0.0140625 0.0265625
0 0.52890625 0.35859375 0.0140625 0.03125
1 0.63359375 0.34609375 0.0171875 0.0375
0 0.69453125 0.309375 0.0109375 0.025
1 0.71875 0.3171875 0.0140625 0.0296875
1 0.83125 0.290625 0.0140625 0.03125
1 0.571875 0.31484375 0.00625 0.015625
1 0.59453125 0.30625 0.009375 0.0265625
1 0.603125 0.296875 0.00625 0.0171875
1 0.65078125 0.29921875 0.0078125 0.0125
1 0.66015625 0.2828125 0.00625 0.0171875
0 0.6390625 0.28671875 0.00625 0.01875
1 0.6421875 0.2890625 0.0046875 0.0125
1 0.53359375 0.31171875 0.003125 0.0109375
1 0.5890625 0.29375 0.003125 0.0078125
1 0.79375 0.25859375 0.0046875 0.0140625
1 0.55546875 0.29765625 0.0015625 0.00625