1 0.51875 0.390625 0.0265625 0.0640625
0 0.3515625 0.36640625 0.0234375 0.0515625
0 0.184375 0.43046875 0.0390625 0.0828125
1 0.72734375 0.34765625 0.0203125 0.0453125
0 0.50234375 0.33828125 0.0171875 0.0421875
1 0.8546875 0.346875 0.021875 0.0453125
0 0.75859375 0.31171875 0.0125 0.028125
1 0.6140625 0.3609375 0.0203125 0.05
0 0.6359375 0.328125 0.015625 0.0359375
0 0.71875 0.30234375 0.009375 0.0234375
0 0.86171875 0.325 0.0140625 0.034375
1 0.66796875 0.31328125 0.0140625 0.0328125
0 0.909375 0.29140625 0.009375 0.0203125
1 0.6421875 0.29140625 0.009375 0.021875
1 0.4625 0.6109375 0.071875 0.16875
1 0.453125 0.45 0.0390625 0.09375
0 0.83984375 0.28984375 0.009375 0.0203125
1 0.8140625 0.284375 0.0078125 0.01875
0 0.784375 0.28984375 0.0078125 0.01875
1 0.63046875 0.30078125 0.0109375 0.025
1 0.68125 0.2875 0.009375 0.0203125
0 0.74140625 0.2921875 0.009375 0.0203125
1 0.9015625 0.28671875 0.0078125 0.0171875
1 0.7421875 0.28515625 0.00625 0.0171875