0 0.18359375 0.7234375 0.0734375 0.103125
0 0.07578125 0.56796875 0.0140625 0.0171875
0 0.2 0.5484375 0.009375 0.015625
0 0.29140625 0.5375 0.009375 0.0140625
0 0.36328125 0.53203125 0.009375 0.0140625
0 0.4265625 0.52734375 0.0109375 0.015625
0 0.503125 0.5234375 0.0109375 0.0171875
0 0.52265625 0.571875 0.03125 0.040625
0 0.8484375 0.51328125 0.021875 0.028125
1 0.34453125 0.73203125 0.090625 0.11875
1 0.12734375 0.58671875 0.0234375 0.03125
1 0.446875 0.55546875 0.0203125 0.0296875
1 0.71015625 0.53359375 0.0234375 0.0328125
1 0.89375 0.5265625 0.03125 0.0390625