0 0.42265625 0.24765625 0.00625 0.02578125
0 0.53359375 0.26015625 0.00546875 0.02421875
0 0.1609375 0.21015625 0.0078125 0.02734375
0 0.5609375 0.2609375 0.00546875 0.02421875
0 0.271875 0.225 0.00625 0.02578125
0 0.3765625 0.2421875 0.00625 0.02734375
1 0.54453125 0.28046875 0.0078125 0.0328125
1 0.66953125 0.28671875 0.00625 0.02578125
1 0.27421875 0.4921875 0.040625 0.13984375
1 0.1421875 0.2234375 0.009375 0.03359375
1 0.22890625 0.234375 0.0078125 0.03125
1 0.61953125 0.28671875 0.00625 0.0296875
0 0.59296875 0.26328125 0.0046875 0.021875
1 0.44609375 0.26875 0.00859375 0.03359375
1 0.35859375 0.25625 0.00859375 0.03515625
0 0.484375 0.25546875 0.00625 0.02578125
1 0.8984375 0.29921875 0.003125 0.01328125
1 0.0625 0.37265625 0.0265625 0.1046875
1 0.90703125 0.29921875 0.003125 0.01328125
1 0.8921875 0.30078125 0.003125 0.0140625
0 0.61484375 0.2609375 0.003125 0.01953125
1 0.93046875 0.30234375 0.003125 0.0140625
0 0.81015625 0.28359375 0.003125 0.01484375
1 0.6921875 0.26796875 0.00390625 0.01640625
1 0.6953125 0.28671875 0.00546875 0.02421875
0 0.67421875 0.259375 0.003125 0.0140625
0 0.60859375 0.26328125 0.0046875 0.021875
0 0.6375 0.253125 0.003125 0.01484375
1 0.70234375 0.28125 0.0046875 0.02265625
0 0.75859375 0.27578125 0.00390625 0.0140625
1 0.71484375 0.271875 0.0046875 0.01484375
1 0.6875 0.27109375 0.0046875 0.01875
1 0.82421875 0.290625 0.003125 0.01640625
1 0.725 0.7796875 0.028125 0.13671875
0 0.78359375 0.27890625 0.003125 0.0140625
1 0.784375 0.284375 0.00390625 0.01640625
0 0.61015625 0.25234375 0.003125 0.01640625
1 0.87109375 0.29765625 0.003125 0.01484375
0 0.8265625 0.28671875 0.00234375 0.01328125
0 0.8328125 0.2859375 0.003125 0.01328125
0 0.8453125 0.2859375 0.00234375 0.01328125
0 0.88203125 0.2921875 0.003125 0.01171875
0 0.9234375 0.29765625 0.003125 0.0109375