0 0.315625 0.35703125 0.0171875 0.0390625
0 0.33046875 0.39375 0.0234375 0.0546875
0 0.36328125 0.46328125 0.0390625 0.08125
0 0.8890625 0.525 0.0203125 0.0453125
0 0.78515625 0.48359375 0.015625 0.0390625
1 0.76484375 0.64921875 0.0578125 0.121875
0 0.36640625 0.35546875 0.0140625 0.03125
1 0.63515625 0.43828125 0.015625 0.0375
1 0.60703125 0.5078125 0.0359375 0.075
1 0.871875 0.46640625 0.0078125 0.0203125
1 0.8359375 0.459375 0.009375 0.0203125
0 0.30625 0.6265625 0.0796875 0.1734375
1 0.71640625 0.42265625 0.0078125 0.0203125
1 0.79140625 0.52421875 0.025 0.0578125
1 0.5921875 0.4 0.0109375 0.025
0 0.64296875 0.39609375 0.0078125 0.0203125
1 0.61953125 0.42109375 0.0109375 0.03125
0 0.49765625 0.3640625 0.0078125 0.0234375
1 0.77265625 0.42734375 0.00625 0.0171875
0 0.57421875 0.3796875 0.009375 0.021875
0 0.4421875 0.35859375 0.0125 0.028125
0 0.94296875 0.49375 0.009375 0.0234375
1 0.48046875 0.409375 0.01875 0.040625
1 0.7875 0.44921875 0.009375 0.0234375
1 0.53046875 0.39375 0.0125 0.0296875
1 0.75546875 0.42734375 0.0078125 0.01875
0 0.68203125 0.403125 0.00625 0.01875
0 0.75234375 0.41171875 0.0046875 0.0140625
1 0.659375 0.41328125 0.009375 0.0234375
1 0.93671875 0.47578125 0.00625 0.0171875
0 0.7609375 0.46171875 0.0125 0.03125
1 0.4984375 0.3984375 0.0125 0.034375
0 0.8390625 0.47734375 0.0125 0.03125
0 0.7140625 0.40703125 0.00625 0.0171875
1 0.67734375 0.42890625 0.0109375 0.0265625
1 0.73515625 0.4390625 0.0109375 0.025
1 0.93046875 0.471875 0.00625 0.015625
0 0.896875 0.48515625 0.0125 0.028125
1 0.53984375 0.453125 0.025 0.0546875
0 0.82890625 0.4328125 0.0046875 0.0125
0 0.72890625 0.4078125 0.00625 0.0140625
1 0.7890625 0.428125 0.00625 0.015625
1 0.853125 0.4421875 0.0046875 0.0140625
1 0.68984375 0.4734375 0.0203125 0.0453125
1 0.81015625 0.43125 0.00625 0.0140625