0 0.36796875 0.33359375 0.0171875 0.0578125
0 0.17578125 0.3796875 0.0328125 0.0953125
1 0.55078125 0.39921875 0.021875 0.0703125
0 0.6578125 0.34765625 0.009375 0.0375
1 0.4890625 0.465625 0.028125 0.1078125
0 0.52578125 0.33203125 0.0109375 0.04375
0 0.86953125 0.38671875 0.0078125 0.0328125
1 0.87109375 0.4140625 0.0140625 0.0421875
1 0.7515625 0.38984375 0.0140625 0.046875
1 0.64609375 0.31484375 0.00625 0.025
1 0.6859375 0.33828125 0.009375 0.03125
0 0.77265625 0.353125 0.0078125 0.0296875
1 0.65546875 0.30859375 0.0046875 0.021875
1 0.815625 0.33515625 0.0046875 0.0171875
1 0.69296875 0.3109375 0.0046875 0.01875
0 0.840625 0.34453125 0.0046875 0.01875
0 0.75078125 0.32890625 0.0046875 0.0203125
0 0.90234375 0.36015625 0.0046875 0.01875
1 0.6421875 0.38203125 0.015625 0.053125
0 0.78984375 0.33515625 0.0046875 0.0171875
1 0.89453125 0.35390625 0.0046875 0.0171875
1 0.52578125 0.71640625 0.0640625 0.21875
0 0.728125 0.328125 0.0046875 0.021875
1 0.74765625 0.3203125 0.003125 0.0171875
0 0.73203125 0.33515625 0.00625 0.0265625