1 0.38203125 0.55 0.065625 0.171875
1 0.1640625 0.36640625 0.0421875 0.1140625
1 0.15078125 0.18828125 0.0125 0.0375
1 0.25234375 0.2109375 0.0125 0.034375
1 0.334375 0.23203125 0.0109375 0.03125
1 0.4625 0.2703125 0.0125 0.0359375
1 0.55078125 0.29453125 0.0125 0.0359375
1 0.65 0.31953125 0.0109375 0.0359375
1 0.72578125 0.334375 0.0109375 0.03125
1 0.77578125 0.34140625 0.009375 0.028125
1 0.80234375 0.34296875 0.0078125 0.0234375
1 0.790625 0.325 0.00625 0.0203125
1 0.7953125 0.31953125 0.0046875 0.0203125
1 0.80859375 0.33984375 0.0078125 0.025
0 0.2703125 0.2 0.009375 0.028125
0 0.37578125 0.2265625 0.009375 0.0265625
0 0.47890625 0.25703125 0.009375 0.028125
0 0.525 0.26875 0.0078125 0.028125
0 0.58671875 0.284375 0.009375 0.028125
0 0.63515625 0.29453125 0.0078125 0.0265625
0 0.66328125 0.29921875 0.0078125 0.025
0 0.6953125 0.30546875 0.00625 0.021875
0 0.7109375 0.30703125 0.00625 0.0203125
0 0.715625 0.30625 0.0046875 0.01875
0 0.7375 0.29921875 0.0046875 0.015625
0 0.77578125 0.3109375 0.0046875 0.015625
1 0.89375 0.35234375 0.00625 0.0171875
1 0.81953125 0.32890625 0.00625 0.0171875
1 0.9375 0.365625 0.0046875 0.0140625
0 0.959375 0.36015625 0.003125 0.0125
0 0.9453125 0.359375 0.0046875 0.0140625
0 0.91953125 0.35390625 0.0046875 0.015625
0 0.86484375 0.33828125 0.0046875 0.0140625