0 0.48515625 0.3375 0.0265625 0.06875
0 0.21015625 0.3296875 0.0125 0.0359375
0 0.53203125 0.36640625 0.03125 0.0875
0 0.22734375 0.3109375 0.009375 0.0265625
0 0.37890625 0.32109375 0.0203125 0.0484375
0 0.83515625 0.14921875 0.009375 0.025
0 0.259375 0.334375 0.015625 0.0421875
0 0.5578125 0.44296875 0.0453125 0.1234375
1 0.68984375 0.2578125 0.0203125 0.0546875
0 0.43046875 0.32109375 0.0203125 0.05625
1 0.39453125 0.25625 0.009375 0.0234375
1 0.8328125 0.27421875 0.0296875 0.078125
0 0.27890625 0.28671875 0.0078125 0.0234375
0 0.77734375 0.16015625 0.0078125 0.021875
1 0.79296875 0.16796875 0.0109375 0.0265625
0 0.65625 0.184375 0.0078125 0.0203125
1 0.6296875 0.196875 0.009375 0.0234375
0 0.42578125 0.2390625 0.00625 0.0203125
1 0.72421875 0.18046875 0.009375 0.0265625
0 0.8875 0.1359375 0.0078125 0.025
1 0.58828125 0.25625 0.015625 0.0453125
0 0.35 0.2625 0.0078125 0.0203125
1 0.490625 0.265625 0.0140625 0.0375
1 0.36171875 0.26796875 0.009375 0.025
1 0.34140625 0.2875 0.0109375 0.0296875
1 0.5109375 0.2234375 0.0078125 0.021875
0 0.578125 0.2 0.00625 0.0203125
0 0.50078125 0.21796875 0.00625 0.01875
1 0.4453125 0.240625 0.009375 0.021875
1 0.8859375 0.1484375 0.0125 0.0296875
0 0.5234375 0.63359375 0.078125 0.209375
1 0.3734375 0.284375 0.0125 0.0328125
0 0.73828125 0.16875 0.0078125 0.021875
1 0.57265625 0.20859375 0.0078125 0.021875
1 0.33671875 0.28046875 0.0078125 0.028125