0 0.41484375 0.47109375 0.040625 0.06875
0 0.50546875 0.44375 0.0234375 0.0421875
0 0.50625 0.425 0.01875 0.0359375
0 0.52265625 0.41796875 0.01875 0.03125
0 0.446875 0.3765625 0.0140625 0.021875
0 0.4625 0.38984375 0.015625 0.0265625
0 0.49609375 0.3828125 0.0125 0.0203125
0 0.5421875 0.390625 0.0109375 0.01875
0 0.603125 0.4046875 0.009375 0.015625
0 0.6265625 0.40859375 0.009375 0.0140625
1 0.88046875 0.59296875 0.046875 0.06875
1 0.91875 0.53359375 0.0203125 0.034375
1 0.89296875 0.5109375 0.015625 0.0265625
1 0.90703125 0.50625 0.0140625 0.0234375
1 0.79453125 0.52421875 0.028125 0.04375
1 0.71796875 0.4765625 0.0203125 0.0328125
1 0.66484375 0.44921875 0.0171875 0.03125
1 0.6421875 0.43671875 0.0140625 0.021875
1 0.68359375 0.43515625 0.0140625 0.021875
1 0.71171875 0.43984375 0.0109375 0.01875
1 0.72265625 0.4390625 0.0109375 0.0171875
1 0.72734375 0.43828125 0.009375 0.0171875
1 0.73671875 0.4375 0.009375 0.015625
1 0.7625 0.4421875 0.0078125 0.015625
1 0.80546875 0.4609375 0.0109375 0.0171875
1 0.88515625 0.49375 0.0140625 0.021875
1 0.68828125 0.41875 0.0078125 0.0125