0 0.40625 0.3375 0.015625 0.0578125
0 0.4671875 0.36953125 0.0203125 0.075
0 0.0921875 0.33984375 0.0125 0.0453125
0 0.48671875 0.4875 0.0328125 0.1265625
0 0.31796875 0.32421875 0.0140625 0.0484375
0 0.21328125 0.3265625 0.0125 0.0453125
1 0.6765625 0.32734375 0.01875 0.0640625
1 0.54921875 0.30078125 0.0140625 0.0484375
1 0.284375 0.2984375 0.0109375 0.034375
1 0.41640625 0.29296875 0.0109375 0.040625
1 0.14140625 0.31328125 0.0109375 0.0359375
1 0.90546875 0.45546875 0.0453125 0.1296875
0 0.92265625 0.1734375 0.003125 0.009375