1 0.41640625 0.42734375 0.0296875 0.1015625
0 0.79140625 0.33984375 0.009375 0.03125
0 0.32421875 0.2859375 0.0140625 0.046875
1 0.440625 0.3640625 0.021875 0.0734375
1 0.49140625 0.334375 0.0171875 0.05625
0 0.6734375 0.315625 0.009375 0.03125
1 0.5703125 0.32890625 0.0125 0.0453125
0 0.56171875 0.29765625 0.009375 0.0328125
1 0.65234375 0.3359375 0.0125 0.0421875
0 0.446875 0.28671875 0.0109375 0.0375
1 0.9171875 0.390625 0.0125 0.0421875
1 0.73671875 0.34765625 0.0109375 0.0390625
0 0.92890625 0.375 0.0109375 0.0328125
1 0.83203125 0.3671875 0.0109375 0.0390625
0 0.16640625 0.2984375 0.0203125 0.0640625
1 0.50625 0.59609375 0.05625 0.16875