0 0.284375 0.3421875 0.01171875 0.05
0 0.178125 0.35078125 0.01171875 0.0453125
1 0.81640625 0.28984375 0.01484375 0.0609375
0 0.9359375 0.19921875 0.00859375 0.028125
1 0.47421875 0.26484375 0.00703125 0.0296875
0 0.440625 0.37734375 0.0171875 0.07578125
1 0.64375 0.3046875 0.01328125 0.0578125
1 0.1015625 0.34140625 0.01015625 0.03671875
1 0.44609375 0.2796875 0.0078125 0.0359375
1 0.9 0.46015625 0.0453125 0.14140625
0 0.45546875 0.51171875 0.040625 0.14140625
1 0.94609375 0.21328125 0.009375 0.03515625
0 0.396875 0.271875 0.00625 0.028125
1 0.2375 0.31875 0.009375 0.0359375
1 0.5140625 0.3046875 0.0109375 0.04921875
1 0.453125 0.29375 0.009375 0.04140625
0 0.8296875 0.20390625 0.00625 0.025
0 0.053125 0.37265625 0.00859375 0.046875
1 0.8 0.2125 0.00625 0.02734375
1 0.521875 0.25 0.00625 0.028125
0 0.3765625 0.34921875 0.01328125 0.06015625
0 0.6421875 0.22265625 0.00546875 0.02265625
1 0.584375 0.2375 0.00625 0.02734375
0 0.4671875 0.253125 0.00625 0.02421875
1 0.6546875 0.22734375 0.00625 0.02578125
0 0.34375 0.2921875 0.0078125 0.0328125
1 0.72734375 0.21875 0.00625 0.02578125
1 0.875 0.21015625 0.00703125 0.0296875
0 0.5515625 0.2359375 0.00546875 0.02421875
0 0.734375 0.2109375 0.00546875 0.021875