0 0.82265625 0.4515625 0.0140625 0.040625
0 0.1375 0.39765625 0.0125 0.0390625
0 0.3125 0.40625 0.0125 0.0375
1 0.77265625 0.47890625 0.021875 0.0578125
1 0.60859375 0.45625 0.0171875 0.0515625
1 0.43828125 0.44140625 0.0171875 0.0484375
1 0.94453125 0.5171875 0.01875 0.06875
0 0.47109375 0.41640625 0.009375 0.0328125
0 0.63984375 0.4296875 0.0109375 0.0359375
1 0.28046875 0.50546875 0.0328125 0.0875
1 0.08125 0.42265625 0.0203125 0.0515625
1 0.2703125 0.4296875 0.0171875 0.0515625
1 0.5046875 0.565625 0.040625 0.109375
1 0.83359375 0.7765625 0.08125 0.20625