0 0.70625 0.3203125 0.0078125 0.03125
0 0.18828125 0.3140625 0.015625 0.059375
0 0.3171875 0.296875 0.0109375 0.04375
0 0.44375 0.29453125 0.0078125 0.0359375
0 0.57421875 0.30390625 0.0078125 0.0328125
1 0.521875 0.31953125 0.0109375 0.0421875
1 0.31875 0.41328125 0.025 0.0953125
1 0.4328125 0.3265625 0.0125 0.0515625
1 0.62265625 0.325 0.0078125 0.0390625
0 0.8453125 0.3453125 0.0078125 0.03125
1 0.73203125 0.33984375 0.009375 0.0375
1 0.8484375 0.3609375 0.009375 0.0390625
1 0.3578125 0.35 0.0171875 0.065625
1 0.39921875 0.57890625 0.05 0.16875