1 0.19296875 0.4359375 0.0375 0.096875
0 0.08515625 0.26328125 0.009375 0.021875
1 0.1265625 0.271875 0.009375 0.025
1 0.8609375 0.27421875 0.0078125 0.0171875
0 0.11953125 0.259375 0.009375 0.021875
1 0.5734375 0.25 0.0046875 0.0109375
1 0.803125 0.27109375 0.0078125 0.0171875
0 0.88203125 0.27109375 0.00625 0.015625
1 0.90234375 0.27578125 0.0078125 0.0171875
1 0.1765625 0.26484375 0.0078125 0.0203125
0 0.1375 0.25703125 0.00625 0.01875
0 0.05625 0.265625 0.0078125 0.025
1 0.20546875 0.2625 0.0078125 0.0203125
1 0.4015625 0.52265625 0.05 0.134375
1 0.5578125 0.2484375 0.003125 0.0125
1 0.70390625 0.265625 0.00625 0.015625
1 0.5890625 0.25234375 0.0046875 0.0125
1 0.52890625 0.246875 0.003125 0.0109375
0 0.6484375 0.25625 0.0046875 0.0125
0 0.3109375 0.24609375 0.00625 0.015625
0 0.58125 0.2484375 0.003125 0.0109375
1 0.41171875 0.24375 0.003125 0.0125
1 0.59609375 0.25390625 0.0046875 0.0140625
0 0.7140625 0.26328125 0.0046875 0.015625
0 0.2890625 0.24609375 0.00625 0.0140625
0 0.36953125 0.24375 0.0046875 0.0109375
1 0.45234375 0.24375 0.0046875 0.0109375
1 0.40234375 0.24609375 0.0046875 0.0140625
1 0.053125 0.27734375 0.0125 0.028125
0 0.18046875 0.246875 0.00625 0.0140625
0 0.15 0.25078125 0.00625 0.0171875
0 0.82265625 0.26875 0.00625 0.015625
0 0.14609375 0.25625 0.00625 0.0171875
0 0.35546875 0.2453125 0.0046875 0.0140625
1 0.24453125 0.24921875 0.00625 0.0140625
0 0.7703125 0.2671875 0.00625 0.0140625
1 0.50234375 0.2453125 0.003125 0.0125
0 0.46796875 0.24375 0.003125 0.0109375
0 0.54453125 0.246875 0.003125 0.0125
1 0.37578125 0.2484375 0.0046875 0.015625
0 0.3484375 0.24453125 0.0046875 0.0140625
1 0.75234375 0.26875 0.00625 0.0171875
1 0.33671875 0.2484375 0.0046875 0.015625
1 0.60390625 0.25546875 0.0046875 0.0140625
1 0.47734375 0.24453125 0.003125 0.0109375
1 0.4296875 0.24296875 0.003125 0.0109375
0 0.74296875 0.26484375 0.00625 0.0171875
1 0.22421875 0.25078125 0.0046875 0.015625
0 0.2515625 0.246875 0.00625 0.0140625
0 0.33359375 0.24609375 0.00625 0.0140625
0 0.6671875 0.259375 0.00625 0.0140625
0 0.61171875 0.25078125 0.003125 0.0109375
1 0.6171875 0.2578125 0.00625 0.0140625
0 0.39921875 0.2421875 0.0046875 0.0125
1 0.39453125 0.246875 0.0046875 0.0140625
0 0.68984375 0.26171875 0.00625 0.0140625
0 0.65625 0.25859375 0.0046875 0.0140625
1 0.659375 0.2625 0.0046875 0.0140625
0 0.634375 0.25390625 0.0046875 0.0109375
1 0.21484375 0.253125 0.0046875 0.0140625
1 0.30390625 0.2484375 0.00625 0.0171875
0 0.50625 0.24375 0.003125 0.0109375
1 0.22265625 0.25625 0.00625 0.01875
1 0.7515625 0.74296875 0.0515625 0.153125
1 0.21796875 0.259375 0.00625 0.01875
0 0.1421875 0.25390625 0.0046875 0.0171875
0 0.21640625 0.24765625 0.0046875 0.0171875