0 0.94140625 0.2625 0.0109375 0.0265625
0 0.36171875 0.2703125 0.01875 0.0421875
0 0.89609375 0.2578125 0.0109375 0.025
0 0.5625 0.34609375 0.0296875 0.071875
0 0.4734375 0.29453125 0.0203125 0.05
0 0.5203125 0.31328125 0.0234375 0.059375
0 0.8046875 0.246875 0.009375 0.021875
0 0.346875 0.2375 0.0109375 0.028125
0 0.32109375 0.25 0.0140625 0.034375
1 0.80390625 0.334375 0.025 0.0609375
0 0.40546875 0.23046875 0.009375 0.0234375
1 0.703125 0.29765625 0.0203125 0.0484375
1 0.94921875 0.40546875 0.0390625 0.0890625
1 0.48828125 0.25703125 0.0140625 0.034375
1 0.60703125 0.27578125 0.0171875 0.040625
1 0.7734375 0.2515625 0.009375 0.025
1 0.578125 0.23671875 0.009375 0.025
0 0.571875 0.490625 0.0546875 0.1390625
0 0.5609375 0.22890625 0.009375 0.0203125
1 0.875 0.26484375 0.0125 0.028125
0 0.721875 0.2375 0.009375 0.0203125
1 0.7125 0.2453125 0.0109375 0.025
1 0.9546875 0.275 0.0140625 0.03125
0 0.58984375 0.39375 0.0359375 0.0921875
0 0.4796875 0.228125 0.0078125 0.0203125
1 0.52265625 0.2359375 0.0109375 0.025
0 0.63984375 0.23203125 0.009375 0.0203125
0 0.421875 0.6984375 0.096875 0.2453125
1 0.48671875 0.2375 0.009375 0.025
1 0.646875 0.23984375 0.009375 0.0234375
1 0.45859375 0.25234375 0.0125 0.028125
1 0.459375 0.24140625 0.0109375 0.028125