0 0.809375 0.546875 0.0828125 0.1390625
0 0.0890625 0.525 0.025 0.0421875
0 0.11328125 0.4609375 0.0109375 0.01875
0 0.17734375 0.4453125 0.0109375 0.0171875
0 0.2375 0.47109375 0.0203125 0.0328125
0 0.3421875 0.43515625 0.0171875 0.028125
0 0.3359375 0.40390625 0.009375 0.015625
0 0.37265625 0.39453125 0.009375 0.0140625
0 0.4265625 0.4046875 0.0140625 0.021875
0 0.42578125 0.38046875 0.0078125 0.0140625
0 0.45078125 0.37578125 0.0078125 0.015625
0 0.4765625 0.3828125 0.0125 0.0203125
0 0.46953125 0.371875 0.0078125 0.015625
0 0.49765625 0.37265625 0.0125 0.0171875
0 0.4890625 0.3703125 0.0078125 0.0140625
1 0.41640625 0.53671875 0.0546875 0.0859375
1 0.2484375 0.5203125 0.0359375 0.059375
1 0.07890625 0.465625 0.0109375 0.01875
1 0.14296875 0.4515625 0.0109375 0.0203125
1 0.21015625 0.434375 0.009375 0.0171875
1 0.30703125 0.48046875 0.0296875 0.0453125
1 0.3984375 0.440625 0.0234375 0.0390625
1 0.33359375 0.40078125 0.0078125 0.0140625
1 0.41796875 0.38046875 0.0078125 0.0140625
1 0.4859375 0.40703125 0.0203125 0.0328125
1 0.48359375 0.36328125 0.0078125 0.015625
1 0.53125 0.353125 0.009375 0.015625
1 0.55078125 0.35 0.009375 0.0171875
1 0.571875 0.34921875 0.009375 0.0171875
1 0.56171875 0.37421875 0.0171875 0.0296875
1 0.6015625 0.35625 0.015625 0.025
1 0.59609375 0.3484375 0.009375 0.01875