1 0.634375 0.5484375 0.040625 0.1109375
1 0.75234375 0.3890625 0.015625 0.0421875
1 0.87109375 0.46796875 0.0328125 0.0828125
0 0.25390625 0.52578125 0.0296875 0.0921875
0 0.1453125 0.796875 0.0484375 0.1671875
1 0.85625 0.3734375 0.0125 0.0375
0 0.39453125 0.39453125 0.0140625 0.0421875
0 0.31953125 0.4484375 0.01875 0.059375
0 0.865625 0.34140625 0.009375 0.0265625
0 0.6953125 0.359375 0.0109375 0.0296875
0 0.58515625 0.36640625 0.0109375 0.0328125
1 0.8328125 0.42421875 0.021875 0.059375
1 0.9234375 0.39765625 0.01875 0.0484375
1 0.62265625 0.40703125 0.015625 0.0484375
0 0.79140625 0.35 0.009375 0.028125
0 0.9046875 0.334375 0.0078125 0.0234375
0 0.921875 0.3296875 0.00625 0.0203125
1 0.55390625 0.43203125 0.01875 0.05625
1 0.95234375 0.746875 0.040625 0.1265625
0 0.47578125 0.3765625 0.0125 0.0359375
1 0.5875 0.47109375 0.025 0.0734375