0 0.43828125 0.40703125 0.040625 0.0859375
0 0.6921875 0.24296875 0.0234375 0.0546875
0 0.06640625 0.45625 0.0203125 0.0421875
0 0.46640625 0.5375 0.065625 0.1484375
0 0.71875 0.159375 0.0109375 0.0234375
0 0.821875 0.1515625 0.015625 0.0359375
0 0.78203125 0.1484375 0.0125 0.0296875
0 0.18046875 0.4140625 0.01875 0.0453125
1 0.6640625 0.3015625 0.0328125 0.0765625
0 0.22421875 0.3484375 0.0109375 0.0265625
0 0.35703125 0.37578125 0.0234375 0.05625
0 0.18984375 0.37421875 0.0125 0.03125
0 0.278125 0.38515625 0.021875 0.0484375
0 0.64609375 0.178125 0.009375 0.0203125
1 0.58828125 0.2515625 0.01875 0.04375
1 0.92109375 0.3984375 0.06875 0.1578125
1 0.471875 0.296875 0.01875 0.0453125
1 0.60703125 0.19609375 0.0109375 0.025
0 0.803125 0.1828125 0.0203125 0.0453125
1 0.553125 0.2125 0.009375 0.0203125
1 0.6734375 0.21171875 0.0171875 0.0390625
1 0.65546875 0.18515625 0.0109375 0.025
1 0.4390625 0.25234375 0.009375 0.021875
1 0.38203125 0.27734375 0.0109375 0.021875
0 0.57265625 0.2 0.009375 0.0203125
0 0.35 0.28515625 0.0078125 0.0203125
1 0.2828125 0.33671875 0.009375 0.03125
1 0.70234375 0.18828125 0.0140625 0.034375
1 0.690625 0.18125 0.0125 0.028125
1 0.303125 0.34140625 0.015625 0.034375
0 0.42421875 0.25390625 0.009375 0.0203125
1 0.09765625 0.4234375 0.0171875 0.0359375
1 0.36796875 0.328125 0.01875 0.040625
1 0.3328125 0.30078125 0.0109375 0.025
0 0.2796875 0.31640625 0.0078125 0.0203125
1 0.29765625 0.321875 0.0109375 0.0265625
1 0.496875 0.23125 0.009375 0.0203125
0 0.49921875 0.22578125 0.0078125 0.01875