1 0.2328125 0.39375 0.025 0.05625
1 0.2515625 0.3640625 0.0203125 0.04375
0 0.0515625 0.3859375 0.0203125 0.0421875
1 0.29140625 0.4515625 0.040625 0.0859375
0 0.153125 0.3546875 0.015625 0.034375
0 0.2546875 0.3125 0.0109375 0.0234375
1 0.55234375 0.68203125 0.1 0.2125
0 0.2921875 0.30234375 0.009375 0.0203125
1 0.30703125 0.3359375 0.015625 0.034375
1 0.3484375 0.303125 0.0109375 0.025
0 0.22109375 0.32890625 0.0125 0.028125
0 0.33125 0.290625 0.0078125 0.0171875
1 0.3453125 0.31640625 0.0125 0.0296875
1 0.6921875 0.23515625 0.0046875 0.0140625
0 0.44453125 0.25625 0.0046875 0.0140625
1 0.3625 0.29140625 0.0078125 0.0203125
0 0.3765625 0.2765625 0.00625 0.0171875
1 0.39609375 0.28515625 0.0078125 0.01875
0 0.39609375 0.26796875 0.00625 0.0140625
0 0.41875 0.26328125 0.0046875 0.0125
1 0.43671875 0.2734375 0.00625 0.0140625
0 0.7015625 0.253125 0.009375 0.021875
1 0.69609375 0.23203125 0.00625 0.0140625
1 0.70703125 0.22890625 0.00625 0.0125
1 0.7140625 0.26328125 0.0125 0.0296875
0 0.72578125 0.23671875 0.00625 0.015625
0 0.75078125 0.23203125 0.00625 0.015625
0 0.75859375 0.24921875 0.0109375 0.025
0 0.76328125 0.228125 0.0046875 0.0140625
0 0.7671875 0.225 0.00625 0.0125
0 0.7828125 0.21953125 0.0046875 0.0125
1 0.8828125 0.253125 0.0171875 0.0359375
0 0.86953125 0.2421875 0.0140625 0.028125
1 0.609375 0.246875 0.00625 0.015625
1 0.45078125 0.26640625 0.00625 0.015625
1 0.46171875 0.2609375 0.0046875 0.0140625
0 0.671875 0.25234375 0.009375 0.0203125
0 0.66484375 0.24453125 0.0078125 0.0171875
0 0.65234375 0.25 0.0078125 0.01875
1 0.6546875 0.240625 0.0046875 0.0140625
1 0.61953125 0.2625 0.0109375 0.025
1 0.5828125 0.2609375 0.0078125 0.0203125
1 0.58359375 0.2546875 0.00625 0.0171875