0 0.46328125 0.5609375 0.0359375 0.04375
0 0.25 0.61484375 0.0296875 0.0390625
0 0.20859375 0.57265625 0.0109375 0.0140625
0 0.48046875 0.515625 0.015625 0.0234375
0 0.43046875 0.521875 0.015625 0.015625
0 0.4 0.52421875 0.0125 0.0171875
0 0.3609375 0.54609375 0.015625 0.021875
1 0.821875 0.77109375 0.1671875 0.2109375
1 0.628125 0.53984375 0.0421875 0.0578125
1 0.2953125 0.64296875 0.0515625 0.0609375
1 0.0875 0.66953125 0.03125 0.040625
1 0.21328125 0.6109375 0.0265625 0.03125
1 0.25390625 0.584375 0.0125 0.021875
1 0.30625 0.58046875 0.025 0.0296875
1 0.5015625 0.47578125 0.0125 0.01875
1 0.35546875 0.540625 0.0125 0.01875