0 0.3015625 0.3078125 0.021875 0.0609375
1 0.68125 0.3421875 0.0109375 0.0296875
1 0.65625 0.328125 0.0078125 0.028125
0 0.53203125 0.3265625 0.0140625 0.0390625
0 0.10234375 0.34453125 0.0390625 0.103125
1 0.5375 0.4015625 0.025 0.0734375
1 0.4953125 0.4640625 0.0328125 0.1046875
1 0.60078125 0.39296875 0.021875 0.0625
0 0.5578125 0.32421875 0.0109375 0.0375
1 0.725 0.3828125 0.0140625 0.0390625
0 0.515625 0.27890625 0.00625 0.021875
0 0.56875 0.31875 0.0109375 0.034375
1 0.5078125 0.2640625 0.00625 0.01875
0 0.490625 0.26796875 0.00625 0.0234375
1 0.59296875 0.29765625 0.00625 0.021875
0 0.4203125 0.22734375 0.0046875 0.0140625
1 0.8203125 0.35078125 0.0046875 0.0140625
1 0.5875 0.2765625 0.0046875 0.0140625
1 0.62421875 0.3109375 0.0078125 0.025
1 0.5453125 0.26328125 0.0046875 0.0140625
0 0.815625 0.34609375 0.0046875 0.0140625
1 0.55390625 0.6640625 0.0609375 0.184375
0 0.8296875 0.34921875 0.0046875 0.0140625
0 0.40625 0.23515625 0.0046875 0.01875
1 0.703125 0.36015625 0.0109375 0.034375
1 0.46796875 0.2484375 0.0046875 0.015625
0 0.53359375 0.28828125 0.0078125 0.025
1 0.4875 0.246875 0.0046875 0.0140625
0 0.76796875 0.33203125 0.0046875 0.0140625
1 0.6375 0.29296875 0.0046875 0.0140625
0 0.4703125 0.26015625 0.00625 0.0203125
1 0.56015625 0.28515625 0.00625 0.021875
1 0.9234375 0.3734375 0.0046875 0.0125
1 0.78046875 0.3390625 0.0046875 0.015625
0 0.44375 0.25 0.00625 0.0203125
0 0.45625 0.31640625 0.015625 0.046875
0 0.5625 0.3078125 0.0078125 0.0296875
1 0.86015625 0.36328125 0.0046875 0.0140625
0 0.553125 0.30078125 0.0078125 0.028125
0 0.79296875 0.33984375 0.0046875 0.0140625
0 0.59921875 0.2765625 0.003125 0.0140625
1 0.9 0.37265625 0.0046875 0.0140625
1 0.7 0.39453125 0.015625 0.046875
0 0.84453125 0.3515625 0.0046875 0.0140625
0 0.3875 0.22421875 0.0046875 0.0171875
0 0.83671875 0.34765625 0.0046875 0.0140625
1 0.51640625 0.2546875 0.0046875 0.0140625
1 0.46484375 0.2421875 0.0046875 0.015625
1 0.740625 0.325 0.0046875 0.015625
1 0.8859375 0.36953125 0.0046875 0.0125
0 0.39453125 0.2234375 0.0046875 0.015625
0 0.6453125 0.29140625 0.0046875 0.0140625
0 0.5515625 0.26171875 0.0046875 0.0125
1 0.45546875 0.24296875 0.0046875 0.015625
1 0.45390625 0.2390625 0.003125 0.015625
0 0.4578125 0.23671875 0.003125 0.0140625
0 0.503125 0.24921875 0.0046875 0.0140625
1 0.5359375 0.27421875 0.00625 0.021875
1 0.68359375 0.30703125 0.0046875 0.015625
0 0.86640625 0.35390625 0.0046875 0.0140625
1 0.88828125 0.3640625 0.0046875 0.0140625
1 0.94453125 0.38125 0.0046875 0.0109375
0 0.94765625 0.37890625 0.0046875 0.0125
0 0.840625 0.35234375 0.0046875 0.0140625