0 0.78515625 0.19609375 0.0109375 0.03125
0 0.61953125 0.4046875 0.04375 0.10625
0 0.809375 0.16640625 0.009375 0.021875
0 0.76328125 0.22578125 0.0171875 0.040625
0 0.7203125 0.27890625 0.0234375 0.0609375
0 0.815625 0.15625 0.0078125 0.01875
0 0.82109375 0.15 0.00625 0.015625
0 0.8328125 0.1375 0.0046875 0.0140625
0 0.82578125 0.14453125 0.0046875 0.0140625
0 0.8296875 0.14140625 0.0046875 0.0140625
0 0.83515625 0.134375 0.0046875 0.0140625
0 0.83828125 0.13203125 0.0046875 0.0140625
0 0.8390625 0.12890625 0.003125 0.0109375
0 0.79921875 0.17890625 0.0109375 0.0265625