1 0.61484375 0.70546875 0.1046875 0.2375
1 0.25234375 0.52109375 0.059375 0.134375
1 0.0421875 0.45859375 0.0375 0.0953125
1 0.04140625 0.278125 0.00625 0.015625
1 0.0828125 0.27578125 0.00625 0.015625
1 0.115625 0.27421875 0.00625 0.015625
1 0.1546875 0.27109375 0.00625 0.0171875
1 0.22734375 0.26328125 0.00625 0.0171875
1 0.27734375 0.25859375 0.00625 0.0171875
1 0.3125 0.25390625 0.00625 0.0140625
1 0.3375 0.24921875 0.00625 0.0140625
1 0.35625 0.24453125 0.00625 0.0140625
1 0.5484375 0.23359375 0.0046875 0.0125
1 0.5609375 0.23515625 0.00625 0.0140625
1 0.57890625 0.2359375 0.00625 0.0140625
1 0.61796875 0.2359375 0.00625 0.015625
1 0.659375 0.2359375 0.00625 0.0171875
1 0.70078125 0.23515625 0.0078125 0.0171875
1 0.75078125 0.234375 0.00625 0.0171875
1 0.80078125 0.2328125 0.00625 0.0171875
1 0.8421875 0.23046875 0.00625 0.0171875
1 0.87734375 0.2296875 0.00625 0.0171875
0 0.028125 0.27421875 0.00625 0.0140625
0 0.0859375 0.2703125 0.00625 0.0140625
0 0.13125 0.2671875 0.00625 0.0140625
0 0.159375 0.265625 0.00625 0.0140625
0 0.18359375 0.2640625 0.00625 0.015625
0 0.21640625 0.26015625 0.00625 0.0140625
0 0.24375 0.2578125 0.00625 0.015625
0 0.26796875 0.2546875 0.00625 0.0140625
0 0.28359375 0.2515625 0.00625 0.0140625
0 0.6125 0.23125 0.00625 0.0140625
0 0.62578125 0.23125 0.00625 0.0140625
0 0.65 0.23203125 0.00625 0.0140625
0 0.6796875 0.23125 0.00625 0.0140625
0 0.70703125 0.23046875 0.00625 0.015625
0 0.74296875 0.2296875 0.00625 0.0140625
0 0.77421875 0.22890625 0.00625 0.015625
0 0.80625 0.228125 0.00625 0.015625
0 0.83203125 0.22578125 0.00625 0.015625
0 0.865625 0.22421875 0.00625 0.0140625