0 0.13984375 0.3203125 0.028125 0.0734375
0 0.40078125 0.2890625 0.009375 0.028125
1 0.5015625 0.4546875 0.03125 0.090625
1 0.50703125 0.37421875 0.0171875 0.0515625
1 0.5265625 0.3390625 0.0125 0.0359375
0 0.265625 0.29765625 0.0171875 0.0484375
1 0.540625 0.3234375 0.009375 0.028125
0 0.34609375 0.2921875 0.0125 0.0359375
0 0.55625 0.30859375 0.00625 0.01875
0 0.24765625 0.171875 0.0046875 0.0140625
0 0.6859375 0.33984375 0.00625 0.01875
1 0.35234375 0.19375 0.003125 0.0109375
0 0.309375 0.1890625 0.0046875 0.0125
0 0.50390625 0.29765625 0.00625 0.021875
1 0.38359375 0.2015625 0.003125 0.009375
0 0.45234375 0.290625 0.009375 0.025
1 0.821875 0.37734375 0.0046875 0.015625
0 0.1578125 0.1390625 0.0046875 0.0140625
0 0.1078125 0.12265625 0.003125 0.009375
0 0.35859375 0.20234375 0.003125 0.0109375
0 0.390625 0.20859375 0.003125 0.0109375
0 0.4546875 0.22578125 0.003125 0.0109375
0 0.7046875 0.31484375 0.0046875 0.0125
1 0.23359375 0.15703125 0.003125 0.0109375
0 0.76015625 0.35 0.0046875 0.0140625
1 0.19765625 0.1484375 0.003125 0.0109375
0 0.6609375 0.3 0.003125 0.0109375
1 0.61796875 0.33203125 0.00625 0.0203125
1 0.56953125 0.32109375 0.0078125 0.0234375
1 0.83046875 0.3703125 0.0046875 0.0140625
1 0.16484375 0.13984375 0.003125 0.009375
0 0.2 0.15546875 0.0046875 0.0140625
1 0.27734375 0.17265625 0.003125 0.0125
0 0.1265625 0.12734375 0.003125 0.0109375
1 0.3203125 0.1859375 0.003125 0.0109375
1 0.69375 0.35078125 0.00625 0.0203125
1 0.21015625 0.15078125 0.003125 0.009375
0 0.76328125 0.34296875 0.0046875 0.0140625
0 0.62421875 0.32578125 0.00625 0.01875
0 0.625 0.2875 0.003125 0.0109375
1 0.815625 0.35546875 0.0046875 0.0125
1 0.79375 0.34375 0.003125 0.0109375
0 0.7328125 0.34921875 0.0046875 0.0171875
1 0.77109375 0.36953125 0.00625 0.0171875
1 0.69453125 0.30703125 0.003125 0.0109375
1 0.65390625 0.29296875 0.003125 0.0109375
1 0.62265625 0.28046875 0.003125 0.0109375
0 0.74765625 0.33125 0.003125 0.0109375
1 0.69765625 0.84140625 0.0296875 0.0765625
0 0.2265625 0.15 0.003125 0.009375
0 0.26875 0.1625 0.003125 0.009375
0 0.3140625 0.17421875 0.003125 0.009375
0 0.5015625 0.23359375 0.003125 0.009375
0 0.6 0.2765625 0.003125 0.0109375
0 0.69296875 0.29375 0.003125 0.009375
0 0.83828125 0.34453125 0.003125 0.0078125
0 0.92578125 0.37578125 0.003125 0.0109375
1 0.93515625 0.38046875 0.003125 0.0109375
1 0.284375 0.16953125 0.003125 0.0078125
1 0.6015625 0.271875 0.003125 0.009375
0 0.575 0.265625 0.003125 0.009375
0 0.53984375 0.253125 0.003125 0.009375
0 0.48125 0.23359375 0.003125 0.009375
1 0.75234375 0.32890625 0.003125 0.0109375
1 0.59140625 0.2640625 0.0015625 0.0078125
1 0.55703125 0.25625 0.003125 0.0078125
1 0.41015625 0.20703125 0.003125 0.0078125
1 0.16875 0.140625 0.003125 0.009375
1 0.61640625 0.271875 0.0015625 0.0078125
0 0.15078125 0.1328125 0.003125 0.009375
1 0.434375 0.2140625 0.003125 0.0078125
1 0.6796875 0.29140625 0.003125 0.0078125
1 0.565625 0.25703125 0.003125 0.00625
0 0.51015625 0.24375 0.003125 0.009375
1 0.24296875 0.15859375 0.0015625 0.00625
1 0.4671875 0.22578125 0.003125 0.0078125
1 0.45859375 0.2203125 0.003125 0.0078125
0 0.42265625 0.2171875 0.003125 0.009375
1 0.3796875 0.19765625 0.003125 0.00625
1 0.64921875 0.28203125 0.003125 0.009375
0 0.96640625 0.39140625 0.003125 0.009375
0 0.40625 0.20390625 0.003125 0.00625
1 0.18046875 0.14453125 0.0015625 0.009375
1 0.7625 0.31796875 0.0015625 0.00625
1 0.5296875 0.24453125 0.003125 0.0078125
0 0.29140625 0.16875 0.003125 0.009375
1 0.3234375 0.18046875 0.003125 0.0078125
0 0.340625 0.1828125 0.003125 0.0078125
1 0.35546875 0.1890625 0.003125 0.0078125
0 0.46640625 0.221875 0.003125 0.0078125
1 0.4953125 0.23203125 0.003125 0.009375
1 0.5125 0.24140625 0.003125 0.0109375
0 0.53125 0.24375 0.0015625 0.00625
0 0.596875 0.2625 0.003125 0.0078125
0 0.62578125 0.27265625 0.003125 0.0078125
0 0.6625 0.28359375 0.003125 0.009375
1 0.70546875 0.3 0.003125 0.0078125
0 0.728125 0.3046875 0.0015625 0.00625
1 0.7328125 0.30859375 0.0015625 0.00625
1 0.7890625 0.328125 0.003125 0.00625
0 0.8015625 0.33203125 0.003125 0.00625
1 0.82265625 0.3390625 0.003125 0.0078125
1 0.85234375 0.35 0.003125 0.009375
0 0.8796875 0.359375 0.003125 0.0078125
1 0.896875 0.365625 0.003125 0.009375
1 0.96875 0.3953125 0.003125 0.009375