0 0.43984375 0.396875 0.0171875 0.0390625
0 0.26171875 0.415625 0.03125 0.065625
1 0.83828125 0.46875 0.015625 0.034375
0 0.61484375 0.40703125 0.0109375 0.028125
1 0.28515625 0.33125 0.009375 0.0203125
1 0.94609375 0.4875 0.0140625 0.03125
0 0.3390625 0.35390625 0.009375 0.0234375
1 0.5515625 0.509375 0.0390625 0.0828125
0 0.36171875 0.353125 0.0078125 0.021875
0 0.278125 0.3484375 0.0125 0.0359375
0 0.3296875 0.39921875 0.021875 0.0484375
1 0.12421875 0.3234375 0.0140625 0.0265625
0 0.9359375 0.475 0.0109375 0.0265625
0 0.38828125 0.35078125 0.0078125 0.01875
1 0.27421875 0.33515625 0.009375 0.021875
0 0.32109375 0.33203125 0.00625 0.0171875
0 0.7625 0.4359375 0.0109375 0.028125
0 0.85703125 0.45625 0.0109375 0.0265625
1 0.77109375 0.82734375 0.08125 0.1734375
0 0.534375 0.3984375 0.0140625 0.03125
1 0.0953125 0.3015625 0.009375 0.021875
0 0.20078125 0.4921875 0.046875 0.1109375
0 0.0625 0.6484375 0.10625 0.209375
0 0.19296875 0.34375 0.0125 0.03125
1 0.70859375 0.44375 0.0171875 0.0375
0 0.67578125 0.4171875 0.0109375 0.025
0 0.234375 0.3125 0.009375 0.0171875
1 0.2375 0.3171875 0.009375 0.021875
1 0.60703125 0.4359375 0.01875 0.040625
1 0.5296875 0.44296875 0.0234375 0.0546875
1 0.30234375 0.33828125 0.0078125 0.0171875
1 0.20078125 0.33046875 0.0109375 0.025
0 0.28046875 0.3203125 0.00625 0.015625
1 0.1328125 0.30546875 0.009375 0.0203125
0 0.11953125 0.29453125 0.00625 0.0171875
1 0.18046875 0.309375 0.0078125 0.0171875
0 0.18359375 0.30390625 0.00625 0.0171875
0 0.365625 0.34296875 0.00625 0.0171875