0 0.290625 0.3578125 0.0203125 0.059375
1 0.41015625 0.47421875 0.034375 0.1078125
0 0.88125 0.3671875 0.0125 0.0375
1 0.934375 0.39453125 0.0171875 0.046875
1 0.4765625 0.40078125 0.025 0.0734375
0 0.08984375 0.428125 0.040625 0.1015625
0 0.44453125 0.33828125 0.0140625 0.0453125
1 0.6703125 0.3671875 0.0171875 0.0484375
0 0.73125 0.34765625 0.0125 0.0359375
1 0.78984375 0.375 0.0140625 0.04375
0 0.5828125 0.33671875 0.0125 0.0375
1 0.56875 0.3734375 0.01875 0.05625
1 0.44765625 0.71875 0.0734375 0.221875