0 0.13125 0.55625 0.0421875 0.0890625
0 0.64140625 0.34765625 0.0171875 0.040625
1 0.64296875 0.46328125 0.05 0.1015625
0 0.0359375 0.46953125 0.01875 0.0390625
1 0.8828125 0.35546875 0.034375 0.0671875
1 0.36875 0.40859375 0.0203125 0.0421875
0 0.5203125 0.36484375 0.0171875 0.0375
0 0.4296875 0.37421875 0.015625 0.0328125
0 0.2796875 0.60234375 0.059375 0.1265625
1 0.31640625 0.40234375 0.0171875 0.0359375
0 0.47890625 0.34296875 0.0109375 0.0234375
0 0.10859375 0.4234375 0.0125 0.028125
0 0.1375 0.40859375 0.0109375 0.0203125
0 0.06484375 0.44453125 0.015625 0.03125
1 0.21640625 0.45390625 0.021875 0.0453125
1 0.51484375 0.3921875 0.0234375 0.05
1 0.315625 0.4515625 0.0265625 0.0578125
1 0.20625 0.4015625 0.0125 0.025
1 0.2046875 0.42734375 0.015625 0.0375
1 0.19453125 0.4140625 0.0125 0.0296875
0 0.4578125 0.33984375 0.009375 0.0203125
1 0.22734375 0.38984375 0.009375 0.0203125
0 0.40625 0.3453125 0.009375 0.0203125
0 0.46484375 0.35703125 0.0125 0.0265625
1 0.384375 0.36328125 0.0109375 0.025
1 0.3390625 0.36328125 0.009375 0.0203125
1 0.4484375 0.45 0.0359375 0.071875
1 0.34921875 0.38203125 0.0140625 0.03125
1 0.2765625 0.3765625 0.0109375 0.021875
0 0.26171875 0.375 0.0078125 0.0171875
0 0.18828125 0.39375 0.0109375 0.021875
1 0.66875 0.36953125 0.025 0.0546875
1 0.38671875 0.3578125 0.0109375 0.0234375
0 0.3359375 0.35859375 0.009375 0.0203125
1 0.96953125 0.59296875 0.0609375 0.1828125
0 0.803125 0.32265625 0.0234375 0.046875