0 0.32265625 0.5734375 0.05625 0.096875
0 0.3625 0.475 0.0265625 0.0546875
0 0.3453125 0.4453125 0.01875 0.0390625
0 0.28359375 0.43359375 0.015625 0.0328125
0 0.21640625 0.42890625 0.0140625 0.0296875
0 0.165625 0.43203125 0.0140625 0.0296875
0 0.103125 0.4359375 0.0125 0.0265625
0 0.6671875 0.38046875 0.00625 0.0171875
1 0.2109375 0.415625 0.0109375 0.0234375
1 0.07265625 0.4296875 0.0140625 0.0265625
1 0.83828125 0.49921875 0.053125 0.0890625
1 0.66953125 0.43671875 0.028125 0.0515625
1 0.5328125 0.415625 0.015625 0.0328125
1 0.43046875 0.41015625 0.0140625 0.0296875
1 0.35625 0.40703125 0.0125 0.025
1 0.3046875 0.40546875 0.0125 0.025
1 0.66328125 0.37890625 0.0078125 0.015625