0 0.3375 0.29609375 0.0265625 0.059375
0 0.74921875 0.39140625 0.0125 0.03125
1 0.7109375 0.41640625 0.0203125 0.0484375
0 0.47109375 0.3109375 0.0171875 0.04375
0 0.696875 0.375 0.0125 0.03125
0 0.590625 0.340625 0.015625 0.0359375
0 0.7640625 0.37890625 0.009375 0.0234375
1 0.5796875 0.415625 0.0296875 0.0703125
1 0.8640625 0.459375 0.015625 0.0390625
1 0.8796875 0.43203125 0.0109375 0.025
1 0.50625 0.48359375 0.0484375 0.1109375
1 0.6234375 0.403125 0.0234375 0.0546875
1 0.840625 0.40859375 0.0078125 0.0203125
1 0.803125 0.44140625 0.0171875 0.0421875
1 0.89921875 0.46484375 0.0125 0.0328125
0 0.78203125 0.38984375 0.0078125 0.025
0 0.1265625 0.30859375 0.053125 0.103125
1 0.90546875 0.4515625 0.009375 0.028125
1 0.79453125 0.384375 0.00625 0.01875
0 0.7765625 0.39921875 0.0125 0.028125
1 0.790625 0.365625 0.0046875 0.0140625
1 0.7609375 0.353125 0.00625 0.0140625
0 0.87109375 0.39765625 0.00625 0.0140625
1 0.7125 0.33828125 0.00625 0.0140625
0 0.771875 0.35390625 0.0046875 0.0125
0 0.81953125 0.375 0.0046875 0.0109375
1 0.8515625 0.39140625 0.00625 0.0140625
1 0.82421875 0.3796875 0.00625 0.0140625
0 0.7375 0.36328125 0.0078125 0.0203125
1 0.94140625 0.43125 0.00625 0.0140625
0 0.65078125 0.315625 0.00625 0.0171875
0 0.9515625 0.43359375 0.0046875 0.0140625
1 0.71875 0.34296875 0.00625 0.0171875
0 0.66484375 0.31328125 0.00625 0.0140625
0 0.92421875 0.42265625 0.00625 0.0140625
0 0.6828125 0.33359375 0.00625 0.01875
0 0.64609375 0.309375 0.00625 0.015625
0 0.7296875 0.3375 0.0046875 0.0125
1 0.7359375 0.34296875 0.0046875 0.0140625
1 0.9 0.4140625 0.0046875 0.0140625
1 0.559375 0.73046875 0.0984375 0.2125
0 0.69296875 0.32265625 0.0046875 0.0125
1 0.740625 0.35625 0.00625 0.01875
0 0.90234375 0.41328125 0.0046875 0.0125
0 0.78515625 0.396875 0.0109375 0.0265625
1 0.7171875 0.33671875 0.0046875 0.0140625