0 0.04921875 0.3515625 0.021875 0.05625
0 0.3078125 0.315625 0.0140625 0.040625
1 0.4921875 0.278125 0.009375 0.028125
0 0.3546875 0.30625 0.0125 0.0359375
1 0.27421875 0.38046875 0.025 0.0703125
1 0.4578125 0.3390625 0.01875 0.0546875
0 0.1953125 0.33359375 0.0171875 0.0484375
0 0.36953125 0.2703125 0.00625 0.021875
1 0.52578125 0.2875 0.009375 0.028125
1 0.5359375 0.2984375 0.0125 0.034375
1 0.71015625 0.2640625 0.0046875 0.0171875
1 0.20703125 0.4171875 0.0296875 0.0875
0 0.4 0.26484375 0.00625 0.0203125
0 0.91796875 0.27578125 0.0078125 0.0203125
1 0.7640625 0.26875 0.0078125 0.0203125
1 0.31015625 0.5359375 0.05 0.140625
1 0.821875 0.27421875 0.0078125 0.0203125
0 0.39453125 0.28671875 0.009375 0.028125
1 0.47578125 0.271875 0.0078125 0.025
0 0.80234375 0.265625 0.0046875 0.0171875
1 0.503125 0.2625 0.00625 0.0203125
0 0.48515625 0.25625 0.0046875 0.015625
1 0.61484375 0.26015625 0.00625 0.0171875
1 0.67421875 0.2625 0.0046875 0.0171875
1 0.571875 0.259375 0.00625 0.0171875
0 0.43515625 0.259375 0.00625 0.0171875
1 0.48203125 0.2671875 0.0078125 0.021875
0 0.60234375 0.25546875 0.0046875 0.015625
0 0.66875 0.25703125 0.0046875 0.0140625
0 0.54140625 0.2546875 0.0046875 0.0171875
1 0.509375 0.31875 0.0140625 0.04375
0 0.3859375 0.2953125 0.0109375 0.03125
1 0.53515625 0.2609375 0.00625 0.01875
0 0.73359375 0.259375 0.0046875 0.015625
0 0.8703125 0.271875 0.0046875 0.0171875
0 0.384375 0.28125 0.0078125 0.025
1 0.8734375 0.2796875 0.009375 0.0234375
1 0.746875 0.71875 0.071875 0.2046875