0 0.30078125 0.33671875 0.025 0.0703125
0 0.896875 0.40703125 0.0125 0.0375
0 0.7390625 0.36640625 0.0125 0.0375
1 0.8046875 0.40546875 0.015625 0.0453125
1 0.44609375 0.5078125 0.0421875 0.13125
0 0.459375 0.3265625 0.0171875 0.05
0 0.603125 0.340625 0.0109375 0.0421875
1 0.69609375 0.38671875 0.0171875 0.0515625
1 0.50625 0.409375 0.0265625 0.0828125
1 0.59453125 0.38359375 0.021875 0.0625
1 0.94140625 0.4390625 0.015625 0.0453125
0 0.06328125 0.4125 0.028125 0.1265625
1 0.56171875 0.8171875 0.025 0.071875