1 0.18125 0.26640625 0.0203125 0.05625
1 0.3234375 0.3484375 0.0234375 0.0734375
0 0.81796875 0.3609375 0.00625 0.0171875
1 0.6828125 0.31484375 0.0046875 0.015625
1 0.40234375 0.43203125 0.0359375 0.1015625
1 0.74921875 0.34140625 0.00625 0.0171875
1 0.50625 0.6078125 0.0609375 0.1671875
0 0.7875 0.34921875 0.0046875 0.0171875
0 0.73984375 0.33125 0.0046875 0.0140625
1 0.1203125 0.14453125 0.003125 0.0109375
1 0.91796875 0.40078125 0.00625 0.0203125
1 0.41953125 0.22734375 0.0046875 0.0125
1 0.46171875 0.23984375 0.003125 0.0125
0 0.6953125 0.3046875 0.003125 0.0109375
1 0.66328125 0.29765625 0.0046875 0.0125
0 0.471875 0.2390625 0.003125 0.0109375
1 0.6421875 0.29609375 0.003125 0.0125
1 0.103125 0.15234375 0.0046875 0.0171875
0 0.725 0.325 0.0046875 0.0140625
1 0.62109375 0.28203125 0.003125 0.0109375
0 0.09921875 0.1359375 0.003125 0.0109375
0 0.94140625 0.40234375 0.00625 0.0171875
1 0.56640625 0.26484375 0.003125 0.0109375
1 0.85 0.37578125 0.00625 0.0203125
0 0.42890625 0.228125 0.003125 0.0109375
1 0.12890625 0.1515625 0.003125 0.0140625
1 0.94296875 0.421875 0.0078125 0.0265625
0 0.76171875 0.33984375 0.0046875 0.015625
1 0.54375 0.2609375 0.003125 0.0109375
1 0.6546875 0.29296875 0.003125 0.0109375
0 0.50234375 0.2484375 0.003125 0.009375
1 0.7890625 0.35703125 0.0046875 0.0171875
0 0.70390625 0.3140625 0.0046875 0.0140625
0 0.859375 0.37421875 0.00625 0.0171875
1 0.38671875 0.21796875 0.003125 0.0109375
0 0.67109375 0.296875 0.003125 0.009375
0 0.40703125 0.221875 0.003125 0.0109375
0 0.490625 0.2453125 0.003125 0.009375
1 0.49765625 0.24921875 0.003125 0.0125
1 0.3609375 0.209375 0.003125 0.0109375
1 0.55625 0.2625 0.003125 0.0109375
1 0.7109375 0.3265625 0.0046875 0.0171875
1 0.58515625 0.26953125 0.003125 0.0109375
0 0.45234375 0.2359375 0.003125 0.0109375
1 0.125 0.1484375 0.0046875 0.0125
1 0.23671875 0.171875 0.003125 0.0109375
0 0.53984375 0.25546875 0.003125 0.0078125
1 0.64609375 0.2984375 0.003125 0.0140625
1 0.63828125 0.2875 0.003125 0.0109375
0 0.51796875 0.25078125 0.003125 0.009375
1 0.12109375 0.1546875 0.0046875 0.0140625
1 0.525 0.25703125 0.003125 0.0109375
1 0.6578125 0.30546875 0.0046875 0.0140625
1 0.21484375 0.165625 0.003125 0.009375
1 0.26484375 0.1796875 0.003125 0.009375
0 0.7140625 0.3140625 0.003125 0.0125
0 0.13828125 0.1453125 0.003125 0.0109375
1 0.32421875 0.1984375 0.003125 0.0109375
0 0.57109375 0.26484375 0.003125 0.009375
1 0.1859375 0.159375 0.003125 0.0109375
1 0.159375 0.15234375 0.003125 0.0109375
0 0.6421875 0.28515625 0.003125 0.009375
0 0.3890625 0.21640625 0.003125 0.009375
1 0.940625 0.4125 0.00625 0.0203125
1 0.64765625 0.2953125 0.003125 0.0140625
1 0.60546875 0.27578125 0.003125 0.0109375
0 0.60703125 0.275 0.003125 0.0078125
1 0.13046875 0.1546875 0.003125 0.0140625
1 0.140625 0.146875 0.003125 0.0109375
0 0.18125 0.15546875 0.003125 0.0109375
0 0.22421875 0.1671875 0.003125 0.0109375
0 0.2625 0.178125 0.003125 0.009375
0 0.29375 0.1875 0.003125 0.009375
1 0.29609375 0.190625 0.003125 0.0109375
0 0.353125 0.20546875 0.003125 0.0109375
0 0.71015625 0.31953125 0.003125 0.0125
0 0.7109375 0.3109375 0.0046875 0.0109375