0 0.25 0.37421875 0.0203125 0.075
1 0.5734375 0.384375 0.0171875 0.0625
0 0.4890625 0.3078125 0.0078125 0.0328125
0 0.4078125 0.34140625 0.0140625 0.05
1 0.92578125 0.371875 0.0109375 0.03125
1 0.77265625 0.37890625 0.0125 0.0453125
1 0.89765625 0.35546875 0.0078125 0.0265625
1 0.328125 0.284375 0.009375 0.0328125
1 0.49453125 0.58515625 0.04375 0.1484375
0 0.60703125 0.3328125 0.009375 0.0375
0 0.42734375 0.290625 0.0078125 0.028125
0 0.809375 0.34921875 0.0078125 0.03125
0 0.421875 0.2734375 0.00625 0.0234375
0 0.40859375 0.28046875 0.0078125 0.028125
1 0.89765625 0.39609375 0.015625 0.04375
1 0.3203125 0.26953125 0.0078125 0.0265625
1 0.496875 0.43359375 0.025 0.0875
0 0.77265625 0.3296875 0.00625 0.0265625
0 0.6984375 0.3453125 0.009375 0.0390625
0 0.725 0.31484375 0.00625 0.025
0 0.5515625 0.28359375 0.0046875 0.0171875
1 0.66484375 0.37421875 0.015625 0.0546875
1 0.3515625 0.2625 0.0046875 0.021875
0 0.49921875 0.27734375 0.0046875 0.0203125
1 0.4078125 0.3125 0.0109375 0.040625
1 0.40390625 0.26328125 0.0046875 0.0203125
0 0.4546875 0.2734375 0.0046875 0.021875
1 0.76640625 0.31640625 0.0046875 0.021875
1 0.53671875 0.27578125 0.0046875 0.0203125
0 0.6640625 0.30234375 0.0046875 0.0203125
1 0.46796875 0.26796875 0.0046875 0.0171875
1 0.68203125 0.29921875 0.0046875 0.0203125
1 0.83828125 0.3359375 0.0078125 0.025
0 0.80546875 0.3390625 0.0078125 0.0265625
0 0.60078125 0.28984375 0.0046875 0.01875
0 0.77578125 0.35078125 0.009375 0.0375
1 0.6 0.28515625 0.0046875 0.0203125