1 0.34921875 0.57890625 0.0671875 0.1609375
1 0.1109375 0.47734375 0.0453125 0.109375
1 0.0109375 0.27578125 0.00625 0.0171875
1 0.05546875 0.275 0.0046875 0.015625
1 0.13359375 0.26953125 0.0046875 0.015625
1 0.1859375 0.26484375 0.0046875 0.015625
1 0.2234375 0.26171875 0.00625 0.0140625
1 0.2484375 0.25703125 0.0046875 0.0140625
1 0.45859375 0.24765625 0.0046875 0.0109375
1 0.46875 0.25 0.0046875 0.0125
1 0.4859375 0.2515625 0.0046875 0.0140625
1 0.521875 0.2515625 0.0046875 0.0140625
1 0.559375 0.25234375 0.0046875 0.0140625
1 0.59765625 0.253125 0.0046875 0.0140625
1 0.64296875 0.25234375 0.00625 0.0171875
1 0.88046875 0.25 0.0046875 0.0140625
1 0.6875 0.25234375 0.0046875 0.015625
1 0.72421875 0.2515625 0.00625 0.015625
1 0.75234375 0.2515625 0.0046875 0.0140625
1 0.78671875 0.2515625 0.00625 0.015625
1 0.83515625 0.24921875 0.0046875 0.0140625
0 0.03046875 0.26953125 0.0046875 0.015625
0 0.0609375 0.26875 0.0046875 0.015625
0 0.0875 0.26796875 0.0046875 0.015625
0 0.12265625 0.26640625 0.0046875 0.0140625
0 0.15234375 0.26328125 0.0046875 0.0140625
0 0.1765625 0.2609375 0.0046875 0.0140625
0 0.19453125 0.25859375 0.0046875 0.0140625
0 0.21640625 0.2546875 0.0046875 0.0125
0 0.66640625 0.2484375 0.0046875 0.0140625
0 0.69453125 0.2484375 0.0046875 0.0140625
0 0.7171875 0.2484375 0.0046875 0.0140625
0 0.74609375 0.24765625 0.0046875 0.0140625
0 0.79453125 0.24609375 0.0046875 0.0140625
0 0.85 0.2453125 0.0046875 0.0140625
0 0.915625 0.246875 0.0046875 0.0140625