0 0.2796875 0.32890625 0.0171875 0.05625
0 0.396875 0.296875 0.009375 0.040625
0 0.90859375 0.328125 0.00625 0.021875
0 0.09609375 0.41171875 0.0328125 0.1
0 0.621875 0.29375 0.00625 0.0296875
1 0.53828125 0.36328125 0.0125 0.053125
0 0.73984375 0.3078125 0.00625 0.0265625
0 0.4921875 0.28125 0.00625 0.0296875
0 0.79609375 0.3140625 0.0046875 0.025
1 0.49609375 0.434375 0.01875 0.08125
1 0.62578125 0.334375 0.009375 0.0421875
1 0.64453125 0.66796875 0.053125 0.178125
0 0.8484375 0.3203125 0.00625 0.0234375
1 0.93671875 0.35078125 0.0078125 0.028125
1 0.715625 0.33046875 0.0078125 0.034375
1 0.83359375 0.340625 0.00625 0.0296875