1 0.815625 0.5078125 0.0265625 0.0953125
1 0.41953125 0.2734375 0.0078125 0.0296875
1 0.915625 0.4125 0.0140625 0.0453125
0 0.809375 0.35 0.0078125 0.028125
0 0.93046875 0.390625 0.0109375 0.0359375
0 0.48515625 0.2734375 0.00625 0.025
0 0.37734375 0.25703125 0.0078125 0.025
1 0.34296875 0.26796875 0.0078125 0.034375
1 0.75703125 0.346875 0.0078125 0.0328125
0 0.7 0.31953125 0.0078125 0.025
0 0.17578125 0.24375 0.009375 0.0359375
1 0.53359375 0.4578125 0.028125 0.1
1 0.30546875 0.3765625 0.0265625 0.084375
1 0.83984375 0.3765625 0.009375 0.0375
1 0.50390625 0.2859375 0.00625 0.028125
1 0.275 0.26953125 0.009375 0.0390625
1 0.67578125 0.32265625 0.0078125 0.028125
0 0.2734375 0.246875 0.0046875 0.0296875
1 0.2203125 0.3140625 0.0140625 0.0625
0 0.52421875 0.7390625 0.065625 0.21875
0 0.59453125 0.29453125 0.0046875 0.025
1 0.590625 0.303125 0.00625 0.0265625
1 0.22734375 0.2828125 0.0078125 0.05