0 0.10078125 0.38125 0.021875 0.0671875
0 0.28828125 0.31484375 0.0078125 0.0296875
0 0.315625 0.30546875 0.0078125 0.028125
1 0.34765625 0.45703125 0.025 0.0921875
1 0.3859375 0.3609375 0.015625 0.0484375
0 0.1953125 0.34296875 0.0140625 0.046875
1 0.4 0.33984375 0.0109375 0.040625
0 0.36015625 0.2875 0.00625 0.021875
1 0.82734375 0.37421875 0.009375 0.03125
1 0.47265625 0.68125 0.059375 0.190625
1 0.36875 0.3921875 0.0171875 0.0609375
1 0.41171875 0.32421875 0.0078125 0.0328125
1 0.41953125 0.3140625 0.00625 0.028125
0 0.24765625 0.32734375 0.009375 0.0375
0 0.33671875 0.296875 0.0046875 0.025
0 0.378125 0.28046875 0.0046875 0.0203125
0 0.39296875 0.27265625 0.0046875 0.0171875
0 0.40234375 0.26796875 0.0046875 0.0171875
0 0.415625 0.26328125 0.003125 0.0140625
0 0.43046875 0.2609375 0.003125 0.0140625
0 0.44140625 0.2578125 0.003125 0.0140625
1 0.4375 0.2984375 0.0046875 0.021875
1 0.446875 0.290625 0.0046875 0.01875
1 0.4515625 0.2828125 0.0046875 0.0171875
1 0.459375 0.27578125 0.0046875 0.0171875
1 0.4671875 0.27109375 0.003125 0.015625
1 0.47265625 0.26796875 0.003125 0.0140625
1 0.83359375 0.334375 0.0046875 0.0171875
1 0.8203125 0.3265625 0.0046875 0.0171875
1 0.81015625 0.3375 0.0046875 0.01875
0 0.8453125 0.32578125 0.0046875 0.015625
0 0.81328125 0.31796875 0.003125 0.0140625
1 0.7734375 0.35 0.00625 0.025
1 0.7828125 0.3421875 0.00625 0.0203125
1 0.7828125 0.31640625 0.003125 0.0140625
0 0.77734375 0.309375 0.003125 0.0140625
0 0.878125 0.3625 0.00625 0.025
0 0.88203125 0.35703125 0.0046875 0.021875
0 0.88671875 0.33828125 0.003125 0.015625
0 0.92265625 0.38046875 0.0078125 0.028125
0 0.9125 0.35859375 0.0046875 0.021875
0 0.91484375 0.35078125 0.0046875 0.0171875
0 0.44765625 0.25390625 0.003125 0.0125
0 0.46015625 0.25234375 0.0015625 0.0109375
0 0.47109375 0.253125 0.003125 0.0109375
1 0.48125 0.26484375 0.0015625 0.0109375
1 0.4953125 0.26171875 0.0015625 0.0109375
0 0.4984375 0.2546875 0.0015625 0.0109375
0 0.53984375 0.2609375 0.0015625 0.0109375
1 0.52734375 0.26328125 0.0015625 0.0125
1 0.571875 0.26875 0.0015625 0.0109375
0 0.58359375 0.26796875 0.0015625 0.0109375
1 0.61640625 0.27578125 0.0015625 0.0125
0 0.64375 0.27734375 0.0015625 0.0109375
1 0.65859375 0.28515625 0.0015625 0.0140625
0 0.6765625 0.284375 0.0015625 0.0125
1 0.69765625 0.29453125 0.003125 0.0140625
0 0.70703125 0.29140625 0.003125 0.0125
0 0.74296875 0.3 0.003125 0.0125
1 0.740625 0.30546875 0.003125 0.0140625