0 0.59140625 0.3171875 0.0203125 0.0609375
0 0.20234375 0.3015625 0.0109375 0.03125
0 0.4421875 0.26640625 0.009375 0.034375
0 0.61875 0.42578125 0.034375 0.1109375
1 0.53125 0.24296875 0.00625 0.025
1 0.19140625 0.2890625 0.0078125 0.0265625
0 0.32265625 0.28203125 0.009375 0.0328125
1 0.9125 0.18828125 0.0078125 0.0265625
0 0.521875 0.278125 0.0125 0.0421875
1 0.6296875 0.246875 0.0109375 0.0359375
1 0.76640625 0.2625 0.01875 0.0515625
0 0.10078125 0.315625 0.0109375 0.0328125
1 0.11484375 0.296875 0.0078125 0.0265625
1 0.290625 0.27421875 0.0078125 0.025
0 0.8671875 0.18125 0.00625 0.0203125
1 0.25390625 0.25859375 0.0046875 0.015625
0 0.38984375 0.76484375 0.0515625 0.1890625
1 0.071875 0.290625 0.00625 0.0171875
0 0.03359375 0.32109375 0.00625 0.028125
1 0.30234375 0.25 0.0046875 0.015625
1 0.12734375 0.2796875 0.0046875 0.0171875
0 0.22109375 0.26015625 0.0046875 0.0125
1 0.06796875 0.2984375 0.0078125 0.025
1 0.42265625 0.2578125 0.0078125 0.025
0 0.09140625 0.2796875 0.0046875 0.015625
1 0.5609375 0.21171875 0.0046875 0.0171875
1 0.45234375 0.22578125 0.0046875 0.015625
1 0.19375 0.26875 0.0046875 0.0171875
0 0.4625 0.22421875 0.0046875 0.0140625
0 0.15078125 0.271875 0.0046875 0.015625
1 0.403125 0.23359375 0.0046875 0.015625
0 0.27734375 0.2515625 0.0046875 0.0140625
1 0.63515625 0.2015625 0.00625 0.01875
1 0.84609375 0.190625 0.00625 0.021875
1 0.35 0.24140625 0.0046875 0.015625
0 0.72421875 0.19375 0.0046875 0.0171875
0 0.78671875 0.18671875 0.0046875 0.0171875
1 0.70625 0.19609375 0.00625 0.01875
1 0.7703125 0.1953125 0.0046875 0.0140625
1 0.5109375 0.21796875 0.0046875 0.015625
0 0.66015625 0.2 0.0046875 0.0171875
0 0.5875 0.20859375 0.0046875 0.0140625
0 0.521875 0.2171875 0.0046875 0.0171875