1 0.3359375 0.48046875 0.028125 0.0625
0 0.071875 0.54921875 0.028125 0.0640625
0 0.225 0.459375 0.015625 0.0375
1 0.80546875 0.34921875 0.015625 0.0359375
0 0.3109375 0.4234375 0.0125 0.0296875
0 0.0828125 0.4796875 0.0109375 0.0265625
0 0.90234375 0.31640625 0.015625 0.03125
0 0.66328125 0.33671875 0.009375 0.0203125
0 0.12578125 0.4578125 0.0109375 0.028125
0 0.73984375 0.32421875 0.0109375 0.0234375
0 0.83046875 0.31640625 0.0109375 0.0265625
0 0.38359375 0.4015625 0.0109375 0.025
1 0.57578125 0.365625 0.0109375 0.0265625
1 0.6390625 0.60546875 0.0390625 0.1203125
0 0.14921875 0.49921875 0.01875 0.0453125
1 0.87109375 0.359375 0.021875 0.046875
0 0.525 0.3640625 0.009375 0.025
1 0.6828125 0.34140625 0.0109375 0.0265625
1 0.05703125 0.47578125 0.0078125 0.0203125
1 0.76171875 0.33984375 0.0125 0.03125
0 0.5953125 0.35 0.009375 0.0203125
1 0.30859375 0.45859375 0.0203125 0.046875
0 0.153125 0.44765625 0.0078125 0.0203125
1 0.36484375 0.42734375 0.015625 0.0375
0 0.07109375 0.61484375 0.034375 0.0953125
0 0.07109375 0.46015625 0.0078125 0.0171875
1 0.43828125 0.5296875 0.0421875 0.09375
1 0.46328125 0.39375 0.0109375 0.03125