0 0.1359375 0.3609375 0.009375 0.0140625
0 0.23515625 0.36796875 0.0109375 0.015625
0 0.34921875 0.375 0.009375 0.015625
0 0.4984375 0.3828125 0.009375 0.0140625
0 0.66484375 0.39921875 0.009375 0.0140625
1 0.44765625 0.43671875 0.025 0.046875
1 0.5375 0.4765625 0.03125 0.0625
1 0.76015625 0.62421875 0.0703125 0.128125
1 0.2890625 0.4140625 0.0203125 0.0390625
1 0.9234375 0.41484375 0.00625 0.0140625
1 0.91875 0.4078125 0.0046875 0.0109375
1 0.871875 0.40703125 0.0046875 0.0140625
1 0.86953125 0.403125 0.0046875 0.0109375