0 0.78828125 0.359375 0.0203125 0.0484375
0 0.48125 0.503125 0.040625 0.0984375
0 0.79296875 0.3390625 0.015625 0.0375
1 0.68515625 0.2921875 0.0046875 0.0125
0 0.684375 0.409375 0.0265625 0.0640625
1 0.88203125 0.31171875 0.0140625 0.0328125
0 0.73125 0.33125 0.0125 0.03125
1 0.86484375 0.284375 0.009375 0.0203125
1 0.85703125 0.2921875 0.009375 0.0203125
0 0.64453125 0.32265625 0.009375 0.021875
1 0.71484375 0.2921875 0.0046875 0.0140625
0 0.68203125 0.3265625 0.0109375 0.0265625
0 0.65390625 0.31015625 0.00625 0.015625
1 0.91875 0.29140625 0.0078125 0.0265625
0 0.6953125 0.28828125 0.0046875 0.0109375
0 0.1640625 0.8109375 0.1 0.2078125
0 0.6328125 0.3015625 0.0046875 0.0140625
1 0.73203125 0.30859375 0.00625 0.0171875
1 0.82890625 0.2703125 0.0046875 0.0109375
1 0.79921875 0.3109375 0.0109375 0.025
0 0.66796875 0.3046875 0.00625 0.015625
1 0.875 0.27890625 0.0078125 0.0171875
1 0.9515625 0.525 0.04375 0.134375
0 0.64140625 0.3171875 0.00625 0.0203125
0 0.68828125 0.29921875 0.00625 0.015625
1 0.6890625 0.29375 0.0046875 0.0140625
1 0.7546875 0.31015625 0.009375 0.0203125