0 0.015625 0.3109375 0.0125 0.0296875
0 0.76171875 0.10390625 0.0109375 0.025
0 0.66484375 0.12734375 0.0109375 0.025
0 0.8671875 0.28359375 0.05 0.0984375
0 0.59375 0.48515625 0.0703125 0.1546875
0 0.11171875 0.271875 0.009375 0.0234375
0 0.5875 0.14453125 0.009375 0.0234375
1 0.521875 0.146875 0.00625 0.0140625
1 0.21015625 0.23203125 0.0078125 0.0171875
0 0.53203125 0.15390625 0.009375 0.0203125
1 0.00546875 0.29453125 0.00625 0.0140625
0 0.47890625 0.16015625 0.00625 0.01875
0 0.1921875 0.24296875 0.009375 0.0203125
0 0.36171875 0.1921875 0.00625 0.0171875
1 0.04921875 0.2859375 0.009375 0.021875
1 0.12734375 0.25859375 0.0078125 0.0171875
1 0.63046875 0.1265625 0.009375 0.01875
1 0.8296875 0.084375 0.0078125 0.01875
0 0.03203125 0.28203125 0.0046875 0.0125
1 0.13046875 0.253125 0.0046875 0.0125
1 0.71015625 0.10859375 0.0078125 0.0171875
1 0.25078125 0.215625 0.00625 0.0140625
0 0.309375 0.20703125 0.0078125 0.0171875
1 0.36796875 0.18515625 0.00625 0.015625
1 0.45546875 0.159375 0.0046875 0.0109375
0 0.06953125 0.26953125 0.0046875 0.0109375
1 0.56484375 0.13984375 0.0078125 0.0171875
1 0.44375 0.16484375 0.00625 0.0171875
0 0.1140625 0.2546875 0.0046875 0.0140625
0 0.415625 0.1765625 0.0078125 0.0171875
0 0.25859375 0.22109375 0.0078125 0.0171875
1 0.28984375 0.20625 0.00625 0.0171875
0 0.3578125 0.18359375 0.0046875 0.0109375
1 0.34453125 0.1859375 0.00625 0.0125
1 0.21484375 0.228125 0.0046875 0.0109375
1 0.07578125 0.27109375 0.00625 0.0140625
1 0.39921875 0.17421875 0.0046875 0.0125
0 0.4015625 0.1703125 0.003125 0.0109375
0 0.1765625 0.2359375 0.0046875 0.0109375
1 0.16953125 0.240625 0.0046875 0.0125