1 0.45078125 0.365625 0.0234375 0.0578125
0 0.2203125 0.36015625 0.0203125 0.0484375
1 0.45859375 0.4078125 0.03125 0.075
0 0.11328125 0.33671875 0.015625 0.0375
0 0.20625 0.37890625 0.0265625 0.0609375
0 0.16484375 0.3390625 0.0171875 0.0375
0 0.196875 0.34609375 0.0171875 0.04375
1 0.4953125 0.52109375 0.053125 0.128125
1 0.28046875 0.315625 0.0125 0.0296875
0 0.04765625 0.33828125 0.015625 0.0359375
1 0.20546875 0.31484375 0.0125 0.028125
1 0.3484375 0.32265625 0.015625 0.034375
1 0.265625 0.27734375 0.00625 0.015625
1 0.7609375 0.2515625 0.0046875 0.0109375
1 0.78515625 0.25078125 0.0046875 0.0109375
1 0.0890625 0.29140625 0.0078125 0.0171875
0 0.146875 0.41796875 0.0328125 0.0734375
0 0.2265625 0.27734375 0.0046875 0.0140625
1 0.00703125 0.32265625 0.0125 0.028125
1 0.87890625 0.26953125 0.0078125 0.0171875
1 0.1203125 0.3171875 0.0125 0.0296875
1 0.81328125 0.2609375 0.00625 0.015625
0 0.2 0.28046875 0.00625 0.0140625
1 0.425 0.34375 0.01875 0.0453125
1 0.23046875 0.28203125 0.00625 0.015625
0 0.00078125 0.2953125 0.0015625 0.01875
1 0.29375 0.27421875 0.0046875 0.0140625
1 0.040625 0.296875 0.0078125 0.0171875
1 0.803125 0.2515625 0.0046875 0.0109375
1 0.12578125 0.28828125 0.00625 0.015625
1 0.83984375 0.25390625 0.0046875 0.0109375
1 0.1875 0.28515625 0.00625 0.015625
0 0.74765625 0.25 0.0046875 0.0109375
1 0.6203125 0.2578125 0.0046875 0.0109375
0 0.8953125 0.25234375 0.0046875 0.0109375
0 0.89140625 0.259375 0.0046875 0.0140625
1 0.6578125 0.25625 0.0046875 0.0109375
1 0.8234375 0.2640625 0.00625 0.0140625
1 0.84765625 0.26640625 0.00625 0.015625
0 0.13828125 0.28359375 0.00625 0.0140625
1 0.57890625 0.2578125 0.0046875 0.0109375
1 0.3109375 0.27265625 0.00625 0.0140625
0 0.17734375 0.28203125 0.00625 0.015625
0 0.63359375 0.25546875 0.0046875 0.0125
0 0.24609375 0.275 0.0046875 0.0140625
1 0.709375 0.25390625 0.0046875 0.0109375
0 0.0703125 0.2890625 0.00625 0.015625
0 0.56953125 0.25625 0.0046875 0.009375
0 0.83125 0.25 0.0046875 0.009375
1 0.6875 0.25625 0.0046875 0.0109375
0 0.61328125 0.25546875 0.0046875 0.0125
1 0.8234375 0.25234375 0.0046875 0.0109375
1 0.84765625 0.25546875 0.0046875 0.0140625
0 0.86640625 0.2515625 0.00625 0.0140625
0 0.65390625 0.2546875 0.0046875 0.0109375
1 0.7390625 0.25234375 0.0046875 0.0109375
0 0.58984375 0.25546875 0.003125 0.0109375
1 0.3234375 0.2703125 0.0046875 0.0125
0 0.26015625 0.27421875 0.00625 0.0140625
0 0.7890625 0.25 0.0046875 0.0109375
0 0.27890625 0.26953125 0.0046875 0.0125
1 0.7265625 0.25234375 0.0046875 0.0109375
1 0.81640625 0.7640625 0.028125 0.05
0 0.271875 0.271875 0.00625 0.0140625
0 0.28125 0.26796875 0.00625 0.0140625
0 0.684375 0.25234375 0.003125 0.0078125
1 0.33984375 0.2609375 0.003125 0.0078125
0 0.2890625 0.26328125 0.003125 0.009375
1 0.32890625 0.265625 0.003125 0.009375
1 0.54765625 0.25859375 0.0046875 0.0109375
0 0.6671875 0.25234375 0.003125 0.0109375
1 0.84921875 0.25390625 0.0046875 0.0125
0 0.89375 0.25859375 0.0046875 0.0140625
1 0.52421875 0.25859375 0.0046875 0.0109375
0 0.51953125 0.2546875 0.003125 0.0109375
1 0.49140625 0.25625 0.003125 0.0109375
1 0.3546875 0.26015625 0.003125 0.009375
1 0.375 0.25859375 0.003125 0.009375
1 0.39921875 0.2578125 0.003125 0.0109375
1 0.4171875 0.25703125 0.003125 0.009375
1 0.440625 0.2578125 0.0046875 0.0109375
1 0.4671875 0.2578125 0.003125 0.009375
0 0.40703125 0.25625 0.0046875 0.009375
0 0.896875 0.26328125 0.00625 0.0125