1 0.51640625 0.5171875 0.0421875 0.1078125
0 0.875 0.465625 0.0109375 0.0265625
0 0.31640625 0.3296875 0.0203125 0.053125
0 0.55625 0.3734375 0.0125 0.03125
0 0.653125 0.39453125 0.0109375 0.028125
0 0.13984375 0.31796875 0.0328125 0.0796875
1 0.53515625 0.43046875 0.021875 0.059375
0 0.44453125 0.3515625 0.015625 0.0390625
1 0.8109375 0.46875 0.0140625 0.034375
1 0.92734375 0.50625 0.0140625 0.034375
1 0.7078125 0.81171875 0.0546875 0.15625
1 0.7 0.44140625 0.0140625 0.0375
0 0.7515625 0.41796875 0.0109375 0.025
1 0.60546875 0.42734375 0.0171875 0.04375
0 0.15703125 0.1609375 0.0046875 0.0125
0 0.17265625 0.165625 0.0046875 0.0125
0 0.18046875 0.16953125 0.003125 0.0125