0 0.57421875 0.49375 0.0484375 0.140625
0 0.76640625 0.36171875 0.028125 0.08125
0 0.88359375 0.31015625 0.0203125 0.0625
0 0.4828125 0.17734375 0.0046875 0.0171875
0 0.44140625 0.175 0.0046875 0.015625
0 0.5390625 0.17890625 0.0046875 0.0171875
0 0.61796875 0.17890625 0.0046875 0.01875
0 0.68515625 0.1765625 0.0046875 0.0171875
0 0.7296875 0.17265625 0.0046875 0.0125
1 0.58125 0.1703125 0.0046875 0.0171875
1 0.63515625 0.1703125 0.0046875 0.015625
1 0.678125 0.16953125 0.0046875 0.0125
1 0.52890625 0.16953125 0.0046875 0.0140625