1 0.4296875 0.51015625 0.053125 0.1078125
1 0.33828125 0.39296875 0.034375 0.0671875
1 0.2609375 0.32890625 0.0234375 0.0484375
1 0.190625 0.2890625 0.01875 0.0375
0 0.2171875 0.246875 0.0078125 0.0171875
1 0.20078125 0.2546875 0.009375 0.0234375
1 0.11171875 0.225 0.0078125 0.0171875
1 0.140625 0.26171875 0.015625 0.034375
1 0.675 0.81328125 0.0546875 0.1265625
0 0.103125 0.23515625 0.0078125 0.021875
1 0.13984375 0.25078125 0.0125 0.028125
0 0.171875 0.2421875 0.0109375 0.0203125
1 0.18046875 0.23515625 0.00625 0.0171875
0 0.2015625 0.24140625 0.00625 0.0171875
0 0.0734375 0.36875 0.03125 0.0859375
1 0.2484375 0.2625 0.009375 0.021875
1 0.2765625 0.259375 0.00625 0.0171875
1 0.290625 0.26953125 0.0078125 0.01875
1 0.29375 0.2671875 0.0078125 0.0171875
1 0.2359375 0.2453125 0.0078125 0.015625
0 0.15703125 0.23359375 0.009375 0.0234375