0 0.396875 0.31640625 0.0203125 0.0515625
0 0.1828125 0.3 0.01875 0.0453125
0 0.478125 0.34609375 0.025 0.0625
0 0.3 0.30390625 0.0171875 0.0453125
0 0.5015625 0.5265625 0.0609375 0.146875
0 0.71640625 0.28359375 0.0140625 0.034375
1 0.89140625 0.29609375 0.015625 0.0375
0 0.9515625 0.2828125 0.0140625 0.03125
0 0.821875 0.2796875 0.0125 0.03125
1 0.734375 0.33984375 0.025 0.059375
1 0.75390625 0.3140625 0.01875 0.0453125
1 0.23984375 0.27890625 0.0140625 0.0375
1 0.790625 0.396875 0.0359375 0.0828125
1 0.8109375 0.3 0.015625 0.0390625
0 0.63125 0.29375 0.0140625 0.0390625
1 0.3796875 0.284375 0.0140625 0.0375
1 0.5 0.2953125 0.0140625 0.040625
0 0.52421875 0.403125 0.025 0.0859375