1 0.6109375 0.37578125 0.01875 0.0578125
0 0.5703125 0.3109375 0.009375 0.028125
0 0.30078125 0.36328125 0.01875 0.0515625
0 0.19140625 0.4140625 0.028125 0.0765625
0 0.5 0.32265625 0.0125 0.0328125
0 0.62578125 0.30234375 0.0078125 0.025
1 0.671875 0.34296875 0.0140625 0.040625
0 0.41328125 0.33828125 0.0125 0.0390625
1 0.721875 0.3203125 0.0109375 0.03125
1 0.86484375 0.30546875 0.00625 0.021875
0 0.67890625 0.29765625 0.0078125 0.021875
0 0.88828125 0.3 0.00625 0.0203125
1 0.53515625 0.46796875 0.034375 0.0984375
1 0.75625 0.31015625 0.009375 0.025
0 0.565625 0.24296875 0.003125 0.0109375
0 0.91796875 0.26171875 0.0046875 0.0140625
0 0.740625 0.29609375 0.00625 0.01875
0 0.7765625 0.24609375 0.003125 0.009375
1 0.5765625 0.2375 0.003125 0.0109375
1 0.8 0.3046875 0.009375 0.0234375
0 0.61171875 0.2421875 0.003125 0.0125
1 0.78125 0.24296875 0.003125 0.0109375
0 0.7421875 0.24375 0.003125 0.0109375
0 0.80390625 0.296875 0.00625 0.0203125
0 0.67890625 0.23984375 0.003125 0.0109375
0 0.5125 0.23984375 0.003125 0.0125
1 0.60859375 0.23515625 0.003125 0.0109375
1 0.884375 0.2453125 0.003125 0.0109375
0 0.8546875 0.2515625 0.003125 0.0109375
1 0.68125 0.23671875 0.003125 0.009375
1 0.8921875 0.2515625 0.003125 0.0109375
0 0.88515625 0.25703125 0.003125 0.0109375
1 0.67265625 0.234375 0.003125 0.009375
1 0.72890625 0.2390625 0.003125 0.0109375
0 0.81171875 0.24765625 0.003125 0.0109375
0 0.64453125 0.240625 0.003125 0.0109375
1 0.53828125 0.23515625 0.003125 0.0109375
0 0.7140625 0.2421875 0.003125 0.0109375
1 0.83515625 0.246875 0.003125 0.0109375
1 0.91953125 0.25625 0.0046875 0.0125
1 0.50078125 0.23203125 0.003125 0.0109375
1 0.80703125 0.24296875 0.003125 0.009375
1 0.69765625 0.23515625 0.0015625 0.0078125
1 0.63984375 0.2359375 0.003125 0.0109375
1 0.5859375 0.23046875 0.003125 0.009375
1 0.76640625 0.2375 0.003125 0.009375
1 0.725 0.2359375 0.003125 0.009375
0 0.44140625 0.23203125 0.0015625 0.0109375
0 0.85234375 0.2421875 0.003125 0.009375
1 0.6421875 0.2328125 0.003125 0.009375
0 0.80859375 0.23984375 0.0015625 0.0109375
1 0.85078125 0.24375 0.003125 0.0109375
0 0.775 0.2390625 0.0015625 0.0078125
0 0.734375 0.23515625 0.003125 0.0078125
0 0.66953125 0.23046875 0.003125 0.0078125
1 0.6171875 0.23046875 0.003125 0.0078125
0 0.60390625 0.228125 0.0015625 0.0078125
0 0.578125 0.228125 0.0015625 0.009375
0 0.5578125 0.22734375 0.003125 0.0078125
1 0.5515625 0.23046875 0.003125 0.0109375
1 0.5140625 0.22890625 0.003125 0.009375
1 0.48671875 0.23046875 0.003125 0.009375
1 0.46328125 0.23203125 0.0015625 0.009375
1 0.4734375 0.23203125 0.0015625 0.0109375
0 0.4734375 0.23671875 0.003125 0.0109375
0 0.4640625 0.2265625 0.003125 0.009375
1 0.45234375 0.23125 0.003125 0.0078125
0 0.421875 0.23125 0.003125 0.0109375
0 0.41953125 0.23046875 0.003125 0.0109375
0 0.409375 0.23046875 0.0015625 0.009375
0 0.4078125 0.23046875 0.0015625 0.0078125
1 0.91953125 0.24609375 0.003125 0.0109375
0 0.89453125 0.24296875 0.003125 0.0109375
0 0.70078125 0.23359375 0.0015625 0.00625
1 0.45 0.23203125 0.0015625 0.009375