0 0.384375 0.5640625 0.0078125 0.0140625
0 0.39609375 0.56640625 0.0078125 0.015625
0 0.38359375 0.5734375 0.0109375 0.01875
0 0.3671875 0.58203125 0.0140625 0.0234375
0 0.35234375 0.5625 0.0078125 0.0140625
0 0.33828125 0.596875 0.0171875 0.0296875
0 0.28515625 0.625 0.025 0.04375
0 0.15859375 0.69765625 0.0578125 0.08125
0 0.084375 0.5703125 0.0109375 0.0171875
0 0.21484375 0.5640625 0.009375 0.0171875
0 0.3171875 0.56328125 0.009375 0.0140625
1 0.7171875 0.7109375 0.05625 0.0828125
1 0.59296875 0.63125 0.028125 0.04375
1 0.553125 0.6015625 0.021875 0.0296875
1 0.53515625 0.5859375 0.0140625 0.0203125
1 0.52421875 0.57578125 0.009375 0.0171875
1 0.51484375 0.56953125 0.0078125 0.0140625
1 0.5 0.565625 0.00625 0.0125
1 0.45703125 0.56328125 0.00625 0.0125
1 0.41875 0.5609375 0.00625 0.0109375
1 0.36328125 0.56015625 0.00625 0.0125
1 0.16875 0.5640625 0.009375 0.0140625
1 0.2671875 0.56015625 0.00625 0.0140625
1 0.3125 0.559375 0.00625 0.0125