1 0.87890625 0.62265625 0.0859375 0.178125
0 0.44609375 0.50546875 0.0328125 0.0765625
0 0.67578125 0.39375 0.0203125 0.04375
0 0.56015625 0.44140625 0.025 0.0578125
0 0.7765625 0.36640625 0.0171875 0.040625
0 0.31171875 0.44765625 0.0171875 0.0375
0 0.29453125 0.625 0.0609375 0.13125
1 0.17890625 0.46640625 0.0140625 0.034375
0 0.39140625 0.42265625 0.0140625 0.034375
1 0.3546875 0.40546875 0.009375 0.0234375
0 0.3921875 0.3921875 0.0078125 0.0203125
1 0.04453125 0.4796875 0.015625 0.034375
0 0.46953125 0.3890625 0.0109375 0.0234375
0 0.440625 0.40390625 0.0125 0.0265625
0 0.20859375 0.47890625 0.01875 0.040625
1 0.0671875 0.49765625 0.0171875 0.0390625
1 0.2671875 0.44296875 0.0125 0.0296875
0 0.25 0.41328125 0.0078125 0.0171875
1 0.24375 0.4203125 0.009375 0.0203125
1 0.35234375 0.4171875 0.0109375 0.025
1 0.18671875 0.4375 0.0109375 0.0234375
0 0.89296875 0.34609375 0.015625 0.0359375
0 0.11484375 0.4453125 0.009375 0.021875
1 0.30390625 0.4109375 0.009375 0.0203125
1 0.11875 0.45625 0.0125 0.028125
0 0.0609375 0.46015625 0.0109375 0.025
1 0.41953125 0.3578125 0.003125 0.009375
1 0.496875 0.346875 0.003125 0.009375
1 0.375 0.4078125 0.009375 0.021875
1 0.4828125 0.35 0.0046875 0.0109375
0 0.434375 0.3578125 0.0046875 0.009375
0 0.44140625 0.3875 0.009375 0.0203125
0 0.3484375 0.396875 0.0078125 0.0171875
0 0.18828125 0.4265625 0.0078125 0.0203125
1 0.72265625 0.48125 0.04375 0.0953125
1 0.79453125 0.421875 0.034375 0.071875