0 0.61875 0.48671875 0.03125 0.0875
0 0.6 0.39765625 0.015625 0.0484375
0 0.496875 0.38515625 0.0140625 0.0390625
1 0.80546875 0.35546875 0.0109375 0.034375
1 0.7984375 0.37734375 0.015625 0.04375
1 0.6578125 0.3453125 0.00625 0.025
0 0.34765625 0.68203125 0.0703125 0.1859375
0 0.83671875 0.33984375 0.009375 0.0296875
0 0.409375 0.35234375 0.0078125 0.021875
1 0.928125 0.3625 0.015625 0.040625
1 0.56328125 0.36640625 0.0109375 0.03125
0 0.74921875 0.33046875 0.0078125 0.0234375
1 0.65546875 0.36796875 0.0125 0.0359375
1 0.553125 0.31953125 0.003125 0.0125
0 0.4984375 0.3359375 0.0046875 0.01875
1 0.54375 0.33828125 0.00625 0.0203125
0 0.73125 0.42578125 0.021875 0.0640625
0 0.415625 0.3734375 0.0109375 0.03125
1 0.6609375 0.33125 0.00625 0.0203125
0 0.76171875 0.33828125 0.009375 0.025
1 0.56953125 0.33125 0.0046875 0.0171875
1 0.54921875 0.325 0.003125 0.0140625
0 0.740625 0.31875 0.00625 0.0171875
1 0.5078125 0.3484375 0.00625 0.021875
1 0.5765625 0.31796875 0.003125 0.0125
0 0.459375 0.34296875 0.00625 0.0203125
1 0.6703125 0.325 0.00625 0.0171875
0 0.7578125 0.3234375 0.0046875 0.01875
0 0.6046875 0.31328125 0.003125 0.0109375
1 0.64609375 0.33828125 0.0078125 0.021875
1 0.6421875 0.32109375 0.0046875 0.015625
1 0.71796875 0.3515625 0.0109375 0.03125
1 0.51328125 0.35625 0.0078125 0.0265625
0 0.39375 0.3625 0.009375 0.028125
0 0.48203125 0.33046875 0.0046875 0.015625
0 0.6 0.31484375 0.0046875 0.0125
0 0.5046875 0.33125 0.0046875 0.0140625
1 0.61171875 0.31875 0.0046875 0.0140625
0 0.71015625 0.31484375 0.0046875 0.0171875
0 0.66484375 0.31484375 0.003125 0.0140625
0 0.63203125 0.31484375 0.003125 0.0125
1 0.57109375 0.32734375 0.003125 0.015625
1 0.56171875 0.315625 0.003125 0.0109375
1 0.51875 0.325 0.003125 0.0109375
0 0.46015625 0.32890625 0.003125 0.0140625
0 0.43984375 0.328125 0.003125 0.0125
0 0.43671875 0.32578125 0.003125 0.0125