1 0.45 0.4953125 0.034375 0.1203125
0 0.35546875 0.3140625 0.0109375 0.040625
0 0.43984375 0.29375 0.0078125 0.0296875
1 0.453125 0.37734375 0.01875 0.065625
0 0.47421875 0.284375 0.0078125 0.025
0 0.52734375 0.278125 0.0046875 0.0203125
0 0.40234375 0.3015625 0.009375 0.0359375
1 0.559375 0.30703125 0.009375 0.03125
0 0.21015625 0.3515625 0.01875 0.0625
0 0.64609375 0.27890625 0.0046875 0.01875
1 0.725 0.2890625 0.0046875 0.0203125
0 0.7765625 0.278125 0.003125 0.0140625
1 0.67890625 0.29140625 0.00625 0.021875
1 0.52109375 0.3296875 0.0109375 0.04375
0 0.58984375 0.28046875 0.00625 0.0203125
1 0.91640625 0.284375 0.003125 0.0140625
1 0.78203125 0.28203125 0.0046875 0.0171875
1 0.88828125 0.28671875 0.003125 0.0140625
0 0.86328125 0.27578125 0.003125 0.0125
0 0.73203125 0.27890625 0.003125 0.015625
1 0.5828125 0.2953125 0.00625 0.0265625
1 0.61953125 0.2921875 0.00625 0.0234375
0 0.68671875 0.2765625 0.0046875 0.0171875
1 0.746875 0.284375 0.0046875 0.0171875
0 0.83125 0.27734375 0.003125 0.0140625
1 0.8296875 0.2859375 0.003125 0.015625
0 0.89921875 0.27734375 0.003125 0.0125