0 0.53984375 0.290625 0.01875 0.053125
0 0.625 0.309375 0.025 0.071875
0 0.6875 0.3765625 0.040625 0.1078125
0 0.3421875 0.30703125 0.015625 0.040625
1 0.51875 0.2578125 0.0140625 0.0375
0 0.22578125 0.3328125 0.0140625 0.040625
1 0.390625 0.278125 0.0125 0.0328125
1 0.796875 0.253125 0.0234375 0.0625
1 0.65546875 0.24609375 0.0171875 0.0453125
0 0.6515625 0.5890625 0.0796875 0.2078125
1 0.24921875 0.31015625 0.0109375 0.03125
0 0.4421875 0.2921875 0.015625 0.0453125
0 0.096875 0.37265625 0.015625 0.040625
1 0.09375 0.35703125 0.0125 0.034375