0 0.8109375 0.3234375 0.021875 0.0640625
0 0.7328125 0.44921875 0.0359375 0.115625
0 0.8390625 0.27578125 0.0125 0.0421875
0 0.86328125 0.2359375 0.0078125 0.028125
0 0.853125 0.2515625 0.0109375 0.034375
0 0.87109375 0.225 0.00625 0.025
0 0.88515625 0.20546875 0.0046875 0.0171875
0 0.88125 0.2109375 0.0046875 0.01875
0 0.87734375 0.21640625 0.00625 0.021875
0 0.54453125 0.265625 0.0078125 0.028125
0 0.8875 0.20234375 0.003125 0.0140625
1 0.93359375 0.18828125 0.003125 0.0125
0 0.88984375 0.1984375 0.003125 0.0140625