1 0.903125 0.37734375 0.015625 0.0453125
1 0.77265625 0.3453125 0.0125 0.0375
1 0.253125 0.52421875 0.0484375 0.1328125
0 0.8515625 0.32890625 0.0109375 0.0296875
0 0.696875 0.31171875 0.0078125 0.0265625
1 0.678125 0.328125 0.009375 0.0328125
0 0.6078125 0.3046875 0.0078125 0.025
0 0.5453125 0.29921875 0.00625 0.0234375
1 0.5609375 0.31640625 0.009375 0.0296875
1 0.45078125 0.30625 0.0078125 0.0265625
0 0.48828125 0.29375 0.00625 0.0234375
0 0.3984375 0.28671875 0.00625 0.0203125
1 0.3609375 0.29765625 0.0078125 0.025
0 0.328125 0.28203125 0.00625 0.01875
1 0.28203125 0.2953125 0.0078125 0.021875
0 0.23515625 0.284375 0.00625 0.0203125
1 0.1921875 0.29609375 0.0078125 0.021875
0 0.146875 0.2859375 0.00625 0.0203125
1 0.09296875 0.296875 0.0078125 0.025
0 0.04140625 0.28671875 0.0046875 0.021875