0 0.77890625 0.2296875 0.0078125 0.028125
0 0.82734375 0.4046875 0.0265625 0.103125
0 0.86015625 0.23984375 0.009375 0.0359375
0 0.93671875 0.25546875 0.0125 0.0421875
0 0.596875 0.52734375 0.0453125 0.153125
0 0.68125 0.2265625 0.00625 0.025
0 0.58359375 0.22734375 0.00625 0.025
1 0.8296875 0.215625 0.0078125 0.028125
0 0.49453125 0.23125 0.0046875 0.021875
0 0.4234375 0.22421875 0.0046875 0.0171875
1 0.6234375 0.215625 0.00625 0.021875
1 0.57265625 0.2078125 0.003125 0.0140625
1 0.71640625 0.2140625 0.00625 0.021875
0 0.53046875 0.20703125 0.003125 0.0125
0 0.8953125 0.18984375 0.0046875 0.0140625
0 0.4375 0.23125 0.00625 0.01875
1 0.53671875 0.20859375 0.003125 0.015625
0 0.48828125 0.2078125 0.003125 0.0125
1 0.515625 0.2140625 0.0046875 0.0171875
0 0.68125 0.19765625 0.0046875 0.0109375
1 0.721875 0.19921875 0.0046875 0.0140625
1 0.6671875 0.2046875 0.0046875 0.0140625
0 0.93984375 0.18984375 0.0046875 0.0171875
0 0.4515625 0.2125 0.003125 0.0125
1 0.54453125 0.21796875 0.0046875 0.0203125
0 0.790625 0.19140625 0.003125 0.0140625
1 0.90625 0.19609375 0.00625 0.0171875
0 0.43046875 0.2203125 0.0046875 0.015625
1 0.77265625 0.19765625 0.0046875 0.0140625
0 0.63046875 0.20234375 0.003125 0.0140625
1 0.834375 0.1953125 0.0046875 0.015625
1 0.51875 0.2078125 0.003125 0.0140625
1 0.61640625 0.20703125 0.003125 0.0140625
0 0.578125 0.20546875 0.003125 0.0125
0 0.73984375 0.19375 0.003125 0.0125
1 0.8296875 0.215625 0.0078125 0.028125
0 0.85390625 0.19140625 0.0046875 0.015625