0 0.82421875 0.42890625 0.0375 0.1015625
0 0.19375 0.20078125 0.0078125 0.025
0 0.9234375 0.215625 0.0078125 0.025
0 0.5390625 0.5875 0.065625 0.184375
0 0.3078125 0.1953125 0.0078125 0.025
0 0.83828125 0.20859375 0.0078125 0.025
1 0.2546875 0.1875 0.0078125 0.0234375
0 0.45234375 0.18515625 0.00625 0.01875
1 0.17265625 0.1890625 0.0078125 0.0203125
1 0.81484375 0.19921875 0.00625 0.01875
1 0.10078125 0.18515625 0.0078125 0.0203125
1 0.41796875 0.17578125 0.003125 0.0140625
1 0.68984375 0.18828125 0.0046875 0.0171875
1 0.8859375 0.20546875 0.0078125 0.0203125
1 0.97578125 0.21015625 0.00625 0.021875
0 0.66171875 0.190625 0.0046875 0.0171875
0 0.38359375 0.18828125 0.00625 0.0203125
1 0.3328125 0.178125 0.0046875 0.0109375
1 0.8375 0.1875 0.0046875 0.0140625
0 0.72578125 0.19375 0.00625 0.0203125
0 0.79296875 0.18203125 0.0046875 0.0125
1 0.61484375 0.18359375 0.0046875 0.015625
1 0.5875 0.17734375 0.003125 0.0109375
1 0.7703125 0.1921875 0.0046875 0.0171875
1 0.78046875 0.1859375 0.003125 0.0140625
1 0.4640625 0.17890625 0.0046875 0.015625
1 0.73984375 0.184375 0.0046875 0.0140625
0 0.609375 0.1890625 0.0046875 0.0171875
0 0.13203125 0.1796875 0.0046875 0.015625
1 0.5390625 0.18203125 0.0046875 0.015625
0 0.85390625 0.18671875 0.0046875 0.0109375
1 0.49609375 0.178125 0.003125 0.0125
1 0.89296875 0.190625 0.0046875 0.0125
0 0.78046875 0.203125 0.0078125 0.0203125
1 0.69921875 0.18671875 0.0046875 0.0125
1 0.390625 0.18125 0.0046875 0.015625
1 0.9421875 0.19375 0.0046875 0.009375
0 0.55859375 0.18671875 0.0046875 0.015625
0 0.91015625 0.18984375 0.003125 0.00625
0 0.5984375 0.17890625 0.003125 0.0109375
1 0.1578125 0.18515625 0.0046875 0.015625
1 0.5328125 0.17734375 0.003125 0.0140625
1 0.2109375 0.1796875 0.0046875 0.0140625
0 0.196875 0.178125 0.0046875 0.0140625
1 0.3265625 0.18515625 0.00625 0.0171875
1 0.27421875 0.17890625 0.003125 0.0109375
0 0.64296875 0.17890625 0.003125 0.0125
0 0.746875 0.18125 0.003125 0.0109375
0 0.51171875 0.18515625 0.00625 0.01875
1 0.46015625 0.178125 0.003125 0.0125
0 0.54609375 0.17578125 0.003125 0.0109375
0 0.365625 0.1734375 0.003125 0.0109375
0 0.50078125 0.17578125 0.003125 0.0109375
0 0.3265625 0.175 0.003125 0.0109375
0 0.69765625 0.18046875 0.0046875 0.0125
1 0.64140625 0.1828125 0.0046875 0.0140625
0 0.45859375 0.17578125 0.003125 0.0109375
0 0.421875 0.17265625 0.003125 0.0140625
1 0.38046875 0.1765625 0.0046875 0.0140625
0 0.29453125 0.1765625 0.003125 0.0125
0 0.2609375 0.1765625 0.003125 0.0125