0 0.35703125 0.72890625 0.0734375 0.234375
0 0.51015625 0.4796875 0.034375 0.134375
0 0.52265625 0.3921875 0.01875 0.09375
0 0.46484375 0.3140625 0.0140625 0.0578125
0 0.48515625 0.27265625 0.009375 0.0421875
0 0.5578125 0.24609375 0.0078125 0.0328125
0 0.65 0.228125 0.00625 0.028125
0 0.7609375 0.21640625 0.00625 0.028125
0 0.88671875 0.209375 0.0078125 0.03125
1 0.865625 0.33359375 0.021875 0.0828125
1 0.69140625 0.2796875 0.0140625 0.053125
1 0.6671875 0.26484375 0.0109375 0.0453125
1 0.69140625 0.24765625 0.009375 0.0390625
1 0.7453125 0.23515625 0.009375 0.0359375
1 0.8046875 0.2296875 0.009375 0.0359375
1 0.89921875 0.225 0.009375 0.0359375