0 0.3953125 0.46640625 0.0265625 0.075
1 0.73125 0.64296875 0.05625 0.1515625
1 0.6359375 0.49609375 0.028125 0.078125
0 0.4359375 0.41875 0.0171875 0.053125
0 0.24765625 0.38828125 0.0171875 0.0484375
0 0.4546875 0.39296875 0.0125 0.0390625
1 0.58203125 0.409375 0.0125 0.0390625
1 0.1796875 0.35703125 0.0140625 0.0390625
0 0.3375 0.37890625 0.0125 0.0390625
0 0.46875 0.3765625 0.009375 0.03125
0 0.41640625 0.34453125 0.00625 0.0171875
0 0.3140625 0.34140625 0.0078125 0.021875
1 0.603125 0.43984375 0.0203125 0.0546875
1 0.275 0.33203125 0.0078125 0.0203125
0 0.34609375 0.3625 0.0109375 0.03125
1 0.5671875 0.38828125 0.009375 0.0296875
1 0.3359375 0.33515625 0.0046875 0.0171875
0 0.3203125 0.34921875 0.0078125 0.025
0 0.28671875 0.6046875 0.0546875 0.15
1 0.21328125 0.32890625 0.00625 0.021875
0 0.3609375 0.34296875 0.00625 0.0203125
1 0.51484375 0.34375 0.0046875 0.0140625
1 0.37109375 0.3375 0.0046875 0.0140625
1 0.55859375 0.375 0.0078125 0.0265625
1 0.50625 0.3421875 0.0046875 0.0125
1 0.55234375 0.365625 0.0078125 0.0203125
0 0.4765625 0.36640625 0.0078125 0.025
1 0.20859375 0.3359375 0.0078125 0.025
0 0.409375 0.33359375 0.0046875 0.0140625
1 0.2140625 0.346875 0.0109375 0.0296875
0 0.4796875 0.34296875 0.0046875 0.0140625
0 0.49921875 0.3359375 0.003125 0.0125
0 0.3203125 0.3484375 0.0078125 0.0265625
1 0.54453125 0.35234375 0.0046875 0.0171875
0 0.48515625 0.35859375 0.00625 0.0203125
1 0.54765625 0.35859375 0.0046875 0.0171875
1 0.53515625 0.3484375 0.0046875 0.0140625
1 0.51875 0.340625 0.003125 0.0125
0 0.4890625 0.353125 0.0046875 0.0171875
0 0.43984375 0.34375 0.0046875 0.015625
0 0.43671875 0.3390625 0.0046875 0.0140625
0 0.403125 0.33046875 0.003125 0.0125
1 0.3515625 0.32734375 0.0046875 0.0140625
1 0.34609375 0.32265625 0.0046875 0.0125
1 0.36796875 0.33125 0.0046875 0.0140625
1 0.37421875 0.32421875 0.003125 0.0109375
0 0.46875 0.34140625 0.0046875 0.0109375
0 0.465625 0.33828125 0.003125 0.0125
1 0.41953125 0.3203125 0.003125 0.0140625