0 0.85390625 0.3484375 0.0140625 0.0375
1 0.55625 0.37890625 0.0203125 0.0578125
1 0.90390625 0.33046875 0.0109375 0.0265625
0 0.70625 0.33828125 0.0125 0.0359375
0 0.41640625 0.34609375 0.0171875 0.046875
1 0.7734375 0.36328125 0.015625 0.0453125
1 0.9171875 0.37421875 0.0171875 0.0453125
1 0.65546875 0.365625 0.01875 0.0484375
1 0.4703125 0.41796875 0.028125 0.08125
0 0.55703125 0.3359375 0.0125 0.0390625
0 0.25703125 0.38125 0.0234375 0.0671875
1 0.921875 0.34453125 0.0125 0.0328125
1 0.42265625 0.51875 0.0453125 0.128125
1 0.55859375 0.7984375 0.034375 0.090625