0 0.13203125 0.42421875 0.015625 0.0578125
0 0.20859375 0.4 0.0125 0.0421875
1 0.63359375 0.63203125 0.04375 0.1453125
0 0.28515625 0.384375 0.0109375 0.0359375
0 0.11875 0.48046875 0.0296875 0.084375
1 0.38515625 0.43203125 0.0171875 0.05625
0 0.371875 0.37421875 0.009375 0.0265625
0 0.05859375 0.58828125 0.05 0.1453125
0 0.1484375 0.365625 0.0078125 0.025
0 0.21953125 0.353125 0.00625 0.0203125
0 0.075 0.37265625 0.009375 0.0296875
1 0.47109375 0.50234375 0.028125 0.084375
1 0.86484375 0.434375 0.0125 0.0375
1 0.7484375 0.39609375 0.0078125 0.025
1 0.6390625 0.3890625 0.0078125 0.025
0 0.44609375 0.371875 0.0078125 0.021875
1 0.42265625 0.39375 0.0109375 0.03125
0 0.590625 0.37578125 0.00625 0.0203125
0 0.09296875 0.34296875 0.0046875 0.0171875
0 0.9 0.41015625 0.009375 0.028125
1 0.36484375 0.4046875 0.015625 0.0421875
0 0.13984375 0.3453125 0.0046875 0.0171875
1 0.92734375 0.465625 0.0140625 0.0421875
0 0.73046875 0.38515625 0.0078125 0.01875
0 0.19140625 0.35859375 0.0078125 0.025
1 0.12578125 0.35625 0.00625 0.0203125
1 0.52421875 0.38671875 0.0078125 0.025
0 0.6625 0.38046875 0.0078125 0.0203125
1 0.10703125 0.359375 0.00625 0.021875
1 0.10234375 0.35078125 0.00625 0.0203125
0 0.80703125 0.39296875 0.0078125 0.021875
1 0.825 0.4140625 0.009375 0.0328125