0 0.62265625 0.30859375 0.0109375 0.0296875
0 0.684375 0.3296875 0.0125 0.028125
0 0.4734375 0.25390625 0.0125 0.028125
0 0.13125 0.15234375 0.0140625 0.0328125
1 0.88359375 0.40625 0.015625 0.0328125
1 0.4328125 0.25703125 0.015625 0.034375
1 0.25625 0.403125 0.0578125 0.1265625
1 0.753125 0.37421875 0.0171875 0.0359375
1 0.65078125 0.340625 0.0171875 0.0390625
0 0.7953125 0.359375 0.009375 0.025
1 0.83125 0.39609375 0.0171875 0.0359375
0 0.2578125 0.18515625 0.0125 0.028125
1 0.91171875 0.40859375 0.0140625 0.0296875
1 0.353125 0.23046875 0.0140625 0.034375
1 0.13984375 0.171875 0.01875 0.0390625
0 0.9734375 0.40703125 0.0078125 0.0171875
0 0.3703125 0.21875 0.0125 0.028125
0 0.57578125 0.2921875 0.0125 0.03125
0 0.7625 0.3515625 0.0109375 0.0265625
0 0.81015625 0.3625 0.0078125 0.021875
0 0.83515625 0.35390625 0.00625 0.0171875
1 0.9234375 0.39140625 0.009375 0.0203125
0 0.875 0.36875 0.0078125 0.0171875
0 0.80703125 0.346875 0.00625 0.0171875
0 0.734375 0.34453125 0.0125 0.028125
0 0.80859375 0.353125 0.0078125 0.0203125
1 0.89453125 0.38671875 0.009375 0.0234375
0 0.815625 0.36015625 0.0078125 0.0203125
1 0.5609375 0.3078125 0.015625 0.0359375
1 0.49765625 0.66953125 0.09375 0.20625
1 0.25546875 0.20234375 0.015625 0.034375
1 0.89765625 0.38359375 0.009375 0.0203125
0 0.921875 0.3875 0.00625 0.0171875
1 0.91640625 0.40703125 0.0125 0.028125
1 0.915625 0.39921875 0.009375 0.028125