0 0.5125 0.28984375 0.0140625 0.03125
0 0.87578125 0.4515625 0.015625 0.034375
1 0.34453125 0.41171875 0.0609375 0.115625
0 0.296875 0.20078125 0.0125 0.0265625
0 0.75078125 0.396875 0.015625 0.034375
0 0.61484375 0.3359375 0.0140625 0.03125
0 0.40234375 0.24609375 0.0140625 0.03125
1 0.715625 0.40625 0.01875 0.040625
1 0.571875 0.3390625 0.01875 0.0390625
0 0.21171875 0.16484375 0.0125 0.0265625
1 0.46484375 0.2953125 0.01875 0.0375
1 0.3625 0.25390625 0.01875 0.0375
1 0.24453125 0.19609375 0.0171875 0.034375
1 0.86171875 0.47265625 0.021875 0.04375
1 0.13203125 0.1375 0.0125 0.03125
1 0.49296875 0.77421875 0.0703125 0.1640625