0 0.15 0.171875 0.025 0.046875
1 0.14765625 0.2734375 0.040625 0.0890625
1 0.1890625 0.228125 0.03125 0.0640625
0 0.746875 0.33984375 0.0140625 0.03125
1 0.26875 0.21953125 0.025 0.0484375
0 0.528125 0.2578125 0.0125 0.0296875
0 0.284375 0.19296875 0.015625 0.0375
1 0.44921875 0.24765625 0.0171875 0.0375
1 0.21171875 0.3953125 0.0671875 0.1359375
0 0.86484375 0.39609375 0.0171875 0.034375
1 0.35703125 0.228125 0.021875 0.0421875
1 0.9046875 0.440625 0.0234375 0.046875
0 0.4109375 0.22265625 0.015625 0.03125
1 0.72109375 0.34375 0.015625 0.034375
1 0.81328125 0.3859375 0.0171875 0.040625
1 0.54296875 0.275 0.015625 0.034375
1 0.51640625 0.60625 0.0796875 0.18125
1 0.63359375 0.30703125 0.0140625 0.034375
0 0.6390625 0.29609375 0.0109375 0.0265625