1 0.7109375 0.509375 0.05625 0.1109375
0 0.2015625 0.49453125 0.0296875 0.065625
1 0.7484375 0.3890625 0.0296875 0.059375
1 0.621875 0.44453125 0.0375 0.075
1 0.58125 0.3890625 0.01875 0.04375
1 0.3703125 0.4328125 0.0234375 0.0515625
0 0.78984375 0.3375 0.0203125 0.04375
1 0.1734375 0.43359375 0.015625 0.034375
1 0.5078125 0.4203125 0.0265625 0.053125
0 0.55078125 0.36640625 0.0140625 0.03125
1 0.38125 0.403125 0.0171875 0.0375
0 0.24921875 0.6609375 0.075 0.1484375
0 0.3546875 0.50703125 0.0421875 0.084375
1 0.11171875 0.4671875 0.021875 0.04375
0 0.340625 0.39609375 0.0125 0.028125
0 0.65859375 0.3515625 0.0171875 0.0359375
0 0.1375 0.42421875 0.0125 0.0265625
0 0.225 0.41328125 0.015625 0.0296875
1 0.0703125 0.446875 0.015625 0.034375
0 0.0640625 0.43359375 0.0109375 0.025
1 0.2640625 0.421875 0.0171875 0.034375
0 0.46328125 0.3765625 0.0125 0.0296875
1 0.23828125 0.45 0.0203125 0.04375
1 0.47265625 0.396875 0.015625 0.0375