0 0.1703125 0.5453125 0.071875 0.121875
0 0.7125 0.41796875 0.0140625 0.0265625
0 0.85625 0.43046875 0.0140625 0.025
0 0.59140625 0.4140625 0.0171875 0.03125
0 0.378125 0.41171875 0.0234375 0.0484375
0 0.21953125 0.35234375 0.01875 0.034375
0 0.3234375 0.384375 0.021875 0.0390625
0 0.38125 0.46015625 0.034375 0.06875
1 0.8140625 0.44453125 0.0203125 0.034375
1 0.671875 0.509375 0.0328125 0.0640625
1 0.14609375 0.3203125 0.015625 0.028125
1 0.31328125 0.3546875 0.0171875 0.03125
1 0.4265625 0.3859375 0.015625 0.0296875
1 0.72265625 0.4453125 0.01875 0.0375
1 0.88984375 0.64453125 0.0515625 0.1203125
1 0.9328125 0.45546875 0.015625 0.0375