0 0.24453125 0.5921875 0.09375 0.146875
0 0.5546875 0.4671875 0.028125 0.0515625
0 0.625 0.45234375 0.0203125 0.0359375
0 0.625 0.4359375 0.0140625 0.0296875
0 0.640625 0.43125 0.0140625 0.0265625
0 0.584375 0.41015625 0.0140625 0.0234375
0 0.56875 0.4 0.0125 0.0203125
0 0.61484375 0.4046875 0.009375 0.01875
0 0.659375 0.41015625 0.0078125 0.015625
0 0.7453125 0.4234375 0.00625 0.0109375
0 0.7203125 0.42109375 0.0078125 0.0140625
0 0.6703125 0.39765625 0.00625 0.0109375
1 0.89453125 0.5125 0.0265625 0.04375
1 0.82734375 0.47734375 0.0203125 0.0328125
1 0.77734375 0.4578125 0.015625 0.0265625
1 0.75625 0.44609375 0.0140625 0.0234375
1 0.759375 0.440625 0.009375 0.0203125
1 0.803125 0.44609375 0.0109375 0.0203125
1 0.83515625 0.44921875 0.0109375 0.01875
1 0.8484375 0.44921875 0.0078125 0.0171875
1 0.8546875 0.44765625 0.0078125 0.015625
1 0.896875 0.45234375 0.0078125 0.015625
1 0.8140625 0.43203125 0.0078125 0.0140625
1 0.784375 0.4234375 0.0078125 0.0140625
1 0.865625 0.44765625 0.0078125 0.015625