1 0.91484375 0.37890625 0.0359375 0.10625
1 0.728125 0.3015625 0.0171875 0.0609375
0 0.49765625 0.2953125 0.0109375 0.0421875
0 0.46484375 0.4703125 0.0296875 0.11875
1 0.83984375 0.21796875 0.0078125 0.0328125
0 0.56640625 0.2609375 0.0078125 0.0328125
0 0.85234375 0.19765625 0.00625 0.025
1 0.70390625 0.2734375 0.0125 0.0484375
0 0.65625 0.23515625 0.0078125 0.0296875
1 0.92421875 0.20390625 0.009375 0.0328125
0 0.74765625 0.215625 0.0078125 0.028125
0 0.4140625 0.64609375 0.059375 0.19375
0 0.45859375 0.34921875 0.015625 0.0640625
1 0.76953125 0.2328125 0.009375 0.0359375
1 0.7265625 0.2515625 0.009375 0.040625