0 0.91015625 0.34765625 0.021875 0.05625
0 0.8140625 0.3875 0.0296875 0.0765625
0 0.63671875 0.465625 0.046875 0.1171875
0 0.74375 0.2078125 0.00625 0.0171875
1 0.609375 0.18984375 0.003125 0.0109375
0 0.846875 0.21015625 0.0046875 0.015625
0 0.80546875 0.2109375 0.00625 0.0171875
1 0.70703125 0.196875 0.0046875 0.0140625
1 0.828125 0.2 0.0046875 0.0109375
1 0.83515625 0.20390625 0.00625 0.0125
1 0.715625 0.19375 0.003125 0.009375
0 0.93671875 0.215625 0.0046875 0.0125
1 0.75703125 0.20078125 0.0046875 0.0140625
0 0.53984375 0.1859375 0.003125 0.009375
0 0.5828125 0.1859375 0.003125 0.0078125
0 0.67109375 0.2015625 0.00625 0.015625
0 0.553125 0.1859375 0.003125 0.0109375
1 0.621875 0.18984375 0.003125 0.0125
1 0.67109375 0.19140625 0.003125 0.0078125
1 0.95234375 0.21640625 0.0046875 0.0078125
0 0.559375 0.18671875 0.003125 0.0109375
1 0.9 0.20859375 0.0046875 0.00625
0 0.54375 0.1859375 0.003125 0.0109375
1 0.796875 0.2015625 0.0046875 0.0140625
1 0.6578125 0.190625 0.0046875 0.0140625
1 0.86640625 0.2046875 0.003125 0.009375
1 0.8890625 0.209375 0.0046875 0.0109375
0 0.978125 0.221875 0.0046875 0.0109375
1 0.63828125 0.190625 0.003125 0.009375
0 0.89140625 0.21328125 0.003125 0.0109375
0 0.57890625 0.18828125 0.0046875 0.0140625
0 0.7 0.1890625 0.003125 0.009375
1 0.76015625 0.19453125 0.003125 0.0109375
0 0.61953125 0.19453125 0.00625 0.015625
0 0.77890625 0.19375 0.003125 0.0078125
1 0.09296875 0.17109375 0.0046875 0.009375
0 0.6125 0.184375 0.003125 0.009375
0 0.72421875 0.18984375 0.003125 0.009375
1 0.59375 0.1890625 0.003125 0.0109375
1 0.5953125 0.1890625 0.003125 0.0109375
0 0.6546875 0.1859375 0.003125 0.009375
0 0.7484375 0.19140625 0.003125 0.009375
0 0.09453125 0.721875 0.0546875 0.1484375