0 0.11875 0.60859375 0.01875 0.0234375
0 0.49140625 0.509375 0.0125 0.0171875
0 0.55546875 0.7546875 0.109375 0.15
0 0.58515625 0.5109375 0.0203125 0.028125
0 0.603125 0.47734375 0.0125 0.015625
0 0.7171875 0.4578125 0.0125 0.0171875
0 0.765625 0.4328125 0.0078125 0.0109375
0 0.8234375 0.43203125 0.0109375 0.015625
0 0.821875 0.42421875 0.00625 0.0109375
0 0.940625 0.49140625 0.0546875 0.059375
0 0.86953125 0.4625 0.03125 0.0375
0 0.8953125 0.434375 0.021875 0.025
0 0.9109375 0.42265625 0.0171875 0.021875
0 0.89140625 0.40703125 0.0078125 0.0109375
1 0.50546875 0.51328125 0.015625 0.021875
1 0.3390625 0.64140625 0.059375 0.071875
1 0.41875 0.5546875 0.025 0.0328125
1 0.57265625 0.49375 0.0140625 0.0203125
1 0.7296875 0.446875 0.009375 0.0140625
1 0.85546875 0.4578125 0.0234375 0.0328125
1 0.9 0.4125 0.0109375 0.015625
1 0.921875 0.40390625 0.0109375 0.0125