1 0.48125 0.553125 0.0453125 0.1375
0 0.5765625 0.31328125 0.009375 0.0296875
0 0.0625 0.43046875 0.0359375 0.096875
1 0.41015625 0.40859375 0.025 0.0734375
0 0.8328125 0.34453125 0.0109375 0.0359375
0 0.47109375 0.3046875 0.009375 0.028125
0 0.2140625 0.2734375 0.0078125 0.021875
1 0.63046875 0.3375 0.0125 0.0375
1 0.23828125 0.28359375 0.009375 0.028125
1 0.78125 0.359375 0.0140625 0.0421875
1 0.05859375 0.3140625 0.015625 0.046875
0 0.3765625 0.29375 0.0078125 0.0234375
0 0.07890625 0.26171875 0.00625 0.0203125
0 0.303125 0.2859375 0.00625 0.021875
1 0.225 0.3453125 0.0203125 0.05625
1 0.43359375 0.31796875 0.009375 0.0328125
1 0.33203125 0.30234375 0.009375 0.028125
1 0.0703125 0.271875 0.009375 0.025
1 0.52734375 0.328125 0.0125 0.0359375
0 0.68046875 0.32578125 0.0109375 0.03125
0 0.0328125 0.25390625 0.00625 0.0203125
1 0.1375 0.275 0.0078125 0.025
1 0.0234375 0.2671875 0.00625 0.025