1 0.25703125 0.33984375 0.040625 0.0921875
0 0.1671875 0.13671875 0.0109375 0.0234375
1 0.10234375 0.2359375 0.0296875 0.071875
0 0.24140625 0.1578125 0.009375 0.0203125
0 0.8875 0.38984375 0.00625 0.0140625
1 0.86796875 0.38515625 0.00625 0.015625
1 0.390625 0.1953125 0.00625 0.0140625
1 0.3484375 0.19375 0.0078125 0.01875
1 0.5296875 0.24296875 0.00625 0.0125
1 0.72109375 0.3171875 0.00625 0.0140625
1 0.51171875 0.23671875 0.00625 0.0140625
1 0.53828125 0.24375 0.0046875 0.0109375
0 0.29765625 0.16953125 0.00625 0.0171875
1 0.2078125 0.159375 0.0109375 0.025
1 0.27421875 0.17734375 0.0109375 0.0234375
0 0.859375 0.378125 0.00625 0.0140625
0 0.21484375 0.15 0.009375 0.0203125
1 0.7 0.3046875 0.0046875 0.0109375
1 0.68515625 0.2984375 0.0046875 0.0109375
0 0.33203125 0.17265625 0.00625 0.0140625
0 0.8078125 0.35546875 0.00625 0.0140625
1 0.7140625 0.3125 0.0046875 0.0109375
0 0.27265625 0.165625 0.0078125 0.01875
1 0.403125 0.484375 0.0578125 0.13125
0 0.45234375 0.2140625 0.00625 0.0140625
1 0.54765625 0.246875 0.0046875 0.0109375
0 0.7078125 0.30625 0.0046875 0.0109375
0 0.3046875 0.165625 0.00625 0.0140625
0 0.2890625 0.16875 0.0078125 0.0171875
0 0.75859375 0.3296875 0.0046875 0.0109375
1 0.47578125 0.225 0.00625 0.0140625
1 0.32109375 0.18828125 0.009375 0.0203125
0 0.48828125 0.22578125 0.0046875 0.0125
0 0.4734375 0.22109375 0.0046875 0.0140625
0 0.4328125 0.2078125 0.00625 0.0140625
0 0.4953125 0.2265625 0.0046875 0.0109375
1 0.37109375 0.18984375 0.00625 0.0140625
0 0.940625 0.41015625 0.00625 0.0140625
1 0.63359375 0.27734375 0.0046875 0.0109375
0 0.6734375 0.2921875 0.003125 0.009375
1 0.44453125 0.21484375 0.00625 0.015625
1 0.61015625 0.26796875 0.0046875 0.0109375
1 0.91953125 0.40546875 0.00625 0.015625
1 0.778125 0.3453125 0.00625 0.0171875
1 0.82109375 0.36484375 0.00625 0.015625
1 0.5859375 0.25859375 0.0046875 0.0109375
0 0.50859375 0.23046875 0.003125 0.0109375
0 0.39765625 0.19609375 0.00625 0.0140625
1 0.65859375 0.28671875 0.0046875 0.0109375
1 0.73828125 0.32734375 0.00625 0.0140625
0 0.78671875 0.34609375 0.00625 0.0125
1 0.7265625 0.3203125 0.00625 0.0125
0 0.73671875 0.31875 0.0046875 0.0109375
0 0.53671875 0.240625 0.0046875 0.0109375
0 0.83203125 0.36640625 0.00625 0.0140625
1 0.36015625 0.1890625 0.0046875 0.015625
0 0.6015625 0.26328125 0.003125 0.0109375
1 0.56484375 0.2515625 0.0046875 0.0109375
1 0.1203125 0.13515625 0.0125 0.028125
0 0.7703125 0.33671875 0.0046875 0.0125
0 0.6375 0.27734375 0.0046875 0.0109375
0 0.7765625 0.34140625 0.0046875 0.0125
1 0.61953125 0.80859375 0.0578125 0.1421875
1 0.3671875 0.19453125 0.0078125 0.0171875
1 0.3609375 0.1953125 0.00625 0.0171875
0 0.36484375 0.18359375 0.00625 0.0125
0 0.2953125 0.16640625 0.0046875 0.015625