0 0.19921875 0.38203125 0.0390625 0.0859375
0 0.59921875 0.46796875 0.0296875 0.06875
1 0.8828125 0.73125 0.078125 0.1640625
0 0.775 0.4859375 0.025 0.05625
0 0.40546875 0.3828125 0.028125 0.0609375
0 0.63515625 0.40546875 0.0171875 0.040625
1 0.53125 0.3671875 0.015625 0.0359375
1 0.859375 0.44921875 0.015625 0.034375
0 0.57578125 0.4078125 0.021875 0.0484375
0 0.78828125 0.4390625 0.015625 0.0359375
0 0.7453125 0.390625 0.009375 0.0203125
1 0.5515625 0.359375 0.0140625 0.03125
1 0.43828125 0.3546875 0.01875 0.04375
1 0.821875 0.425 0.0125 0.0265625
1 0.5765625 0.34609375 0.009375 0.0234375
1 0.6328125 0.3484375 0.0078125 0.01875
1 0.8875 0.43046875 0.009375 0.021875
0 0.721875 0.403125 0.0125 0.03125
1 0.909375 0.42890625 0.0109375 0.0234375
1 0.846875 0.3953125 0.0046875 0.0109375
0 0.70859375 0.36171875 0.00625 0.0140625
1 0.609375 0.346875 0.009375 0.0234375
0 0.6671875 0.36640625 0.0078125 0.0203125
1 0.84609375 0.42265625 0.0109375 0.025
0 0.79609375 0.40234375 0.009375 0.01875
0 0.75625 0.37265625 0.00625 0.0140625
1 0.54765625 0.34765625 0.0109375 0.0265625
1 0.65234375 0.34921875 0.00625 0.015625
1 0.678125 0.35 0.00625 0.0140625
0 0.8296875 0.4734375 0.0203125 0.04375
0 0.7640625 0.378125 0.00625 0.0140625
0 0.81796875 0.40234375 0.0078125 0.0171875
0 0.7171875 0.38984375 0.0109375 0.025
1 0.27265625 0.33046875 0.0234375 0.0515625
1 0.665625 0.35 0.00625 0.0140625
0 0.684375 0.3640625 0.0078125 0.0171875
1 0.6859375 0.35 0.0046875 0.0125
0 0.64765625 0.39375 0.0125 0.03125
1 0.95390625 0.4921875 0.0171875 0.0375
1 0.87421875 0.41484375 0.00625 0.01875
0 0.7171875 0.36171875 0.0046875 0.0125
0 0.69921875 0.3625 0.00625 0.0140625
1 0.8390625 0.38828125 0.0046875 0.0109375
0 0.40625 0.50234375 0.053125 0.1125
1 0.69375 0.35078125 0.0046875 0.0109375
0 0.771875 0.375 0.00625 0.0140625
1 0.83203125 0.3984375 0.00625 0.0171875
0 0.6453125 0.378125 0.0109375 0.028125
0 0.65 0.3703125 0.0078125 0.025
1 0.7 0.35078125 0.0046875 0.0125
1 0.70546875 0.35078125 0.0046875 0.0109375
1 0.71171875 0.35078125 0.0046875 0.0109375
1 0.72109375 0.35390625 0.0046875 0.0109375
0 0.728125 0.3609375 0.00625 0.0140625
0 0.73359375 0.3609375 0.0046875 0.0109375
0 0.7375 0.36015625 0.0046875 0.0109375
0 0.72265625 0.36171875 0.00625 0.0140625
0 0.79375 0.390625 0.00625 0.0171875
0 0.7421875 0.3609375 0.0046875 0.0109375
0 0.8015625 0.38125 0.00625 0.0140625
0 0.8 0.37734375 0.0046875 0.0109375
0 0.809375 0.38046875 0.0046875 0.0125
0 0.815625 0.38359375 0.0046875 0.0125
1 0.81640625 0.38984375 0.00625 0.015625
1 0.93359375 0.60703125 0.0234375 0.071875
1 0.825 0.384375 0.0046875 0.0109375
1 0.828125 0.3921875 0.00625 0.0140625
1 0.84375 0.39140625 0.0046875 0.0109375
1 0.85 0.39453125 0.0046875 0.0125