0 0.1140625 0.52109375 0.0109375 0.015625
0 0.1765625 0.56640625 0.0171875 0.0359375
0 0.19375 0.52578125 0.0078125 0.0171875
0 0.3140625 0.54921875 0.0171875 0.028125
0 0.31875 0.53125 0.009375 0.01875
0 0.43515625 0.5484375 0.01875 0.0265625
0 0.29375 0.64375 0.0453125 0.0703125
0 0.73984375 0.59453125 0.034375 0.046875
0 0.8125 0.76015625 0.090625 0.13125
1 0.2140625 0.515625 0.009375 0.0140625
1 0.2828125 0.521875 0.0109375 0.015625
1 0.29765625 0.53671875 0.0140625 0.021875
1 0.3703125 0.53515625 0.0140625 0.021875
1 0.57734375 0.565625 0.021875 0.034375