1 0.69140625 0.53046875 0.0546875 0.1171875
0 0.34453125 0.51015625 0.0296875 0.06875
0 0.44375 0.4296875 0.015625 0.0375
0 0.39765625 0.459375 0.0203125 0.046875
0 0.29296875 0.60625 0.0484375 0.1140625
1 0.56484375 0.41171875 0.0203125 0.046875
1 0.56484375 0.45 0.03125 0.0671875
1 0.30390625 0.43359375 0.009375 0.0203125
0 0.1984375 0.45703125 0.009375 0.021875
1 0.64453125 0.37109375 0.015625 0.0375
0 0.52109375 0.39375 0.0125 0.03125
1 0.11328125 0.46796875 0.0078125 0.01875
0 0.353125 0.428125 0.009375 0.025
0 0.58203125 0.3578125 0.009375 0.021875
0 0.27734375 0.44375 0.009375 0.0203125
0 0.65546875 0.34296875 0.0109375 0.025
1 0.18046875 0.45234375 0.009375 0.0203125
1 0.67109375 0.32890625 0.009375 0.0203125
0 0.63203125 0.34375 0.009375 0.021875
0 0.14140625 0.4671875 0.009375 0.0203125
0 0.60078125 0.3625 0.0125 0.028125
1 0.46171875 0.39296875 0.0078125 0.01875
1 0.53828125 0.36640625 0.0078125 0.01875
1 0.7296875 0.321875 0.0109375 0.025
1 0.3796875 0.41796875 0.009375 0.0203125
0 0.44375 0.403125 0.009375 0.021875
0 0.06640625 0.48828125 0.009375 0.0234375
1 0.60625 0.34375 0.009375 0.0203125
0 0.515625 0.38125 0.0078125 0.021875
1 0.24296875 0.44296875 0.0078125 0.01875
1 0.76640625 0.328125 0.015625 0.0328125
1 0.709375 0.3484375 0.015625 0.034375
1 0.759375 0.321875 0.0109375 0.028125