0 0.72109375 0.46484375 0.025 0.0453125
0 0.57109375 0.46953125 0.0328125 0.05625
0 0.91484375 0.440625 0.0140625 0.0265625
0 0.4015625 0.47734375 0.0328125 0.0625
0 0.834375 0.42109375 0.0109375 0.021875
0 0.8875 0.47109375 0.0234375 0.0421875
0 0.78515625 0.4109375 0.009375 0.0171875
0 0.88828125 0.40859375 0.00625 0.0109375
0 0.8234375 0.403125 0.00625 0.0109375
0 0.76484375 0.40390625 0.00625 0.0125
0 0.76953125 0.40078125 0.0078125 0.0140625
0 0.784375 0.4 0.00625 0.0125
1 0.88359375 0.41640625 0.0078125 0.0171875
1 0.9234375 0.4265625 0.009375 0.0203125
1 0.896875 0.415625 0.009375 0.015625