0 0.80234375 0.39921875 0.0109375 0.0296875
0 0.275 0.209375 0.009375 0.0265625
0 0.1828125 0.265625 0.025 0.059375
0 0.24453125 0.21796875 0.0109375 0.034375
0 0.20859375 0.22890625 0.015625 0.0421875
1 0.36953125 0.4125 0.034375 0.0875
1 0.3921875 0.3234375 0.01875 0.0515625
1 0.70625 0.35390625 0.0078125 0.025
0 0.8203125 0.39296875 0.009375 0.025
1 0.74296875 0.39921875 0.015625 0.040625
1 0.92890625 0.49765625 0.021875 0.0578125
0 0.88203125 0.44453125 0.0140625 0.0390625
1 0.37734375 0.28515625 0.0140625 0.040625
0 0.809375 0.38359375 0.0078125 0.021875
1 0.36484375 0.26015625 0.0125 0.0328125
1 0.49140625 0.73984375 0.09375 0.221875
1 0.3953125 0.2328125 0.00625 0.021875
0 0.35 0.20625 0.0046875 0.015625
0 0.325 0.20390625 0.0078125 0.01875
0 0.30390625 0.20625 0.0078125 0.025
0 0.7828125 0.3671875 0.00625 0.01875
1 0.92578125 0.40390625 0.0046875 0.0140625
1 0.40546875 0.2296875 0.00625 0.01875
1 0.38828125 0.2390625 0.0078125 0.0234375
1 0.7125 0.34609375 0.00625 0.0203125
1 0.6484375 0.3125 0.0046875 0.015625
1 0.67890625 0.328125 0.00625 0.0171875
0 0.90703125 0.4015625 0.0046875 0.0140625
1 0.7921875 0.35234375 0.0046875 0.0140625
1 0.428125 0.23046875 0.0046875 0.0171875
0 0.83984375 0.37578125 0.0046875 0.0140625
1 0.378125 0.24765625 0.009375 0.0265625
0 0.784375 0.35546875 0.0046875 0.0140625
0 0.415625 0.2203125 0.0046875 0.0140625
1 0.45390625 0.234375 0.0046875 0.015625
0 0.74921875 0.3484375 0.00625 0.0171875
0 0.3859375 0.2140625 0.0046875 0.0140625
1 0.67734375 0.353125 0.0109375 0.0296875
1 0.68359375 0.31484375 0.0046875 0.0140625
0 0.73828125 0.3390625 0.0046875 0.015625
0 0.44609375 0.2265625 0.0046875 0.0140625
1 0.4765625 0.23828125 0.0046875 0.015625
0 0.4828125 0.23515625 0.0046875 0.0125
1 0.49296875 0.240625 0.0046875 0.0140625
0 0.51328125 0.24296875 0.003125 0.0109375
1 0.51953125 0.2453125 0.0046875 0.0140625
0 0.54609375 0.25078125 0.003125 0.0109375
1 0.55234375 0.25625 0.0046875 0.0125
1 0.578125 0.26484375 0.003125 0.0109375
0 0.58359375 0.2640625 0.003125 0.0109375
1 0.6109375 0.2765625 0.003125 0.0109375
0 0.6203125 0.27734375 0.003125 0.0109375
1 0.64375 0.2875 0.003125 0.0109375
0 0.65625 0.28984375 0.003125 0.009375
1 0.66953125 0.296875 0.003125 0.0109375
0 0.68671875 0.30234375 0.003125 0.009375
1 0.696875 0.30625 0.003125 0.0109375
0 0.71328125 0.31171875 0.003125 0.009375
1 0.725 0.315625 0.003125 0.0109375
0 0.7359375 0.31875 0.003125 0.0109375
1 0.73828125 0.33203125 0.0046875 0.0140625
1 0.75234375 0.325 0.003125 0.0109375
0 0.76015625 0.3265625 0.003125 0.0109375
1 0.77578125 0.33359375 0.003125 0.0109375
0 0.79453125 0.33671875 0.003125 0.0109375
1 0.8109375 0.346875 0.003125 0.0109375
0 0.82578125 0.3453125 0.003125 0.0109375
1 0.8453125 0.3578125 0.003125 0.009375
1 0.8546875 0.37578125 0.0046875 0.0140625
0 0.85859375 0.35546875 0.003125 0.0109375
1 0.87421875 0.3640625 0.003125 0.0109375
0 0.88359375 0.36328125 0.003125 0.009375
1 0.90625 0.37421875 0.003125 0.0109375
0 0.925 0.37578125 0.003125 0.0078125
1 0.9453125 0.38515625 0.003125 0.0109375
0 0.9640625 0.3875 0.003125 0.0109375