0 0.5453125 0.33828125 0.0265625 0.071875
0 0.57421875 0.384375 0.03125 0.090625
0 0.57578125 0.475 0.05 0.1328125
0 0.4171875 0.2921875 0.01875 0.053125
1 0.9046875 0.37578125 0.03125 0.0828125
0 0.4859375 0.3109375 0.021875 0.0609375
0 0.29453125 0.26796875 0.015625 0.0453125
1 0.5421875 0.26953125 0.0140625 0.040625
1 0.4265625 0.25234375 0.0140625 0.0375
1 0.4640625 0.221875 0.0078125 0.0203125
1 0.65078125 0.28828125 0.01875 0.0484375
0 0.45390625 0.61875 0.0796875 0.2078125
0 0.29609375 0.225 0.009375 0.025
0 0.771875 0.22109375 0.0046875 0.0140625
1 0.50859375 0.2203125 0.0078125 0.021875
1 0.76640625 0.31875 0.021875 0.0578125
1 0.5578125 0.22109375 0.0078125 0.0234375
1 0.665625 0.22578125 0.00625 0.0203125
1 0.38984375 0.2296875 0.009375 0.025
0 0.684375 0.221875 0.00625 0.0203125
1 0.7625 0.23125 0.00625 0.0203125
1 0.79921875 0.23046875 0.0078125 0.021875
0 0.2484375 0.23515625 0.009375 0.028125
1 0.596875 0.2234375 0.0078125 0.0234375
1 0.3859375 0.2453125 0.0125 0.03125
0 0.75703125 0.22109375 0.00625 0.015625
1 0.37890625 0.2359375 0.009375 0.028125
0 0.54609375 0.215625 0.00625 0.01875
1 0.82265625 0.23046875 0.00625 0.0203125
0 0.7953125 0.2125 0.0046875 0.0109375
1 0.7171875 0.228125 0.00625 0.0203125
0 0.8203125 0.2125 0.0046875 0.0109375
1 0.42265625 0.22421875 0.009375 0.025
0 0.6578125 0.2203125 0.0078125 0.0203125
0 0.23984375 0.25 0.0125 0.0375
0 0.78046875 0.2203125 0.0046875 0.0140625
0 0.73984375 0.221875 0.00625 0.015625
1 0.83984375 0.21875 0.0046875 0.0140625
0 0.41328125 0.215625 0.00625 0.021875
0 0.715625 0.221875 0.0046875 0.015625
1 0.90625 0.2203125 0.0046875 0.0109375
0 0.95 0.221875 0.0046875 0.0109375
1 0.96796875 0.22578125 0.0046875 0.0109375
1 0.83984375 0.22734375 0.0046875 0.015625
0 0.78515625 0.2171875 0.0046875 0.0140625
1 0.846875 0.225 0.003125 0.0140625
1 0.84453125 0.22265625 0.0046875 0.0140625
1 0.84609375 0.221875 0.003125 0.0171875
0 0.47734375 0.21484375 0.00625 0.01875
0 0.615625 0.21796875 0.00625 0.0171875
1 0.93984375 0.2234375 0.0046875 0.0109375
1 0.859375 0.21796875 0.003125 0.0109375
0 0.85703125 0.215625 0.003125 0.0109375
0 0.35 0.21875 0.00625 0.021875
0 0.90078125 0.21796875 0.0046875 0.009375
1 0.878125 0.21875 0.0046875 0.0109375
1 0.8484375 0.22734375 0.0046875 0.015625