0 0.2015625 0.1390625 0.0125 0.0296875
0 0.125 0.1515625 0.021875 0.0484375
0 0.76015625 0.3734375 0.009375 0.025
0 0.16640625 0.140625 0.015625 0.0359375
1 0.3203125 0.2625 0.0265625 0.059375
0 0.78046875 0.3890625 0.0109375 0.028125
0 0.22578125 0.13671875 0.0109375 0.0234375
1 0.3609375 0.334375 0.0359375 0.078125
0 0.88359375 0.4671875 0.0171875 0.0421875
0 0.78203125 0.4046875 0.015625 0.034375
1 0.65390625 0.346875 0.0140625 0.034375
0 0.72734375 0.35078125 0.0078125 0.0203125
1 0.6234375 0.303125 0.0078125 0.0203125
1 0.66875 0.34296875 0.0109375 0.028125
1 0.29453125 0.2234375 0.01875 0.0453125
1 0.4109375 0.59375 0.08125 0.18125
1 0.75390625 0.41796875 0.021875 0.0484375
0 0.7625 0.35625 0.00625 0.015625
1 0.834375 0.384375 0.00625 0.0140625
1 0.61484375 0.28671875 0.00625 0.015625
1 0.303125 0.2015625 0.0140625 0.0359375
1 0.90390625 0.41796875 0.00625 0.015625
0 0.82109375 0.38359375 0.00625 0.015625
0 0.2546875 0.13984375 0.0078125 0.0203125
1 0.31015625 0.1875 0.0109375 0.03125
0 0.29609375 0.15234375 0.00625 0.0171875
1 0.346875 0.1765625 0.0078125 0.0203125
1 0.8671875 0.375 0.0046875 0.0109375
1 0.66484375 0.32890625 0.009375 0.025
1 0.66640625 0.30390625 0.00625 0.01875
0 0.67109375 0.3140625 0.00625 0.0171875
0 0.68828125 0.328125 0.0078125 0.01875
0 0.7140625 0.3328125 0.00625 0.0171875
1 0.4125 0.1890625 0.00625 0.0171875
1 0.3734375 0.18203125 0.0078125 0.01875
1 0.396875 0.1859375 0.00625 0.0171875
1 0.584375 0.2828125 0.00625 0.01875
0 0.875 0.409375 0.00625 0.015625
0 0.93125 0.44296875 0.00625 0.0171875
1 0.3234375 0.1734375 0.009375 0.0234375
0 0.35859375 0.1703125 0.00625 0.0140625
1 0.56328125 0.24921875 0.0046875 0.0140625
1 0.47265625 0.21015625 0.00625 0.0140625
1 0.77109375 0.353125 0.00625 0.0140625
1 0.6421875 0.2828125 0.0046875 0.0125
0 0.4640625 0.203125 0.0046875 0.0125
1 0.4390625 0.19765625 0.0046875 0.0140625
1 0.96640625 0.44921875 0.0078125 0.015625
1 0.31484375 0.17890625 0.009375 0.025
0 0.88125 0.375 0.0046875 0.0109375
0 0.4296875 0.19296875 0.0046875 0.0109375
0 0.328125 0.16171875 0.00625 0.015625