0 0.1890625 0.4515625 0.0171875 0.0421875
0 0.4875 0.48984375 0.0328125 0.078125
0 0.05078125 0.4921875 0.0203125 0.0515625
0 0.2734375 0.42734375 0.0140625 0.0359375
0 0.33671875 0.40625 0.0125 0.03125
0 0.2375 0.65859375 0.0640625 0.15
1 0.2140625 0.415625 0.0109375 0.03125
0 0.82734375 0.37734375 0.015625 0.04375
0 0.1125 0.4 0.0078125 0.0203125
0 0.74140625 0.39140625 0.0171875 0.0484375
1 0.23515625 0.39921875 0.0078125 0.021875
0 0.37265625 0.3890625 0.009375 0.025
0 0.284375 0.38515625 0.0078125 0.0203125
1 0.10078125 0.40859375 0.0078125 0.0234375
1 0.10234375 0.44609375 0.0125 0.034375
0 0.340625 0.3828125 0.0078125 0.025
1 0.259375 0.40390625 0.009375 0.025
1 0.40625 0.3390625 0.003125 0.0109375
1 0.390625 0.340625 0.003125 0.0109375
1 0.175 0.40078125 0.0078125 0.0234375
1 0.25078125 0.35703125 0.003125 0.0078125
1 0.871875 0.67421875 0.075 0.19375
1 0.88203125 0.490625 0.040625 0.1078125
0 0.17890625 0.39140625 0.0078125 0.0203125
0 0.23359375 0.38515625 0.0078125 0.0203125
0 0.36875 0.34375 0.003125 0.0109375
0 0.3796875 0.34140625 0.003125 0.0078125
1 0.40390625 0.3375 0.0015625 0.0078125
0 0.62890625 0.42109375 0.0203125 0.05625