1 0.88671875 0.58125 0.084375 0.1640625
1 0.84140625 0.4296875 0.0421875 0.0859375
1 0.8296875 0.37109375 0.0265625 0.0578125
0 0.621875 0.4140625 0.028125 0.059375
0 0.50625 0.49921875 0.0421875 0.084375
0 0.24140625 0.7546875 0.1 0.196875
0 0.7 0.31953125 0.009375 0.01875
1 0.78828125 0.34453125 0.01875 0.040625
0 0.63046875 0.38203125 0.01875 0.040625
0 0.65234375 0.3328125 0.009375 0.0203125
1 0.75625 0.33515625 0.0140625 0.0328125
1 0.83671875 0.29609375 0.009375 0.021875
0 0.7484375 0.30703125 0.0078125 0.01875
1 0.725 0.33125 0.0125 0.028125
0 0.628125 0.3640625 0.0125 0.0328125
1 0.76875 0.30859375 0.0109375 0.0203125
1 0.7171875 0.32421875 0.0109375 0.0234375
0 0.61328125 0.346875 0.009375 0.0234375
0 0.61875 0.359375 0.0109375 0.0234375
1 0.90390625 0.284375 0.0109375 0.0234375
0 0.87421875 0.28046875 0.0109375 0.0203125