0 0.32421875 0.32265625 0.0171875 0.05625
0 0.459375 0.334375 0.021875 0.065625
0 0.65078125 0.32578125 0.0203125 0.065625
0 0.3296875 0.26796875 0.0078125 0.0296875
0 0.44609375 0.24609375 0.0078125 0.025
0 0.38828125 0.25546875 0.0078125 0.028125
1 0.75703125 0.4109375 0.0328125 0.10625
1 0.33828125 0.41953125 0.034375 0.0984375
0 0.28828125 0.28359375 0.0109375 0.0390625
0 0.75234375 0.23828125 0.0078125 0.028125
0 0.821875 0.29921875 0.0171875 0.05625
0 0.8140625 0.24609375 0.0109375 0.034375
0 0.6796875 0.23515625 0.009375 0.028125
1 0.16953125 0.29453125 0.0125 0.0390625
1 0.71328125 0.228125 0.009375 0.025
0 0.60625 0.23515625 0.00625 0.025
1 0.9 0.2375 0.009375 0.03125
1 0.4125 0.24296875 0.0078125 0.0234375
1 0.3359375 0.253125 0.00625 0.0265625
1 0.11171875 0.328125 0.0171875 0.05
1 0.8109375 0.2296875 0.0078125 0.0265625
1 0.61640625 0.22734375 0.0078125 0.021875
1 0.13046875 0.37265625 0.021875 0.0734375
0 0.2765625 0.30390625 0.015625 0.0453125
0 0.52578125 0.2390625 0.00625 0.0265625
0 0.8578125 0.25859375 0.0078125 0.0390625
1 0.51484375 0.2328125 0.00625 0.0234375
1 0.24921875 0.27109375 0.0109375 0.03125
0 0.8703125 0.27734375 0.0109375 0.0484375