0 0.284375 0.23671875 0.015625 0.0375
0 0.3140625 0.23046875 0.0125 0.0328125
0 0.23671875 0.2453125 0.0171875 0.0453125
1 0.8375 0.40625 0.0140625 0.0328125
1 0.421875 0.2734375 0.0140625 0.0375
0 0.36171875 0.21640625 0.009375 0.025
1 0.3859375 0.3671875 0.0296875 0.075
0 0.1734375 0.25859375 0.0234375 0.059375
1 0.4015625 0.321875 0.01875 0.05625
0 0.38046875 0.21171875 0.009375 0.021875
1 0.4125 0.29375 0.015625 0.04375
0 0.91796875 0.428125 0.0125 0.0265625
0 0.3953125 0.20546875 0.00625 0.0203125
1 0.375 0.4828125 0.0515625 0.128125
1 0.778125 0.36953125 0.009375 0.025
1 0.82109375 0.35625 0.00625 0.015625
1 0.4296875 0.2609375 0.0109375 0.03125
1 0.78125 0.35703125 0.009375 0.021875
1 0.80234375 0.35625 0.0078125 0.0171875
0 0.8953125 0.39765625 0.0078125 0.0203125
0 0.89296875 0.3875 0.00625 0.0171875
0 0.87109375 0.39921875 0.009375 0.0234375
0 0.8703125 0.390625 0.00625 0.01875
0 0.86640625 0.36875 0.00625 0.015625
1 0.809375 0.3453125 0.0046875 0.015625
1 0.44296875 0.2453125 0.009375 0.0234375
1 0.45078125 0.23828125 0.0078125 0.0203125
1 0.45546875 0.2296875 0.00625 0.01875
1 0.46328125 0.2234375 0.00625 0.0171875
0 0.40546875 0.203125 0.00625 0.0171875
0 0.3375 0.22421875 0.0109375 0.028125
0 0.41875 0.20078125 0.00625 0.0171875
0 0.4328125 0.20078125 0.0046875 0.0140625
0 0.44296875 0.19921875 0.0046875 0.0140625
0 0.45078125 0.19609375 0.0046875 0.0125
1 0.4703125 0.21953125 0.0046875 0.015625
1 0.475 0.2171875 0.0046875 0.0140625
1 0.4828125 0.2140625 0.0046875 0.0125
0 0.8296875 0.3484375 0.0046875 0.0140625
0 0.79921875 0.33359375 0.0046875 0.0140625
1 0.7734375 0.3265625 0.0046875 0.0140625
0 0.765625 0.31640625 0.0046875 0.0140625
1 0.7328125 0.30703125 0.00625 0.0140625
1 0.6921875 0.2875 0.0046875 0.0125
1 0.65546875 0.26953125 0.0046875 0.0125
1 0.61484375 0.2515625 0.0046875 0.0109375
1 0.57109375 0.23515625 0.003125 0.0109375
0 0.7 0.2859375 0.0046875 0.0125
0 0.67109375 0.27265625 0.003125 0.0109375
0 0.6390625 0.259375 0.0046875 0.0125
0 0.61015625 0.246875 0.0046875 0.0125
0 0.58203125 0.23671875 0.0046875 0.0109375
0 0.540625 0.22109375 0.003125 0.0109375
1 0.528125 0.2203125 0.0046875 0.0140625
1 0.496875 0.2140625 0.0046875 0.0125
0 0.49921875 0.2078125 0.003125 0.0109375
0 0.46328125 0.19765625 0.003125 0.0109375
0 0.47421875 0.19921875 0.003125 0.0109375