0 0.2265625 0.56875 0.0171875 0.025
0 0.38671875 0.52421875 0.009375 0.0140625
0 0.39375 0.51796875 0.0078125 0.0109375
0 0.4140625 0.5296875 0.0125 0.0171875
0 0.4203125 0.5109375 0.00625 0.009375
0 0.48046875 0.5015625 0.00625 0.0078125
0 0.5 0.52265625 0.0140625 0.0203125
0 0.47109375 0.559375 0.0234375 0.034375
0 0.534375 0.49453125 0.00625 0.0078125
0 0.578125 0.490625 0.00625 0.0078125
0 0.61953125 0.51953125 0.01875 0.025
0 0.61328125 0.50078125 0.0109375 0.015625
0 0.615625 0.4875 0.00625 0.0078125
0 0.65703125 0.4828125 0.0078125 0.0109375
0 0.65078125 0.64453125 0.0703125 0.090625
0 0.759375 0.51796875 0.0234375 0.0328125
0 0.80546875 0.475 0.0109375 0.0140625
0 0.8953125 0.48359375 0.0203125 0.025
1 0.21328125 0.559375 0.0140625 0.0203125
1 0.3140625 0.53671875 0.009375 0.015625
1 0.46015625 0.51328125 0.009375 0.0140625
1 0.4890625 0.58671875 0.0390625 0.0515625
1 0.53125 0.5203125 0.015625 0.0203125
1 0.59921875 0.4984375 0.009375 0.0140625
1 0.71640625 0.4859375 0.0109375 0.015625
1 0.7828125 0.48203125 0.0140625 0.0171875