0 0.5296875 0.3625 0.0328125 0.078125
0 0.35859375 0.3328125 0.01875 0.0453125
0 0.428125 0.34296875 0.0234375 0.05625
1 0.61796875 0.2703125 0.0234375 0.0515625
0 0.05 0.39140625 0.0140625 0.034375
0 0.6 0.50703125 0.0671875 0.1546875
1 0.4734375 0.2765625 0.015625 0.0375
0 0.78046875 0.17265625 0.009375 0.0234375
1 0.35078125 0.296875 0.0125 0.03125
1 0.02265625 0.38125 0.0125 0.028125
1 0.2328125 0.321875 0.0125 0.028125
1 0.63359375 0.2125 0.0109375 0.0234375
1 0.8140625 0.1796875 0.0140625 0.03125
0 0.2765625 0.340625 0.0171875 0.0390625
1 0.8203125 0.2859375 0.040625 0.08125
1 0.0453125 0.3578125 0.0078125 0.01875
0 0.16875 0.3609375 0.015625 0.0359375
1 0.2765625 0.28984375 0.00625 0.0140625
0 0.05078125 0.35234375 0.00625 0.015625
1 0.59375 0.2171875 0.009375 0.0203125
0 0.64140625 0.196875 0.0078125 0.01875
1 0.10234375 0.340625 0.00625 0.0171875
1 0.21875 0.30703125 0.00625 0.0140625
1 0.384375 0.26015625 0.00625 0.0140625
0 0.18125 0.31328125 0.0046875 0.0140625
0 0.23828125 0.2953125 0.0046875 0.0140625
1 0.446875 0.24375 0.00625 0.0171875
0 0.40546875 0.246875 0.0046875 0.0140625
0 0.4765625 0.2296875 0.00625 0.015625
1 0.328125 0.2734375 0.00625 0.015625
1 0.69765625 0.19921875 0.0109375 0.025
1 0.12578125 0.3515625 0.0109375 0.028125
1 0.55 0.221875 0.0078125 0.0203125
0 0.11640625 0.33359375 0.00625 0.0140625
0 0.34765625 0.26171875 0.0046875 0.0125
0 0.603125 0.2015625 0.00625 0.0171875
0 0.29921875 0.27421875 0.0046875 0.0140625
0 0.440625 0.2390625 0.0046875 0.0140625
1 0.16015625 0.325 0.00625 0.0140625
0 0.69609375 0.18828125 0.0078125 0.0234375
0 0.52578125 0.21796875 0.00625 0.015625
1 0.5078125 0.23046875 0.00625 0.0171875