1 0.47421875 0.55 0.0359375 0.1359375
0 0.6015625 0.32578125 0.0078125 0.0296875
0 0.07578125 0.3703125 0.0296875 0.096875
1 0.42421875 0.39765625 0.0203125 0.071875
0 0.85078125 0.39296875 0.009375 0.0359375
0 0.4984375 0.30234375 0.0078125 0.028125
0 0.2484375 0.2359375 0.00625 0.021875
1 0.6515625 0.3578125 0.009375 0.0375
1 0.27109375 0.25 0.0078125 0.028125
1 0.7984375 0.4 0.0109375 0.0421875
1 0.0890625 0.25390625 0.0125 0.0453125
0 0.40625 0.27890625 0.00625 0.0234375
0 0.11640625 0.20546875 0.0046875 0.0203125
0 0.33515625 0.26015625 0.0046875 0.021875
1 0.24921875 0.30859375 0.0171875 0.05625
1 0.459375 0.31015625 0.0078125 0.0328125
1 0.36171875 0.28125 0.0078125 0.028125
1 0.10625 0.2140625 0.0078125 0.025
1 0.55078125 0.33359375 0.009375 0.0359375
0 0.703125 0.35234375 0.0078125 0.03125
0 0.07109375 0.19140625 0.0046875 0.0203125
1 0.17265625 0.2265625 0.00625 0.025
1 0.06015625 0.203125 0.0046875 0.025