0 0.51875 0.49453125 0.040625 0.0875
0 0.60234375 0.41328125 0.0203125 0.0421875
0 0.26171875 0.5921875 0.08125 0.1640625
1 0.83671875 0.71328125 0.0796875 0.159375
1 0.75 0.44375 0.01875 0.0390625
1 0.46796875 0.33671875 0.0109375 0.0203125
1 0.8140625 0.54296875 0.0359375 0.0765625
0 0.57578125 0.390625 0.015625 0.034375
1 0.70546875 0.42109375 0.015625 0.034375
1 0.43359375 0.32265625 0.009375 0.01875
1 0.74765625 0.415625 0.0125 0.0265625
1 0.6265625 0.3640625 0.0078125 0.0171875
1 0.65703125 0.40078125 0.0140625 0.028125
1 0.82421875 0.446875 0.015625 0.0328125
1 0.5453125 0.340625 0.00625 0.0140625
1 0.50703125 0.33046875 0.00625 0.0140625
0 0.37265625 0.3 0.00625 0.015625
1 0.4703125 0.315625 0.00625 0.0125
0 0.9234375 0.46640625 0.015625 0.03125
0 0.7859375 0.41328125 0.0125 0.025
1 0.78125 0.47734375 0.025 0.05
0 0.446875 0.34140625 0.0125 0.025
0 0.84453125 0.43515625 0.0125 0.028125
0 0.3765625 0.29765625 0.00625 0.0140625
0 0.60390625 0.43984375 0.025 0.053125
1 0.50703125 0.31953125 0.0046875 0.0109375
0 0.703125 0.38125 0.009375 0.01875
1 0.42265625 0.31640625 0.00625 0.0140625
1 0.69296875 0.39140625 0.0109375 0.021875
1 0.4890625 0.31640625 0.0046875 0.0109375
0 0.66640625 0.3703125 0.00625 0.015625
1 0.934375 0.49453125 0.0203125 0.040625
1 0.51796875 0.3515625 0.009375 0.0234375
0 0.7390625 0.396875 0.009375 0.0203125
0 0.5421875 0.3359375 0.0046875 0.0125
0 0.51796875 0.36484375 0.0140625 0.028125
0 0.5890625 0.34765625 0.00625 0.0140625
1 0.58515625 0.375 0.0125 0.025
0 0.38046875 0.296875 0.0046875 0.0125
1 0.4234375 0.30703125 0.0046875 0.0125
1 0.4421875 0.3 0.003125 0.009375
0 0.3890625 0.3203125 0.0109375 0.021875
0 0.55390625 0.328125 0.0046875 0.0109375
1 0.4796875 0.321875 0.00625 0.0140625
0 0.5421875 0.325 0.003125 0.009375
0 0.365625 0.30390625 0.00625 0.0171875
0 0.3625 0.30703125 0.009375 0.01875
1 0.66015625 0.37734375 0.0078125 0.0203125