1 0.7453125 0.32734375 0.0234375 0.065625
0 0.4828125 0.36953125 0.0234375 0.0796875
0 0.42734375 0.33671875 0.0203125 0.065625
1 0.61875 0.2984375 0.01875 0.0515625
0 0.2390625 0.2984375 0.0140625 0.0453125
0 0.5 0.4296875 0.034375 0.1109375
1 0.90625 0.39296875 0.0375 0.0921875
0 0.209375 0.2625 0.009375 0.03125
0 0.19296875 0.28046875 0.0109375 0.0359375
0 0.2640625 0.24921875 0.0078125 0.0234375
1 0.359375 0.24609375 0.00625 0.025
1 0.50546875 0.28125 0.0125 0.0421875
1 0.48671875 0.22890625 0.0046875 0.01875
1 0.3875 0.27109375 0.009375 0.0359375
1 0.43984375 0.23359375 0.00625 0.0203125
0 0.46484375 0.57265625 0.0609375 0.1765625
1 0.753125 0.2234375 0.00625 0.0203125
1 0.815625 0.21875 0.0046875 0.01875
1 0.65 0.22578125 0.00625 0.0203125
0 0.359375 0.31796875 0.01875 0.05625
0 0.76328125 0.21328125 0.0046875 0.015625
1 0.39609375 0.23984375 0.0078125 0.021875
0 0.72890625 0.2171875 0.0046875 0.0171875
0 0.67109375 0.21953125 0.0046875 0.0171875
0 0.32265625 0.23828125 0.00625 0.0203125
0 0.7484375 0.215625 0.0046875 0.0171875
0 0.9515625 0.2015625 0.003125 0.0109375
0 0.7890625 0.20234375 0.0046875 0.0109375
0 0.38828125 0.23125 0.00625 0.01875
1 0.34921875 0.26328125 0.009375 0.03125
1 0.9390625 0.20390625 0.003125 0.0109375
0 0.815625 0.2015625 0.0046875 0.0109375
1 0.7921875 0.22109375 0.00625 0.0203125
1 0.7046875 0.22890625 0.0078125 0.01875
0 0.77265625 0.21171875 0.003125 0.015625
1 0.5390625 0.2265625 0.00625 0.01875
0 0.45625 0.225 0.0046875 0.01875
0 0.6 0.2203125 0.0046875 0.0171875
0 0.7765625 0.21015625 0.003125 0.0140625
1 0.34453125 0.2546875 0.0078125 0.028125
1 0.57890625 0.225 0.00625 0.0203125
0 0.64375 0.2203125 0.0046875 0.0171875
0 0.21875 0.765625 0.0671875 0.11875
0 0.703125 0.21875 0.0046875 0.0171875
1 0.9046875 0.203125 0.003125 0.0109375
0 0.52734375 0.22109375 0.0046875 0.0171875
1 0.8328125 0.215625 0.0046875 0.0171875
1 0.8390625 0.2078125 0.0046875 0.0140625
1 0.84375 0.2140625 0.003125 0.015625
1 0.8546875 0.203125 0.003125 0.0125
0 0.85390625 0.19921875 0.003125 0.0109375