0 0.890625 0.28671875 0.01875 0.065625
0 0.7546875 0.25859375 0.0140625 0.05
0 0.73359375 0.221875 0.0078125 0.0359375
0 0.84453125 0.203125 0.00625 0.028125
1 0.7390625 0.33671875 0.0234375 0.0859375
0 0.7171875 0.23828125 0.009375 0.040625
1 0.59140625 0.2765625 0.0140625 0.0546875
0 0.7796875 0.2109375 0.0078125 0.0296875
1 0.584375 0.2421875 0.0078125 0.0390625
1 0.89453125 0.190625 0.00625 0.025
1 0.78984375 0.19609375 0.00625 0.025
0 0.78203125 0.5 0.0515625 0.1625
1 0.703125 0.20625 0.0078125 0.0265625
1 0.63125 0.2203125 0.0078125 0.03125
0 0.92890625 0.19765625 0.0078125 0.028125