1 0.26640625 0.371875 0.021875 0.05625
0 0.32265625 0.3 0.0109375 0.0328125
0 0.51484375 0.2953125 0.01875 0.0515625
0 0.346875 0.28359375 0.009375 0.028125
1 0.76640625 0.28359375 0.028125 0.071875
0 0.78671875 0.21640625 0.0171875 0.0453125
0 0.3921875 0.3140625 0.01875 0.0484375
0 0.4375 0.2484375 0.0078125 0.0234375
0 0.33046875 0.3125 0.015625 0.0390625
1 0.21953125 0.3296875 0.0109375 0.03125
1 0.47265625 0.3515625 0.0296875 0.071875
0 0.66171875 0.2578125 0.0203125 0.0515625
1 0.66796875 0.18671875 0.0078125 0.021875
1 0.83671875 0.1625 0.009375 0.025
1 0.27109375 0.3 0.009375 0.0265625
0 0.5046875 0.2296875 0.0078125 0.021875
0 0.76484375 0.1828125 0.0109375 0.028125
0 0.80546875 0.18515625 0.0109375 0.0328125
0 0.7078125 0.18828125 0.009375 0.025
1 0.58203125 0.20390625 0.0078125 0.0203125
1 0.20234375 0.35546875 0.0140625 0.040625
0 0.57578125 0.2109375 0.009375 0.0234375
1 0.48984375 0.22578125 0.0078125 0.0203125
1 0.33671875 0.27265625 0.0078125 0.0234375
1 0.75703125 0.17109375 0.009375 0.0234375
0 0.64296875 0.1984375 0.0078125 0.0234375
0 0.390625 0.26484375 0.009375 0.025
1 0.40234375 0.2515625 0.0078125 0.0203125
0 0.8203125 0.19453125 0.0109375 0.0390625