0 0.0859375 0.34375 0.01875 0.053125
0 0.38046875 0.29921875 0.0078125 0.028125
0 0.18125 0.3203125 0.0125 0.0390625
1 0.284375 0.359375 0.01875 0.0625
0 0.28984375 0.30703125 0.009375 0.03125
1 0.5828125 0.64296875 0.059375 0.1921875
1 0.33984375 0.3328125 0.0140625 0.04375
1 0.5109375 0.30625 0.0078125 0.0265625
1 0.5359375 0.29140625 0.0078125 0.021875
0 0.42578125 0.2890625 0.00625 0.0265625
0 0.434375 0.27734375 0.00625 0.0234375
1 0.31796875 0.42734375 0.0296875 0.090625
1 0.18046875 0.22890625 0.0046875 0.0140625
1 0.75625 0.29609375 0.00625 0.015625
0 0.90703125 0.3203125 0.00625 0.021875
1 0.2328125 0.2359375 0.0046875 0.0140625
1 0.69140625 0.28359375 0.0046875 0.015625
0 0.71328125 0.2828125 0.0046875 0.0140625
0 0.41484375 0.26484375 0.00625 0.0203125
0 0.03984375 0.2171875 0.00625 0.0140625
0 0.2546875 0.24296875 0.00625 0.0171875
1 0.4265625 0.2546875 0.0046875 0.015625
1 0.14296875 0.2234375 0.0046875 0.0140625
1 0.665625 0.2765625 0.0046875 0.0140625
0 0.1046875 0.2234375 0.0046875 0.0171875
0 0.153125 0.23125 0.0046875 0.0140625
1 0.153125 0.2171875 0.0046875 0.0109375
1 0.85 0.31953125 0.0078125 0.0203125
1 0.78984375 0.30546875 0.00625 0.0203125
1 0.4703125 0.26484375 0.0046875 0.0171875
1 0.365625 0.24921875 0.0046875 0.0140625
0 0.80703125 0.30390625 0.0046875 0.015625
1 0.925 0.334375 0.0078125 0.0265625
0 0.37890625 0.253125 0.0046875 0.015625
1 0.72109375 0.28984375 0.0046875 0.015625
1 0.28984375 0.23984375 0.0046875 0.0140625
1 0.1140625 0.21640625 0.0046875 0.0109375
1 0.440625 0.31953125 0.0109375 0.0359375
1 0.07265625 0.21328125 0.0046875 0.0109375
1 0.51171875 0.2765625 0.00625 0.021875
1 0.64296875 0.2734375 0.0046875 0.0125
0 0.7484375 0.29140625 0.0046875 0.015625
1 0.27734375 0.22890625 0.0015625 0.009375
0 0.19765625 0.23671875 0.0046875 0.0171875
0 0.3171875 0.24609375 0.0046875 0.015625
1 0.0671875 0.21640625 0.0046875 0.0109375
1 0.24375 0.22578125 0.003125 0.0109375
0 0.6765625 0.2734375 0.0046875 0.0109375
0 0.2140625 0.2203125 0.003125 0.0109375
0 0.16328125 0.21640625 0.0046875 0.0109375
0 0.8421875 0.309375 0.00625 0.0203125
1 0.2015625 0.221875 0.0046875 0.0109375
0 0.77734375 0.296875 0.0046875 0.0171875
0 0.6390625 0.26484375 0.0046875 0.0109375
0 0.1203125 0.2125 0.0015625 0.009375
1 0.3828125 0.23515625 0.003125 0.009375
1 0.6171875 0.2671875 0.003125 0.0109375
1 0.50234375 0.2484375 0.003125 0.0109375
1 0.3109375 0.2296875 0.003125 0.0109375
1 0.54453125 0.253125 0.0046875 0.0125
0 0.5234375 0.25 0.0046875 0.0140625
0 0.5625 0.25546875 0.0046875 0.0140625