0 0.43515625 0.29140625 0.0078125 0.025
1 0.47265625 0.62109375 0.065625 0.178125
1 0.4125 0.2984375 0.009375 0.0328125
0 0.8078125 0.30625 0.009375 0.03125
0 0.55234375 0.2953125 0.0078125 0.0265625
0 0.32890625 0.2875 0.0078125 0.025
1 0.29921875 0.2953125 0.0125 0.03125
0 0.10625 0.2828125 0.0078125 0.0265625
1 0.1015625 0.29375 0.009375 0.0296875
1 0.66328125 0.30625 0.0109375 0.034375
0 0.21171875 0.28203125 0.0078125 0.025
1 0.51328125 0.3 0.0109375 0.034375
1 0.8171875 0.31953125 0.0125 0.0390625
1 0.2046875 0.29453125 0.0109375 0.03125
0 0.68671875 0.3 0.009375 0.028125
1 0.0515625 0.47578125 0.0203125 0.09375