0 0.71328125 0.48671875 0.0390625 0.096875
0 0.9171875 0.4421875 0.0328125 0.078125
0 0.64609375 0.36484375 0.0125 0.034375
0 0.5375 0.36640625 0.0109375 0.028125
0 0.39375 0.575 0.0546875 0.1265625
0 0.37265625 0.36875 0.009375 0.025
0 0.3875 0.365625 0.0078125 0.0203125
0 0.8015625 0.3515625 0.0140625 0.0359375
0 0.9234375 0.33984375 0.0140625 0.034375
1 0.828125 0.32265625 0.0046875 0.0171875
1 0.88359375 0.3203125 0.0078125 0.021875
1 0.52421875 0.3546875 0.00625 0.0203125
1 0.72734375 0.3328125 0.0078125 0.0203125
1 0.6015625 0.3515625 0.009375 0.0265625
0 0.6640625 0.3390625 0.0046875 0.015625
1 0.85390625 0.32734375 0.0078125 0.021875
0 0.4765625 0.3671875 0.009375 0.028125
0 0.38203125 0.3625 0.00625 0.01875
1 0.7796875 0.32890625 0.00625 0.0203125
1 0.66875 0.33984375 0.00625 0.0171875
1 0.715625 0.3421875 0.0078125 0.028125
0 0.36640625 0.365625 0.00625 0.0203125
1 0.86640625 0.32421875 0.0078125 0.0203125
0 0.4671875 0.3546875 0.00625 0.0171875
0 0.415625 0.35859375 0.0078125 0.01875
1 0.80625 0.33515625 0.0109375 0.0296875