0 0.425 0.33203125 0.015625 0.053125
0 0.09375 0.34375 0.0140625 0.0421875
0 0.50390625 0.35859375 0.0203125 0.06875
0 0.77109375 0.26171875 0.0109375 0.0359375
0 0.33046875 0.32421875 0.015625 0.0453125
1 0.790625 0.32734375 0.0203125 0.065625
1 0.8578125 0.3953125 0.034375 0.096875
0 0.2203125 0.3296875 0.0140625 0.04375
0 0.6765625 0.284375 0.0125 0.0421875
1 0.81328125 0.29375 0.015625 0.05
1 0.878125 0.2734375 0.0140625 0.0453125
1 0.534375 0.296875 0.0125 0.0421875
1 0.2796875 0.3046875 0.0109375 0.034375
1 0.13125 0.321875 0.0125 0.0359375
0 0.49765625 0.60078125 0.059375 0.184375
1 0.41484375 0.29609375 0.0125 0.0375
0 0.890625 0.2484375 0.0109375 0.0328125