1 0.61875 0.4078125 0.025 0.059375
0 0.328125 0.315625 0.0328125 0.0703125
0 0.48046875 0.32890625 0.0203125 0.0484375
1 0.7140625 0.42421875 0.0203125 0.0484375
1 0.52890625 0.42421875 0.034375 0.0796875
1 0.9390625 0.5109375 0.0203125 0.0453125
0 0.67265625 0.375 0.015625 0.0359375
0 0.51796875 0.2765625 0.0078125 0.0203125
0 0.834375 0.43828125 0.0140625 0.03125
1 0.490625 0.30546875 0.0140625 0.040625
0 0.8015625 0.39296875 0.009375 0.0203125
1 0.45546875 0.25 0.0078125 0.0203125
1 0.9640625 0.47890625 0.0078125 0.0265625
0 0.51640625 0.29375 0.0125 0.028125
0 0.871875 0.44609375 0.0125 0.028125
1 0.475 0.53515625 0.0578125 0.1390625
1 0.909375 0.44375 0.009375 0.021875
0 0.59296875 0.3 0.009375 0.0203125
0 0.55 0.28515625 0.009375 0.0203125
0 0.56953125 0.32421875 0.0140625 0.0328125
1 0.56484375 0.28359375 0.0078125 0.0203125
0 0.75859375 0.41171875 0.015625 0.0359375
0 0.64140625 0.31953125 0.0078125 0.0171875
1 0.42421875 0.24765625 0.0109375 0.025
1 0.765625 0.36875 0.0078125 0.0171875
1 0.84296875 0.40703125 0.0078125 0.01875
0 0.7453125 0.3640625 0.0078125 0.0203125
1 0.4265625 0.2625 0.0125 0.03125
1 0.6296875 0.30859375 0.00625 0.0171875
1 0.68828125 0.33515625 0.00625 0.0171875
0 0.87109375 0.4359375 0.009375 0.0265625
1 0.81796875 0.45859375 0.0203125 0.0453125
1 0.50546875 0.26328125 0.0078125 0.0203125
0 0.50390625 0.27890625 0.0109375 0.025
0 0.84375 0.41796875 0.009375 0.0234375