0 0.2859375 0.41171875 0.0109375 0.040625
0 0.1125 0.41171875 0.0125 0.040625
1 0.815625 0.46328125 0.0171875 0.0609375
1 0.60390625 0.453125 0.015625 0.0546875
0 0.46015625 0.4125 0.0140625 0.0421875
0 0.05390625 0.4 0.009375 0.0390625
0 0.83984375 0.4203125 0.0140625 0.05
0 0.6359375 0.4140625 0.0125 0.04375
1 0.42109375 0.55625 0.034375 0.109375
1 0.72890625 0.66484375 0.05 0.1625
1 0.41328125 0.446875 0.015625 0.053125
1 0.22578125 0.44296875 0.015625 0.05625
1 0.14140625 0.52578125 0.03125 0.0953125