0 0.16640625 0.28984375 0.0234375 0.0625
0 0.89609375 0.3859375 0.0109375 0.03125
0 0.50390625 0.30625 0.0125 0.0359375
0 0.371875 0.29609375 0.015625 0.046875
0 0.596875 0.31875 0.0109375 0.0328125
1 0.58359375 0.34921875 0.0171875 0.0484375
1 0.74140625 0.37109375 0.0140625 0.040625
1 0.42578125 0.57265625 0.0578125 0.165625
1 0.93046875 0.41640625 0.015625 0.040625
0 0.784375 0.3578125 0.009375 0.028125
1 0.4578125 0.37421875 0.0265625 0.075
1 0.6625 0.2703125 0.003125 0.0109375
0 0.69140625 0.33671875 0.009375 0.03125
1 0.6234375 0.26875 0.003125 0.0109375
1 0.33828125 0.2203125 0.0046875 0.0125
1 0.34609375 0.20703125 0.003125 0.009375
1 0.33046875 0.215625 0.003125 0.0109375
1 0.3671875 0.221875 0.003125 0.0109375
1 0.6484375 0.26171875 0.003125 0.0109375
0 0.409375 0.2265625 0.003125 0.009375
1 0.39140625 0.22890625 0.0046875 0.0125
1 0.29609375 0.2109375 0.003125 0.0125
0 0.29375 0.20859375 0.0046875 0.0109375