0 0.3859375 0.565625 0.0078125 0.0140625
0 0.396875 0.56875 0.0078125 0.015625
0 0.384375 0.575 0.0109375 0.01875
0 0.36875 0.584375 0.0125 0.0234375
0 0.35390625 0.565625 0.0078125 0.0140625
0 0.33984375 0.59921875 0.0171875 0.0296875
0 0.2875 0.628125 0.025 0.0421875
0 0.16171875 0.703125 0.05625 0.08125
0 0.08515625 0.578125 0.0109375 0.0171875
0 0.215625 0.56953125 0.009375 0.0171875
0 0.31796875 0.56640625 0.009375 0.0140625
1 0.7203125 0.70703125 0.0546875 0.0828125
1 0.5953125 0.6296875 0.0265625 0.04375
1 0.55546875 0.60078125 0.021875 0.0296875
1 0.53671875 0.58515625 0.0140625 0.0203125
1 0.525 0.57578125 0.009375 0.0171875
1 0.515625 0.56875 0.0078125 0.0140625
1 0.5015625 0.565625 0.00625 0.0125
1 0.45859375 0.5640625 0.00625 0.0125
1 0.4203125 0.5625 0.00625 0.0109375
1 0.36484375 0.5625 0.00625 0.0125
1 0.16953125 0.5703125 0.009375 0.0140625
1 0.26875 0.5640625 0.00625 0.0140625
1 0.3140625 0.5625 0.00625 0.0125