0 0.26640625 0.60078125 0.0484375 0.10625
0 0.65078125 0.39765625 0.0171875 0.0421875
0 0.53125 0.44453125 0.0203125 0.0515625
0 0.41640625 0.50234375 0.025 0.0671875
1 0.740625 0.59140625 0.0625 0.1453125
0 0.75078125 0.37109375 0.015625 0.0375
1 0.18359375 0.4734375 0.0109375 0.0296875
0 0.38671875 0.43046875 0.0109375 0.0296875
0 0.30859375 0.4546875 0.0125 0.03125
0 0.8625 0.3484375 0.0140625 0.0328125
0 0.39296875 0.40078125 0.00625 0.0171875
1 0.35234375 0.42578125 0.009375 0.0234375
0 0.20859375 0.484375 0.0140625 0.0359375
1 0.30625 0.41875 0.0078125 0.0203125
0 0.43515625 0.41171875 0.009375 0.0265625
1 0.05546875 0.48828125 0.0109375 0.0296875
0 0.071875 0.46875 0.009375 0.025
1 0.0765625 0.503125 0.0140625 0.0359375
1 0.12734375 0.46484375 0.009375 0.025
0 0.25546875 0.42265625 0.00625 0.0171875
1 0.35546875 0.415625 0.0078125 0.0203125
1 0.24921875 0.42890625 0.00625 0.0171875
1 0.2671875 0.45078125 0.0125 0.028125
0 0.1234375 0.45546875 0.0078125 0.0203125
1 0.3734375 0.41640625 0.0078125 0.021875
0 0.35078125 0.4046875 0.00625 0.0171875
1 0.1921875 0.44609375 0.0078125 0.0203125
1 0.66015625 0.4796875 0.0359375 0.0796875
0 0.440625 0.39453125 0.0078125 0.0203125
0 0.19375 0.4359375 0.00625 0.0171875
1 0.89609375 0.37734375 0.021875 0.0515625
1 0.74375 0.42421875 0.028125 0.0625
0 0.30625 0.41171875 0.00625 0.0171875