0 0.1265625 0.1984375 0.009375 0.028125
0 0.1921875 0.203125 0.00625 0.0234375
0 0.88125 0.35625 0.0078125 0.0203125
1 0.28203125 0.38359375 0.03125 0.09375
0 0.0953125 0.1984375 0.009375 0.028125
1 0.228125 0.30234375 0.01875 0.059375
1 0.4671875 0.675 0.071875 0.2125
1 0.93046875 0.3765625 0.009375 0.028125
1 0.221875 0.23359375 0.0109375 0.0328125
0 0.79140625 0.33125 0.00625 0.0203125
1 0.47734375 0.25859375 0.00625 0.0203125
1 0.58203125 0.284375 0.00625 0.021875
1 0.809375 0.3453125 0.0078125 0.0265625
1 0.68828125 0.31328125 0.00625 0.021875
0 0.434375 0.2421875 0.0046875 0.01875
0 0.62890625 0.2875 0.00625 0.0203125
0 0.49609375 0.25625 0.0046875 0.0171875
0 0.5609375 0.27109375 0.0046875 0.0171875
1 0.2078125 0.25859375 0.0125 0.040625
0 0.71015625 0.31015625 0.00625 0.0203125
0 0.375 0.23203125 0.0046875 0.01875
1 0.37890625 0.2390625 0.00625 0.021875
1 0.32421875 0.20234375 0.003125 0.0109375
1 0.2875 0.228125 0.00625 0.025
1 0.3046875 0.20234375 0.003125 0.0109375
0 0.28984375 0.2171875 0.0046875 0.0203125
0 0.58984375 0.2546875 0.0046875 0.0109375
1 0.5953125 0.25625 0.0046875 0.0109375
1 0.1078125 0.16015625 0.003125 0.0109375
1 0.11015625 0.15859375 0.003125 0.0109375
1 0.12734375 0.16015625 0.0015625 0.009375
1 0.11640625 0.159375 0.003125 0.0109375
1 0.1140625 0.1578125 0.003125 0.0109375
1 0.12265625 0.159375 0.0015625 0.009375