1 0.3265625 0.40703125 0.025 0.078125
1 0.2375 0.33359375 0.0140625 0.05
1 0.196875 0.29765625 0.009375 0.0359375
1 0.15625 0.2640625 0.0078125 0.0234375
1 0.13828125 0.24921875 0.0046875 0.0171875
0 0.04296875 0.23125 0.003125 0.0125
1 0.13046875 0.24296875 0.0046875 0.015625
1 0.1265625 0.2390625 0.0046875 0.0140625
1 0.12265625 0.23671875 0.003125 0.0140625
1 0.11953125 0.23359375 0.003125 0.0140625
1 0.11640625 0.23046875 0.003125 0.0109375
1 0.11484375 0.22890625 0.0015625 0.0109375
1 0.1734375 0.278125 0.0078125 0.028125
1 0.146875 0.25625 0.00625 0.0203125
1 0.63125 0.66015625 0.0578125 0.1875
0 0.04609375 0.22890625 0.003125 0.0125
0 0.04921875 0.22734375 0.003125 0.0125
0 0.0515625 0.22578125 0.003125 0.0109375