0 0.21796875 0.55234375 0.0375 0.0609375
0 0.2890625 0.48359375 0.0265625 0.040625
0 0.359375 0.43671875 0.01875 0.03125
0 0.43671875 0.40078125 0.015625 0.025
0 0.43984375 0.365625 0.009375 0.015625
0 0.4875 0.37421875 0.0125 0.0203125
0 0.490625 0.35625 0.0078125 0.0140625
0 0.5125 0.35390625 0.009375 0.015625
0 0.52421875 0.35625 0.0109375 0.0171875
0 0.53828125 0.34921875 0.009375 0.0171875
0 0.534375 0.34921875 0.0078125 0.0140625
1 0.52734375 0.3421875 0.0078125 0.0140625
1 0.475 0.353125 0.00625 0.0109375
1 0.57421875 0.33359375 0.0078125 0.0140625
1 0.571875 0.36796875 0.0171875 0.0265625
1 0.55390625 0.38984375 0.0203125 0.0328125
1 0.57109375 0.41484375 0.028125 0.04375
1 0.6203125 0.45546875 0.04375 0.0703125
1 0.8703125 0.59921875 0.125 0.1796875
1 0.62734375 0.34296875 0.015625 0.0234375
1 0.6203125 0.325 0.009375 0.0171875
1 0.64296875 0.3265625 0.0140625 0.025