0 0.1796875 0.2390625 0.015625 0.0390625
1 0.31484375 0.30703125 0.01875 0.0515625
0 0.9546875 0.48125 0.0078125 0.0203125
1 0.428125 0.5140625 0.0515625 0.125
0 0.92578125 0.478125 0.009375 0.0234375
0 0.25390625 0.240625 0.0125 0.03125
1 0.33671875 0.38046875 0.03125 0.08125
0 0.93359375 0.48984375 0.0109375 0.028125
0 0.3859375 0.26953125 0.0078125 0.021875
0 0.09609375 0.24765625 0.0203125 0.053125
0 0.32578125 0.25390625 0.009375 0.025
1 0.81640625 0.43125 0.009375 0.0234375
1 0.8609375 0.48203125 0.015625 0.0375
1 0.42109375 0.2921875 0.009375 0.025
1 0.9578125 0.440625 0.003125 0.0109375
0 0.47890625 0.2953125 0.00625 0.0171875
1 0.378125 0.2875 0.0109375 0.0296875
1 0.89921875 0.45 0.00625 0.0171875
1 0.928125 0.42421875 0.0046875 0.0109375
1 0.35390625 0.290625 0.0140625 0.0375
1 0.6609375 0.34296875 0.0046875 0.0140625
1 0.8234375 0.4453125 0.0109375 0.028125
1 0.503125 0.3109375 0.0078125 0.0203125
1 0.8421875 0.4328125 0.0078125 0.0203125
1 0.77421875 0.3609375 0.003125 0.009375
0 0.5125 0.30234375 0.0046875 0.015625
1 0.8953125 0.40703125 0.003125 0.0109375
1 0.73359375 0.35234375 0.003125 0.0109375
1 0.678125 0.34375 0.0046875 0.0125
1 0.8546875 0.3890625 0.003125 0.009375
0 0.43828125 0.2828125 0.00625 0.0203125
1 0.6375 0.3390625 0.0046875 0.0140625
0 0.934375 0.4203125 0.003125 0.009375
0 0.765625 0.3515625 0.003125 0.009375
1 0.7515625 0.35625 0.003125 0.009375
0 0.59375 0.31953125 0.003125 0.0140625
1 0.7171875 0.34921875 0.003125 0.0109375
1 0.46796875 0.30234375 0.0078125 0.0234375
1 0.696875 0.34609375 0.0046875 0.0125
1 0.53515625 0.31640625 0.00625 0.0203125
0 0.68125 0.334375 0.003125 0.0109375
0 0.6578125 0.3296875 0.003125 0.0109375
1 0.58984375 0.328125 0.0046875 0.015625
0 0.64140625 0.3265625 0.0046875 0.0140625
0 0.83203125 0.3765625 0.003125 0.009375
0 0.7921875 0.3609375 0.003125 0.009375
1 0.81015625 0.371875 0.003125 0.009375
0 0.8765625 0.3953125 0.003125 0.0109375
0 0.72109375 0.34296875 0.003125 0.009375
0 0.53828125 0.30859375 0.0046875 0.0171875
0 0.56171875 0.31328125 0.0046875 0.015625
1 0.565625 0.321875 0.00625 0.0203125
1 0.609375 0.33203125 0.0046875 0.015625
0 0.61796875 0.32265625 0.003125 0.0125
0 0.7375 0.34453125 0.003125 0.0109375
0 0.9046875 0.4078125 0.003125 0.0078125
0 0.753125 0.34765625 0.003125 0.00625
0 0.70234375 0.33984375 0.003125 0.009375
1 0.88828125 0.3875 0.003125 0.00625
1 0.89921875 0.3875 0.0015625 0.00625
1 0.91171875 0.3984375 0.003125 0.00625
1 0.92109375 0.39921875 0.0015625 0.00625