0 0.2171875 0.59296875 0.059375 0.109375
0 0.36953125 0.44609375 0.0203125 0.04375
0 0.39765625 0.41796875 0.0140625 0.034375
0 0.41484375 0.40625 0.0125 0.0296875
0 0.853125 0.41328125 0.0109375 0.025
0 0.428125 0.39609375 0.0109375 0.025
0 0.4375 0.38671875 0.0078125 0.0203125
0 0.484375 0.38515625 0.009375 0.01875
0 0.55 0.38828125 0.00625 0.01875
1 0.7203125 0.40703125 0.0125 0.0234375
1 0.9203125 0.428125 0.015625 0.0328125
1 0.81953125 0.621875 0.0640625 0.121875
1 0.62578125 0.46015625 0.025 0.0546875
1 0.54765625 0.3984375 0.0109375 0.0265625
1 0.7921875 0.4171875 0.0140625 0.0296875
1 0.65390625 0.4015625 0.009375 0.021875
1 0.60625 0.396875 0.009375 0.021875
1 0.5859375 0.42734375 0.01875 0.0359375
1 0.56953125 0.4109375 0.0140625 0.03125
1 0.56484375 0.39453125 0.009375 0.0203125