0 0.1296875 0.23359375 0.0078125 0.028125
1 0.28046875 0.3546875 0.0203125 0.0671875
0 0.840625 0.35 0.009375 0.03125
0 0.11484375 0.246875 0.0109375 0.03125
1 0.328125 0.425 0.028125 0.0953125
1 0.79921875 0.3578125 0.0109375 0.0390625
0 0.74140625 0.31328125 0.00625 0.021875
0 0.0953125 0.2640625 0.0109375 0.0390625
1 0.6796875 0.3234375 0.009375 0.0296875
0 0.1734375 0.2078125 0.0046875 0.015625
0 0.7328125 0.3140625 0.00625 0.0234375
1 0.22890625 0.21640625 0.003125 0.0140625
1 0.22421875 0.24609375 0.0078125 0.028125
1 0.253125 0.31875 0.0140625 0.0515625
0 0.14921875 0.2171875 0.00625 0.0203125
1 0.4390625 0.571875 0.053125 0.1625
0 0.13828125 0.2265625 0.00625 0.025
0 0.75703125 0.325 0.0078125 0.0265625
1 0.23203125 0.27734375 0.0109375 0.0359375
0 0.72265625 0.3015625 0.00625 0.01875
1 0.2265625 0.26015625 0.0078125 0.0296875
1 0.3296875 0.2171875 0.003125 0.0140625
1 0.5328125 0.25546875 0.003125 0.015625
0 0.90625 0.28828125 0.003125 0.0140625
0 0.20625 0.20078125 0.003125 0.0140625
1 0.58359375 0.26796875 0.0046875 0.0171875
1 0.6484375 0.30703125 0.0078125 0.021875
0 0.37265625 0.22109375 0.003125 0.0109375
0 0.9390625 0.296875 0.003125 0.0140625
1 0.4328125 0.23515625 0.003125 0.0140625
1 0.24140625 0.21171875 0.003125 0.0140625
0 0.68515625 0.2875 0.0046875 0.0171875
0 0.56015625 0.25859375 0.003125 0.0140625
0 0.2375 0.20234375 0.003125 0.0140625
0 0.17890625 0.203125 0.003125 0.0140625
0 0.1640625 0.21328125 0.0046875 0.01875
0 0.40859375 0.22734375 0.003125 0.0125
0 0.6015625 0.2671875 0.003125 0.015625
0 0.28828125 0.20859375 0.003125 0.0140625
1 0.48046875 0.24453125 0.0046875 0.0171875
1 0.2234375 0.23671875 0.0046875 0.0203125
0 0.89453125 0.28359375 0.003125 0.0140625
1 0.653125 0.2890625 0.00625 0.01875
1 0.22421875 0.22734375 0.0046875 0.0203125
0 0.3390625 0.215625 0.003125 0.0125
1 0.6484375 0.2953125 0.00625 0.0203125
0 0.1921875 0.20078125 0.003125 0.015625
0 0.4453125 0.2328125 0.003125 0.0109375
1 0.27734375 0.2109375 0.003125 0.0140625
1 0.38203125 0.225 0.003125 0.0140625
0 0.6375 0.27421875 0.0046875 0.0171875
1 0.628125 0.2796875 0.00625 0.0171875
0 0.91875 0.2828125 0.003125 0.0140625
0 0.521875 0.24921875 0.003125 0.0140625
1 0.490625 0.225 0.0015625 0.00625
1 0.2390625 0.29765625 0.0109375 0.0421875
1 0.45546875 0.221875 0.0015625 0.009375
1 0.48515625 0.228125 0.0015625 0.009375
0 0.89921875 0.28125 0.003125 0.0140625
1 0.46484375 0.22265625 0.0015625 0.0078125
0 0.48046875 0.22421875 0.0015625 0.00625
0 0.06796875 0.29140625 0.0125 0.05
1 0.22578125 0.22109375 0.0046875 0.01875
1 0.465625 0.22421875 0.0015625 0.00625