1 0.84296875 0.6265625 0.0609375 0.1125
0 0.665625 0.440625 0.021875 0.0484375
0 0.1640625 0.61953125 0.10625 0.20625
0 0.58359375 0.44921875 0.028125 0.0625
1 0.8703125 0.52734375 0.0296875 0.0640625
0 0.57578125 0.39296875 0.0171875 0.0375
1 0.8375 0.47890625 0.021875 0.04375
0 0.4828125 0.475 0.0453125 0.0890625
0 0.609375 0.36953125 0.0109375 0.025
1 0.6765625 0.40703125 0.0140625 0.03125
0 0.5515625 0.36796875 0.0125 0.0296875
1 0.73828125 0.43359375 0.0171875 0.0359375
0 0.69375 0.3875 0.009375 0.0203125
0 0.7921875 0.41328125 0.009375 0.01875
1 0.8828125 0.44609375 0.0109375 0.021875
1 0.80703125 0.42421875 0.0109375 0.021875
0 0.8921875 0.4421875 0.009375 0.0203125
1 0.73046875 0.40625 0.0125 0.025
1 0.67265625 0.39453125 0.0109375 0.0265625
1 0.95546875 0.46953125 0.0109375 0.0234375