1 0.725 0.74453125 0.0484375 0.1578125
1 0.3703125 0.5515625 0.059375 0.1515625
1 0.12421875 0.4515625 0.040625 0.103125
1 0.05 0.253125 0.0046875 0.015625
1 0.4265625 0.2546875 0.0046875 0.0140625
1 0.46015625 0.25546875 0.0046875 0.0140625
1 0.50234375 0.25546875 0.0046875 0.0140625
1 0.54296875 0.2578125 0.0046875 0.0140625
1 0.57578125 0.25859375 0.0046875 0.0140625
1 0.675 0.259375 0.0046875 0.0140625
1 0.8328125 0.2765625 0.0046875 0.0171875
1 0.81875 0.28046875 0.00625 0.01875
1 0.7734375 0.28828125 0.0078125 0.0234375
1 0.75 0.3015625 0.009375 0.028125
1 0.75078125 0.29375 0.00625 0.025
1 0.78515625 0.31875 0.0125 0.0359375
1 0.8703125 0.34296875 0.015625 0.0453125
1 0.80234375 0.284375 0.00625 0.0203125
1 0.8390625 0.27421875 0.0046875 0.0171875
0 0.03984375 0.24765625 0.0046875 0.0140625
0 0.059375 0.246875 0.0046875 0.0140625
0 0.8484375 0.26875 0.0046875 0.0140625
0 0.89375 0.27421875 0.0046875 0.015625
0 0.9203125 0.27890625 0.0046875 0.0171875
0 0.92265625 0.284375 0.00625 0.01875
0 0.9171875 0.28828125 0.0078125 0.0203125
0 0.89140625 0.30078125 0.0078125 0.0265625
0 0.88125 0.30625 0.009375 0.028125
0 0.896875 0.3125 0.0109375 0.03125