0 0.4890625 0.33125 0.0265625 0.0671875
0 0.4453125 0.309375 0.0234375 0.0578125
0 0.3375 0.278125 0.0171875 0.0453125
0 0.30703125 0.25859375 0.0140625 0.0359375
0 0.52109375 0.375 0.0328125 0.0859375
0 0.9265625 0.26484375 0.0109375 0.0265625
0 0.53203125 0.4421875 0.04375 0.1140625
0 0.97734375 0.2703125 0.0125 0.028125
1 0.60234375 0.2859375 0.01875 0.0453125
1 0.7921875 0.2578125 0.0109375 0.0265625
0 0.34140625 0.24296875 0.0109375 0.028125
1 0.81328125 0.36015625 0.028125 0.071875
0 0.40546875 0.2359375 0.009375 0.025
1 0.90390625 0.27421875 0.0140625 0.034375
0 0.653125 0.2375 0.009375 0.021875
0 0.56953125 0.23359375 0.009375 0.021875
1 0.52578125 0.240625 0.009375 0.025
1 0.58515625 0.2421875 0.009375 0.025
0 0.73984375 0.24375 0.009375 0.0234375
0 0.82890625 0.253125 0.009375 0.025
1 0.4796875 0.2640625 0.0140625 0.0375
1 0.6578125 0.24609375 0.0109375 0.0265625
0 0.45625 0.59921875 0.078125 0.19375
1 0.728125 0.2515625 0.0109375 0.028125
0 0.4859375 0.2328125 0.0078125 0.021875
1 0.7046875 0.31328125 0.021875 0.05625
1 0.48828125 0.24375 0.009375 0.028125
1 0.4578125 0.2484375 0.009375 0.0296875
1 0.45234375 0.25703125 0.0140625 0.0359375