0 0.45703125 0.28359375 0.0078125 0.0265625
1 0.39296875 0.39609375 0.0265625 0.0828125
0 0.5625 0.31328125 0.009375 0.028125
0 0.3609375 0.2546875 0.0078125 0.0203125
1 0.615625 0.34921875 0.0109375 0.0359375
1 0.4671875 0.603125 0.0578125 0.16875
0 0.28671875 0.2296875 0.009375 0.025
1 0.21953125 0.2140625 0.0109375 0.0265625
1 0.76015625 0.4 0.0125 0.0390625
0 0.19453125 0.19609375 0.0078125 0.0234375
1 0.5140625 0.31953125 0.0125 0.03125
1 0.91875 0.45390625 0.0171875 0.0453125
1 0.41875 0.29140625 0.0109375 0.0328125
0 0.80625 0.3921875 0.0125 0.0328125
1 0.315625 0.25390625 0.009375 0.028125
0 0.94765625 0.43671875 0.0125 0.0375
1 0.19453125 0.28203125 0.025 0.0609375
0 0.6640625 0.34609375 0.0109375 0.03125
1 0.109375 0.1828125 0.009375 0.025