0 0.13984375 0.5078125 0.0796875 0.1265625
0 0.40859375 0.4734375 0.071875 0.13125
0 0.278125 0.73359375 0.1453125 0.25625
0 0.35 0.3640625 0.0421875 0.0765625
0 0.321875 0.31796875 0.028125 0.05
0 0.33671875 0.2875 0.021875 0.0375
0 0.33671875 0.2703125 0.0171875 0.03125
0 0.33203125 0.26015625 0.0140625 0.0234375
0 0.809375 0.1546875 0.0234375 0.0390625
1 0.84765625 0.28828125 0.0625 0.1015625
1 0.70234375 0.23984375 0.0390625 0.0625
1 0.61484375 0.2734375 0.034375 0.0578125
1 0.609375 0.2234375 0.0234375 0.0421875
1 0.5375 0.2515625 0.025 0.0453125
1 0.509375 0.23984375 0.0203125 0.0359375
1 0.61484375 0.27109375 0.0359375 0.0609375
1 0.49375 0.22890625 0.0171875 0.0296875
1 0.47734375 0.221875 0.0140625 0.025