0 0.1546875 0.63671875 0.0609375 0.1015625
0 0.1046875 0.57734375 0.040625 0.065625
0 0.12578125 0.478125 0.0125 0.0171875
0 0.23359375 0.44765625 0.0109375 0.0140625
0 0.3671875 0.409375 0.009375 0.0140625
0 0.51015625 0.37421875 0.009375 0.0125
0 0.76484375 0.334375 0.0125 0.021875
1 0.56171875 0.4703125 0.0484375 0.0765625
1 0.3453125 0.45546875 0.025 0.0390625
1 0.21015625 0.4875 0.0234375 0.0375
1 0.42109375 0.45390625 0.0265625 0.046875
1 0.75859375 0.3359375 0.0140625 0.0234375
1 0.684375 0.31953125 0.00625 0.0140625
1 0.72421875 0.3109375 0.0078125 0.0171875
1 0.74609375 0.3109375 0.0078125 0.0125
1 0.765625 0.3 0.00625 0.009375
1 0.80078125 0.29296875 0.00625 0.0109375
1 0.83046875 0.2890625 0.0078125 0.0140625
1 0.84921875 0.28671875 0.0078125 0.0140625
1 0.8640625 0.28671875 0.0078125 0.015625
1 0.8796875 0.28828125 0.009375 0.015625