0 0.915625 0.25703125 0.0265625 0.06875
0 0.534375 0.5609375 0.0703125 0.1796875
0 0.76953125 0.34921875 0.040625 0.103125
1 0.353125 0.18984375 0.003125 0.0109375
0 0.4734375 0.1765625 0.00625 0.0203125
0 0.296875 0.2015625 0.003125 0.0109375
0 0.6015625 0.1484375 0.0046875 0.0171875
0 0.5515625 0.1609375 0.00625 0.0203125
0 0.2578125 0.20859375 0.003125 0.0109375
1 0.346875 0.18984375 0.003125 0.0125
0 0.28515625 0.2046875 0.0046875 0.015625
1 0.4390625 0.1734375 0.0046875 0.0171875
0 0.38671875 0.19296875 0.00625 0.01875
0 0.271875 0.20703125 0.003125 0.009375
1 0.3890625 0.18046875 0.003125 0.0109375
0 0.26328125 0.20625 0.0046875 0.0140625
0 0.46171875 0.16171875 0.003125 0.0109375
0 0.41171875 0.17109375 0.003125 0.0109375
1 0.38359375 0.18125 0.0046875 0.015625
1 0.4765625 0.1609375 0.003125 0.009375
1 0.42734375 0.17109375 0.003125 0.0109375
1 0.59375 0.14375 0.0046875 0.0125
0 0.32734375 0.2015625 0.0046875 0.0140625
1 0.4984375 0.1625 0.0046875 0.0171875
1 0.546875 0.15234375 0.0046875 0.015625
0 0.7015625 0.13046875 0.0046875 0.0125
0 0.74453125 0.125 0.0046875 0.0109375
1 0.52421875 0.15234375 0.003125 0.009375
0 0.48828125 0.15703125 0.003125 0.009375
0 0.51484375 0.1515625 0.003125 0.0078125
0 0.84609375 0.11171875 0.0046875 0.0109375