0 0.2125 0.29609375 0.0265625 0.0546875
0 0.321875 0.409375 0.046875 0.1078125
0 0.303125 0.3359375 0.03125 0.06875
1 0.5375 0.33203125 0.0203125 0.046875
1 0.6109375 0.365625 0.028125 0.0625
1 0.7140625 0.4625 0.0453125 0.0984375
0 0.14375 0.28046875 0.028125 0.0578125
1 0.12109375 0.225 0.01875 0.0359375
1 0.19140625 0.24765625 0.01875 0.0375
1 0.27265625 0.26015625 0.01875 0.0390625
1 0.33359375 0.2734375 0.01875 0.0390625
1 0.4046875 0.28828125 0.01875 0.0390625
1 0.46875 0.30234375 0.0203125 0.04375
1 0.83125 0.41171875 0.0328125 0.065625
1 0.83125 0.384375 0.021875 0.05
1 0.8140625 0.3578125 0.0203125 0.040625
1 0.7765625 0.33671875 0.015625 0.034375
1 0.734375 0.32265625 0.015625 0.0296875
1 0.68984375 0.3140625 0.0140625 0.0296875
1 0.63359375 0.30859375 0.0140625 0.0328125
1 0.5625 0.29921875 0.0140625 0.0328125
1 0.50625 0.290625 0.015625 0.034375
1 0.4640625 0.278125 0.0140625 0.034375
1 0.4359375 0.26953125 0.0140625 0.03125
1 0.415625 0.26328125 0.0125 0.028125
1 0.38125 0.25546875 0.0140625 0.0296875
1 0.34296875 0.2453125 0.0109375 0.025
1 0.303125 0.23984375 0.0140625 0.0296875
1 0.25390625 0.23515625 0.0140625 0.0328125
1 0.18515625 0.23046875 0.015625 0.0328125
0 0.95703125 0.38515625 0.0203125 0.04375
0 0.909375 0.365625 0.0171875 0.0390625
0 0.84921875 0.33828125 0.015625 0.0296875
0 0.78984375 0.321875 0.0125 0.028125
0 0.73515625 0.3046875 0.0109375 0.025
0 0.1671875 0.21640625 0.0140625 0.03125
0 0.21796875 0.22578125 0.0109375 0.025
0 0.28671875 0.23203125 0.0109375 0.0234375
0 0.37578125 0.240625 0.0078125 0.01875
0 0.33125 0.23671875 0.009375 0.021875
0 0.52109375 0.27734375 0.00625 0.0203125
0 0.09921875 0.6796875 0.0640625 0.1359375
0 0.6015625 0.290625 0.009375 0.01875
0 0.4484375 0.25390625 0.0078125 0.0171875
0 0.478125 0.2640625 0.009375 0.01875
0 0.5 0.271875 0.0078125 0.015625
0 0.4125 0.246875 0.00625 0.0140625
0 0.68046875 0.29453125 0.009375 0.0203125
0 0.63984375 0.29375 0.009375 0.021875