0 0.2 0.81796875 0.084375 0.1734375
0 0.4765625 0.41640625 0.0375 0.0890625
0 0.52421875 0.33203125 0.0234375 0.05625
0 0.565625 0.28984375 0.0171875 0.0421875
0 0.59921875 0.26875 0.015625 0.0375
0 0.64296875 0.24921875 0.0140625 0.034375
0 0.66171875 0.2359375 0.0125 0.028125
0 0.65546875 0.22890625 0.009375 0.025
0 0.64765625 0.2203125 0.009375 0.021875
0 0.63671875 0.2171875 0.00625 0.01875
1 0.81875 0.44609375 0.0671875 0.146875
1 0.7328125 0.31875 0.034375 0.075
1 0.7625 0.27109375 0.0265625 0.0578125
1 0.821875 0.24609375 0.025 0.053125
1 0.81171875 0.22578125 0.015625 0.040625
1 0.78125 0.2125 0.015625 0.034375
1 0.7546875 0.2046875 0.0125 0.0296875
1 0.7359375 0.2015625 0.0125 0.025
1 0.70234375 0.2015625 0.0078125 0.0203125
1 0.67578125 0.203125 0.0078125 0.01875
1 0.65390625 0.20625 0.0078125 0.01875
1 0.6265625 0.2109375 0.00625 0.015625
1 0.603125 0.2140625 0.00625 0.0171875
0 0.6 0.2203125 0.00625 0.0140625
0 0.578125 0.221875 0.0078125 0.015625
0 0.0609375 0.4796875 0.0328125 0.0609375
1 0.125 0.390625 0.0171875 0.034375
1 0.15 0.3703125 0.0140625 0.03125
0 0.18359375 0.396875 0.0203125 0.04375
1 0.1765625 0.3515625 0.0109375 0.025
0 0.23671875 0.35390625 0.0140625 0.03125
1 0.2265625 0.3296875 0.009375 0.021875
0 0.26171875 0.33203125 0.0109375 0.025
0 0.2734375 0.32109375 0.009375 0.0203125
1 0.27265625 0.3109375 0.0078125 0.0203125
0 0.32109375 0.303125 0.0078125 0.0171875
1 0.36484375 0.28203125 0.0078125 0.0203125
0 0.38046875 0.284375 0.0078125 0.01875
1 0.40625 0.26875 0.0078125 0.01875
0 0.43203125 0.26796875 0.0078125 0.0171875
1 0.31875 0.29296875 0.0078125 0.01875
1 0.43359375 0.2578125 0.0078125 0.01875
1 0.45859375 0.24765625 0.00625 0.015625
1 0.48515625 0.240625 0.00625 0.0140625
1 0.503125 0.234375 0.0078125 0.015625
1 0.53515625 0.2265625 0.0078125 0.015625
1 0.56640625 0.21953125 0.0078125 0.015625
0 0.5578125 0.22578125 0.0078125 0.015625
0 0.53203125 0.23125 0.00625 0.015625
0 0.51015625 0.2359375 0.0078125 0.015625
0 0.49140625 0.2421875 0.0078125 0.0171875
0 0.4765625 0.24921875 0.0078125 0.0171875
0 0.45859375 0.25703125 0.0078125 0.01875
1 0.040625 0.44765625 0.0109375 0.0359375