0 0.26484375 0.5234375 0.053125 0.1515625
0 0.39609375 0.34765625 0.01875 0.065625
0 0.4359375 0.3015625 0.0109375 0.04375
0 0.45390625 0.27890625 0.009375 0.03125
0 0.4640625 0.2671875 0.0078125 0.0265625
0 0.4703125 0.25859375 0.00625 0.021875
1 0.61015625 0.43828125 0.0296875 0.10625
1 0.5765625 0.34140625 0.0171875 0.0625
1 0.56328125 0.30703125 0.0109375 0.04375
1 0.559375 0.28359375 0.0078125 0.034375
1 0.5515625 0.2703125 0.0078125 0.0296875
1 0.54609375 0.259375 0.0078125 0.025
1 0.53984375 0.25234375 0.0046875 0.0203125
1 0.525 0.2484375 0.0046875 0.0203125
0 0.1125 0.31640625 0.0171875 0.0546875
0 0.271875 0.271875 0.009375 0.0296875
0 0.325 0.259375 0.0078125 0.025
1 0.7984375 0.80078125 0.0375 0.103125
1 0.503125 0.2453125 0.0046875 0.0203125
1 0.478125 0.24375 0.0046875 0.01875
1 0.42421875 0.24140625 0.0046875 0.0203125
1 0.3953125 0.24296875 0.0046875 0.0203125
1 0.3640625 0.24453125 0.0046875 0.0171875
0 0.37265625 0.2515625 0.0046875 0.0203125
0 0.4125 0.24921875 0.00625 0.0234375