0 0.34765625 0.4546875 0.0390625 0.09375
0 0.3625 0.3609375 0.0203125 0.05
1 0.559375 0.31171875 0.0234375 0.059375
1 0.61484375 0.26171875 0.01875 0.046875
1 0.64140625 0.34921875 0.0375 0.0921875
0 0.36796875 0.33046875 0.0140625 0.034375
1 0.51875 0.30078125 0.01875 0.05
1 0.4921875 0.28515625 0.0140625 0.0390625
1 0.49921875 0.27578125 0.0125 0.0328125
1 0.53125 0.26484375 0.0140625 0.0359375
1 0.565625 0.26015625 0.015625 0.0390625
1 0.6796875 0.2734375 0.025 0.0609375
1 0.8765625 0.29296875 0.0484375 0.096875
0 0.8125 0.21171875 0.0234375 0.05
0 0.72890625 0.21640625 0.01875 0.0375
0 0.66328125 0.21953125 0.015625 0.034375
0 0.39453125 0.303125 0.0109375 0.028125
0 0.41640625 0.28671875 0.0078125 0.021875
0 0.46328125 0.265625 0.009375 0.021875
0 0.50234375 0.2515625 0.009375 0.0234375
0 0.553125 0.2359375 0.0078125 0.0203125
0 0.5828125 0.22890625 0.009375 0.025
0 0.63125 0.22421875 0.0125 0.0296875