0 0.540625 0.253125 0.0046875 0.0203125
1 0.61171875 0.253125 0.00625 0.0203125
1 0.70234375 0.25078125 0.0046875 0.021875
0 0.5203125 0.259375 0.0046875 0.0203125
1 0.56171875 0.26796875 0.0078125 0.028125
1 0.74609375 0.26796875 0.0078125 0.0296875
0 0.796875 0.259375 0.00625 0.0234375
0 0.86640625 0.27734375 0.0078125 0.0296875
0 0.359375 0.2890625 0.0078125 0.0296875
0 0.41875 0.2734375 0.00625 0.028125
1 0.4859375 0.28515625 0.009375 0.034375
1 0.5140625 0.27734375 0.0078125 0.03125
1 0.425 0.309375 0.009375 0.04375
1 0.4640625 0.2921875 0.0109375 0.0390625
1 0.83515625 0.30234375 0.015625 0.040625
0 0.2984375 0.3171875 0.0109375 0.040625
1 0.4328125 0.3359375 0.015625 0.05625
0 0.22421875 0.35859375 0.0203125 0.059375
0 0.16328125 0.4296875 0.028125 0.0890625
1 0.6703125 0.51640625 0.0421875 0.1390625
1 0.48828125 0.39609375 0.0234375 0.0828125
0 0.4765625 0.26640625 0.00625 0.025
1 0.6078125 0.24375 0.0046875 0.01875
1 0.59765625 0.23984375 0.0046875 0.01875
1 0.58046875 0.2375 0.003125 0.015625
0 0.75625 0.2484375 0.0046875 0.0203125
1 0.67421875 0.240625 0.003125 0.01875
1 0.659375 0.2359375 0.003125 0.0140625
0 0.7109375 0.23671875 0.003125 0.0140625
0 0.5296875 0.2421875 0.0046875 0.0171875