1 0.65625 0.48984375 0.0546875 0.1484375
1 0.5625 0.3703125 0.028125 0.084375
1 0.53984375 0.3140625 0.01875 0.0578125
1 0.55390625 0.28125 0.0140625 0.040625
0 0.296875 0.47578125 0.04375 0.1109375
0 0.3671875 0.36328125 0.0234375 0.0609375
0 0.4140625 0.315625 0.015625 0.0453125
0 0.4515625 0.28046875 0.0109375 0.034375
0 0.4625 0.265625 0.009375 0.028125
1 0.05546875 0.3671875 0.015625 0.0421875
1 0.125 0.3375 0.0109375 0.0296875
0 0.18359375 0.33046875 0.0125 0.0359375
0 0.253125 0.29921875 0.0109375 0.0265625