0 0.25625 0.740625 0.075 0.1015625
0 0.3796875 0.590625 0.028125 0.0421875
0 0.3890625 0.55703125 0.0203125 0.03125
0 0.3625 0.5453125 0.015625 0.0265625
0 0.30546875 0.54765625 0.0140625 0.021875
0 0.2 0.56484375 0.0171875 0.0265625
1 0.76328125 0.6640625 0.059375 0.0921875
1 0.60078125 0.55234375 0.0234375 0.040625
1 0.5546875 0.52578125 0.015625 0.0265625
1 0.50546875 0.51953125 0.0125 0.021875
1 0.45390625 0.51640625 0.0109375 0.01875
1 0.4 0.51875 0.0125 0.01875
1 0.3421875 0.525 0.009375 0.015625
1 0.26875 0.53671875 0.0125 0.01875