0 0.3296875 0.5546875 0.059375 0.15
0 0.38203125 0.40078125 0.028125 0.0765625
0 0.38046875 0.34375 0.01875 0.05
0 0.384375 0.3140625 0.015625 0.0390625
1 0.88984375 0.690625 0.06875 0.1671875
1 0.6875 0.42578125 0.0484375 0.1203125
1 0.5859375 0.3375 0.0234375 0.0640625
1 0.528125 0.3015625 0.0171875 0.05
1 0.49609375 0.28046875 0.0125 0.0390625
0 0.05703125 0.39765625 0.01875 0.04375
1 0.08203125 0.35859375 0.0140625 0.034375
0 0.121875 0.36328125 0.015625 0.0390625
1 0.1546875 0.33125 0.0109375 0.0296875
0 0.184375 0.3359375 0.0109375 0.0296875
1 0.1984375 0.3140625 0.0078125 0.0203125
1 0.46640625 0.26953125 0.0078125 0.025
1 0.4484375 0.2609375 0.0078125 0.0203125
1 0.4234375 0.2609375 0.00625 0.01875
1 0.39375 0.2625 0.00625 0.0203125
0 0.23671875 0.315625 0.0109375 0.0296875
0 0.27265625 0.30078125 0.0109375 0.0265625
0 0.32265625 0.2859375 0.0078125 0.025
0 0.35703125 0.28125 0.00625 0.0203125
0 0.3859375 0.2890625 0.009375 0.025
0 0.3765625 0.28046875 0.0078125 0.0234375
1 0.3609375 0.2671875 0.0046875 0.01875
1 0.3265625 0.27578125 0.00625 0.01875
1 0.284375 0.2875 0.00625 0.0171875