1 0.41796875 0.2703125 0.0078125 0.025
1 0.440625 0.27109375 0.0078125 0.025
1 0.47265625 0.27421875 0.009375 0.0265625
1 0.5109375 0.275 0.009375 0.03125
1 0.721875 0.25859375 0.0109375 0.034375
0 0.39609375 0.31171875 0.0125 0.0390625
1 0.55625 0.3 0.0140625 0.0390625
1 0.73515625 0.2734375 0.0140625 0.040625
0 0.86328125 0.26015625 0.015625 0.0390625
1 0.78046875 0.29453125 0.0203125 0.0546875
0 0.91875 0.284375 0.0109375 0.040625
1 0.5953125 0.34375 0.021875 0.0640625
1 0.68671875 0.45703125 0.046875 0.1234375
0 0.3046875 0.4765625 0.0375 0.1078125
0 0.37578125 0.36015625 0.01875 0.059375
0 0.35234375 0.2984375 0.009375 0.034375
0 0.32421875 0.2921875 0.0078125 0.0265625
1 0.3984375 0.26953125 0.0078125 0.025
1 0.39453125 0.265625 0.0046875 0.0203125
1 0.4015625 0.26171875 0.0046875 0.0203125
1 0.4109375 0.25546875 0.00625 0.0203125
1 0.7328125 0.25078125 0.0109375 0.034375
0 0.8125 0.23671875 0.009375 0.025
0 0.7515625 0.23125 0.00625 0.0203125
0 0.70234375 0.2265625 0.00625 0.0203125
0 0.67265625 0.2234375 0.0046875 0.015625
0 0.6546875 0.22109375 0.0046875 0.0140625
0 0.640625 0.221875 0.0046875 0.015625
0 0.35234375 0.26328125 0.0046875 0.01875
0 0.31015625 0.2890625 0.0078125 0.0234375
0 0.33984375 0.27265625 0.00625 0.0234375
0 0.36328125 0.26171875 0.00625 0.0203125
0 0.3734375 0.25546875 0.00625 0.0203125
0 0.3828125 0.25078125 0.0046875 0.0171875
0 0.4015625 0.24609375 0.0046875 0.0140625
0 0.459375 0.23671875 0.0046875 0.0171875
0 0.4171875 0.24296875 0.0046875 0.0171875
0 0.478125 0.234375 0.0046875 0.01875
0 0.49609375 0.23046875 0.0046875 0.015625
0 0.5171875 0.228125 0.0046875 0.015625
0 0.51171875 0.2234375 0.003125 0.0140625
0 0.42578125 0.23984375 0.0046875 0.0171875
0 0.4421875 0.23984375 0.0046875 0.0140625
1 0.43359375 0.2453125 0.0046875 0.0171875
1 0.4671875 0.23984375 0.00625 0.021875
1 0.4875 0.2375 0.0046875 0.01875
1 0.51015625 0.234375 0.00625 0.0140625
1 0.52890625 0.23046875 0.0046875 0.0140625
1 0.6328125 0.225 0.0046875 0.01875
1 0.6171875 0.2234375 0.0046875 0.0140625
1 0.5453125 0.22578125 0.0046875 0.0171875
1 0.60234375 0.2203125 0.003125 0.0140625
1 0.653125 0.2296875 0.0046875 0.015625
1 0.67578125 0.2296875 0.0078125 0.0203125
1 0.71015625 0.23515625 0.009375 0.0265625
1 0.74765625 0.24453125 0.0109375 0.0296875
1 0.7421875 0.23828125 0.0078125 0.0234375
1 0.55546875 0.221875 0.00625 0.0203125
1 0.5515625 0.2203125 0.0046875 0.0203125