1 0.54921875 0.2484375 0.00625 0.0203125
0 0.74609375 0.2375 0.003125 0.0203125
0 0.4671875 0.265625 0.00625 0.025
1 0.78046875 0.246875 0.0078125 0.025
1 0.79921875 0.25078125 0.00625 0.0265625
1 0.80859375 0.25859375 0.0109375 0.0328125
0 0.84453125 0.246875 0.00625 0.021875
1 0.5859375 0.284375 0.009375 0.0375
0 0.91640625 0.25703125 0.0109375 0.0390625
0 0.45078125 0.29453125 0.009375 0.034375
1 0.82265625 0.29609375 0.015625 0.0484375
0 0.4265625 0.34453125 0.0171875 0.05625
1 0.6453125 0.33828125 0.0203125 0.0625
1 0.89375 0.32265625 0.021875 0.065625
0 0.3484375 0.49609375 0.0390625 0.121875
1 0.9203125 0.575 0.0515625 0.18125
1 0.79609375 0.278125 0.0109375 0.0390625
1 0.7375 0.24296875 0.0078125 0.0234375
1 0.56015625 0.26015625 0.00625 0.025
1 0.5390625 0.24140625 0.003125 0.0203125
1 0.5359375 0.23671875 0.003125 0.0171875
1 0.5328125 0.2328125 0.003125 0.0140625
0 0.47265625 0.25546875 0.0046875 0.0203125
1 0.50390625 0.23046875 0.003125 0.0140625
1 0.51953125 0.2296875 0.0046875 0.015625
1 0.63984375 0.234375 0.00625 0.021875
0 0.69765625 0.23359375 0.0046875 0.021875
0 0.79453125 0.24140625 0.00625 0.021875
0 0.66015625 0.2328125 0.0046875 0.0171875