0 0.1875 0.675 0.0953125 0.215625
0 0.39765625 0.39140625 0.0359375 0.090625
0 0.44375 0.321875 0.021875 0.05625
0 0.46953125 0.28203125 0.0140625 0.0375
0 0.484375 0.26328125 0.009375 0.028125
0 0.4921875 0.2546875 0.009375 0.0234375
1 0.6796875 0.54140625 0.065625 0.1546875
1 0.615625 0.37578125 0.0296875 0.0734375
1 0.590625 0.32109375 0.01875 0.05
1 0.5796875 0.28984375 0.015625 0.0390625
1 0.57265625 0.275 0.0109375 0.0296875
1 0.56953125 0.26328125 0.0078125 0.025
1 0.565625 0.25390625 0.0078125 0.021875
1 0.56171875 0.2484375 0.00625 0.0203125
1 0.55703125 0.24296875 0.00625 0.0203125
1 0.54375 0.23984375 0.00625 0.0171875
1 0.12265625 0.24453125 0.0171875 0.0421875
0 0.209375 0.259375 0.01875 0.040625
0 0.27265625 0.24921875 0.0140625 0.0375
0 0.35234375 0.234375 0.009375 0.025
0 0.4984375 0.24453125 0.00625 0.0171875
0 0.50078125 0.2421875 0.0046875 0.0140625
0 0.38671875 0.23046875 0.00625 0.0171875
0 0.42109375 0.23046875 0.00625 0.01875
1 0.459375 0.22734375 0.00625 0.015625
1 0.43515625 0.22265625 0.00625 0.015625
0 0.453125 0.23125 0.0046875 0.0140625
1 0.52578125 0.23515625 0.0046875 0.0171875
1 0.409375 0.221875 0.00625 0.01875
1 0.271875 0.225 0.0109375 0.025
1 0.50390625 0.23125 0.00625 0.0171875
1 0.48125 0.2296875 0.00625 0.0171875