1 0.7703125 0.540625 0.0546875 0.1765625
1 0.55078125 0.39375 0.0265625 0.09375
1 0.39296875 0.32734375 0.0140625 0.053125
1 0.32421875 0.31484375 0.0125 0.0453125
1 0.275 0.3046875 0.0125 0.0375
1 0.24375 0.2984375 0.0109375 0.0328125
1 0.21484375 0.296875 0.009375 0.0296875
1 0.1890625 0.290625 0.0109375 0.03125
1 0.16953125 0.28828125 0.0078125 0.028125
1 0.46484375 0.346875 0.0109375 0.0671875
0 0.12734375 0.7078125 0.0765625 0.2265625
0 0.20546875 0.4859375 0.0390625 0.1140625
0 0.18203125 0.4234375 0.0265625 0.08125
0 0.15234375 0.39140625 0.0234375 0.065625
0 0.13125 0.3671875 0.0171875 0.0515625
0 0.13671875 0.33671875 0.0078125 0.0375
0 0.109375 0.3265625 0.0125 0.0359375
0 0.0890625 0.321875 0.0125 0.034375
1 0.15390625 0.2875 0.0078125 0.0265625
1 0.14296875 0.2859375 0.0078125 0.0265625
0 0.06484375 0.31484375 0.009375 0.0296875