0 0.2484375 0.50859375 0.0578125 0.1703125
0 0.3359375 0.371875 0.034375 0.109375
0 0.4078125 0.278125 0.0203125 0.0703125
0 0.47265625 0.22890625 0.0125 0.053125
0 0.5015625 0.2046875 0.009375 0.04375
0 0.5375 0.1859375 0.009375 0.034375
1 0.834375 0.67265625 0.08125 0.29375
1 0.69296875 0.46640625 0.0515625 0.171875
1 0.66484375 0.36953125 0.034375 0.121875
1 0.63984375 0.3125 0.025 0.0921875
1 0.6765625 0.20078125 0.0109375 0.04375
1 0.68203125 0.1765625 0.0078125 0.0296875
1 0.66484375 0.2453125 0.009375 0.0609375