0 0.39140625 0.2828125 0.0078125 0.025
0 0.4484375 0.2796875 0.009375 0.025
0 0.5015625 0.27734375 0.0078125 0.0265625
0 0.62109375 0.29140625 0.009375 0.0296875
0 0.28515625 0.3 0.0109375 0.0359375
0 0.340625 0.2890625 0.009375 0.03125
1 0.4078125 0.3078125 0.0125 0.040625
1 0.43984375 0.303125 0.0109375 0.0390625
1 0.48125 0.30078125 0.0109375 0.0359375
1 0.52265625 0.30390625 0.009375 0.0390625
1 0.57265625 0.31328125 0.0125 0.040625
0 0.696875 0.3046875 0.0109375 0.0359375
1 0.6390625 0.328125 0.0140625 0.0484375
0 0.84140625 0.3328125 0.0140625 0.04375
0 0.2171875 0.3296875 0.015625 0.0453125
1 0.38671875 0.3328125 0.015625 0.0484375
1 0.4125 0.35 0.0171875 0.0546875
1 0.78203125 0.3625 0.021875 0.0625
0 0.17734375 0.3671875 0.0171875 0.05625
1 0.5046875 0.3921875 0.0234375 0.0828125
1 0.6125 0.4484375 0.034375 0.1125
0 0.15234375 0.6015625 0.0640625 0.175
1 0.8234375 0.628125 0.071875 0.2015625
0 0.184375 0.42421875 0.028125 0.0828125
1 0.38125 0.31796875 0.0078125 0.040625