1 0.14453125 0.4640625 0.0484375 0.1234375
1 0.21953125 0.484375 0.0484375 0.1328125
1 0.271875 0.4078125 0.0359375 0.0984375
1 0.32734375 0.36171875 0.025 0.0734375
1 0.371875 0.33671875 0.0203125 0.059375
0 0.38203125 0.4359375 0.03125 0.1078125
0 0.4015625 0.3828125 0.025 0.071875
0 0.44140625 0.35 0.0203125 0.0640625
0 0.48828125 0.33359375 0.015625 0.0546875
0 0.5140625 0.33046875 0.0140625 0.0484375
1 0.59453125 0.34921875 0.015625 0.0609375
1 0.60078125 0.375 0.021875 0.0734375
1 0.6125 0.4109375 0.028125 0.0875
1 0.63984375 0.471875 0.040625 0.1171875
0 0.64453125 0.33046875 0.015625 0.0546875
0 0.66875 0.340625 0.0171875 0.0609375
0 0.68984375 0.36484375 0.0203125 0.0640625
0 0.725 0.41875 0.0234375 0.0875
0 0.734375 0.440625 0.028125 0.1