1 0.8609375 0.71015625 0.10625 0.296875
1 0.82578125 0.4625 0.0609375 0.1625
1 0.88125 0.425 0.0578125 0.140625
1 0.90703125 0.38203125 0.0390625 0.115625
0 0.24921875 0.47578125 0.0703125 0.1828125
0 0.43671875 0.31171875 0.0359375 0.0984375
0 0.50859375 0.26796875 0.028125 0.071875
0 0.571875 0.24140625 0.01875 0.0578125
0 0.63046875 0.2375 0.015625 0.0515625
0 0.67265625 0.23671875 0.015625 0.05
0 0.71328125 0.23515625 0.0171875 0.04375
0 0.7609375 0.2375 0.015625 0.046875
0 0.85859375 0.2515625 0.01875 0.053125