0 0.6 0.27890625 0.0140625 0.0390625
0 0.64765625 0.2671875 0.0125 0.0359375
0 0.709375 0.2546875 0.015625 0.0390625
0 0.78671875 0.2484375 0.015625 0.0421875
0 0.878125 0.2453125 0.015625 0.04375
0 0.52734375 0.30703125 0.015625 0.046875
0 0.48203125 0.325 0.01875 0.0515625
1 0.74140625 0.30234375 0.021875 0.059375
1 0.83046875 0.2921875 0.021875 0.059375
1 0.6765625 0.33125 0.0234375 0.0703125
0 0.43359375 0.36484375 0.0234375 0.0703125
0 0.38671875 0.4109375 0.028125 0.0828125
1 0.66171875 0.42578125 0.0375 0.1125
0 0.33203125 0.496875 0.046875 0.1328125
1 0.85859375 0.70234375 0.0828125 0.2015625
0 0.828125 0.246875 0.0140625 0.0390625