1 0.2484375 0.2875 0.0078125 0.025
1 0.2703125 0.2859375 0.0078125 0.025
0 0.8890625 0.20859375 0.0078125 0.0203125
0 0.5640625 0.28046875 0.0140625 0.034375
0 0.58515625 0.26953125 0.0109375 0.0296875
0 0.62578125 0.26015625 0.009375 0.03125
0 0.6765625 0.2484375 0.0140625 0.0296875
0 0.71953125 0.24296875 0.0125 0.0328125
0 0.82109375 0.23046875 0.0140625 0.034375
0 0.5390625 0.30390625 0.0140625 0.0390625
1 0.728125 0.27109375 0.01875 0.040625
1 0.775 0.265625 0.015625 0.046875
1 0.83671875 0.2625 0.021875 0.059375
1 0.9078125 0.25234375 0.0140625 0.0375
0 0.50390625 0.32890625 0.0234375 0.053125
1 0.690625 0.28984375 0.0171875 0.046875
1 0.68203125 0.31328125 0.0234375 0.0546875
0 0.453125 0.375 0.025 0.0671875
1 0.67265625 0.3734375 0.0359375 0.084375
0 0.35234375 0.46484375 0.040625 0.0984375
1 0.66484375 0.42578125 0.046875 0.109375
1 0.75 0.59453125 0.0828125 0.2
0 0.11328125 0.72734375 0.08125 0.20625
0 0.65703125 0.253125 0.0125 0.0296875
0 0.76640625 0.23828125 0.0125 0.0328125
0 0.8765625 0.2265625 0.0140625 0.0328125
0 0.865625 0.20546875 0.00625 0.0171875
0 0.86171875 0.2 0.0046875 0.015625
0 0.8859375 0.1921875 0.00625 0.0125
0 0.39296875 0.25859375 0.009375 0.021875
1 0.38125 0.25703125 0.0078125 0.01875
1 0.340625 0.2515625 0.0078125 0.0203125
1 0.26328125 0.2265625 0.00625 0.015625