0 0.27421875 0.63515625 0.05 0.19375
0 0.33515625 0.4453125 0.0265625 0.103125
0 0.36171875 0.35390625 0.0171875 0.05625
0 0.35625 0.32265625 0.009375 0.0453125
0 0.3 0.30625 0.009375 0.0390625
0 0.26328125 0.3015625 0.0109375 0.0359375
0 0.21953125 0.30078125 0.009375 0.034375
0 0.15390625 0.30625 0.0109375 0.034375
0 0.0828125 0.31484375 0.0125 0.0390625
1 0.1046875 0.296875 0.0109375 0.03125
1 0.19921875 0.28671875 0.0078125 0.0265625
1 0.2703125 0.2796875 0.0078125 0.0296875
1 0.33359375 0.28046875 0.0078125 0.025
1 0.37109375 0.28125 0.0078125 0.0296875
1 0.41328125 0.28203125 0.0078125 0.0296875
1 0.44453125 0.28671875 0.009375 0.034375
1 0.4828125 0.2953125 0.009375 0.0359375
1 0.5375 0.32265625 0.0125 0.0484375
1 0.58125 0.36484375 0.0171875 0.0671875
1 0.69609375 0.4765625 0.034375 0.1203125