1 0.14453125 0.4703125 0.0453125 0.121875
1 0.21953125 0.4890625 0.046875 0.13125
1 0.2703125 0.41171875 0.034375 0.0984375
1 0.325 0.36484375 0.0234375 0.0734375
1 0.36875 0.3390625 0.0203125 0.059375
0 0.38046875 0.43828125 0.0296875 0.10625
0 0.39921875 0.38515625 0.0234375 0.071875
0 0.4390625 0.35078125 0.0203125 0.0640625
0 0.48515625 0.33359375 0.015625 0.053125
0 0.5109375 0.3296875 0.0140625 0.0484375
1 0.5921875 0.34765625 0.0140625 0.0609375
1 0.59921875 0.37265625 0.0203125 0.0734375
1 0.6109375 0.409375 0.0265625 0.0875
1 0.6390625 0.46953125 0.0390625 0.1171875
0 0.64140625 0.328125 0.015625 0.053125
0 0.665625 0.3375 0.015625 0.0609375
0 0.6875 0.3609375 0.0203125 0.0640625
0 0.7234375 0.41484375 0.021875 0.0875
0 0.7328125 0.43671875 0.0265625 0.1