1 0.65 0.2546875 0.0046875 0.0203125
0 0.515625 0.2625 0.0078125 0.0234375
1 0.565625 0.27421875 0.009375 0.0265625
1 0.590625 0.2671875 0.0078125 0.0234375
1 0.6203125 0.2640625 0.00625 0.021875
1 0.6421875 0.26015625 0.00625 0.0203125
1 0.7890625 0.27734375 0.0078125 0.0234375
1 0.840625 0.2875 0.0078125 0.025
0 0.49140625 0.27109375 0.0078125 0.025
1 0.578125 0.28671875 0.0125 0.0328125
0 0.47578125 0.29296875 0.0109375 0.0328125
1 0.59609375 0.315625 0.0140625 0.0453125
0 0.43515625 0.3515625 0.021875 0.0625
1 0.6265625 0.37265625 0.025 0.0703125
1 0.68984375 0.25234375 0.0046875 0.0140625
1 0.70625 0.25703125 0.0046875 0.0140625
1 0.73125 0.2640625 0.00625 0.01875
0 0.7734375 0.2671875 0.0046875 0.015625
0 0.7453125 0.26015625 0.003125 0.0140625
0 0.72265625 0.253125 0.003125 0.0140625
0 0.703125 0.2484375 0.003125 0.0140625
0 0.81640625 0.2765625 0.009375 0.025
0 0.54453125 0.2578125 0.00625 0.01875
0 0.57890625 0.25625 0.0046875 0.015625
0 0.315625 0.54765625 0.0546875 0.15625
1 0.73828125 0.55625 0.0578125 0.1546875
1 0.62890625 0.246875 0.0046875 0.015625
1 0.60625 0.24453125 0.0046875 0.0140625
1 0.64765625 0.25234375 0.0046875 0.0140625
0 0.5875 0.2515625 0.0046875 0.0140625
0 0.5265625 0.2421875 0.003125 0.0140625
1 0.67265625 0.24609375 0.003125 0.0140625
0 0.55078125 0.24765625 0.003125 0.0109375
1 0.65546875 0.2421875 0.003125 0.0125
1 0.54375 0.2234375 0.0015625 0.009375
1 0.546875 0.2359375 0.003125 0.0109375
1 0.55546875 0.234375 0.003125 0.0109375
1 0.55625 0.2390625 0.003125 0.0125
1 0.56328125 0.234375 0.003125 0.0109375
1 0.56640625 0.2265625 0.0015625 0.009375
1 0.5765625 0.22578125 0.003125 0.0125
1 0.5765625 0.2328125 0.003125 0.0109375
1 0.5859375 0.22734375 0.0015625 0.0109375
1 0.6421875 0.2375 0.003125 0.009375
0 0.66640625 0.23984375 0.0015625 0.009375
0 0.646875 0.2328125 0.0015625 0.009375
1 0.6203125 0.23046875 0.0015625 0.0109375
1 0.590625 0.23046875 0.003125 0.009375
0 0.5359375 0.221875 0.0015625 0.009375
0 0.54296875 0.2328125 0.0015625 0.009375
0 0.5109375 0.23359375 0.0015625 0.0109375
0 0.50859375 0.23828125 0.003125 0.009375
0 0.51171875 0.2390625 0.003125 0.0125
0 0.51640625 0.22421875 0.0015625 0.009375
0 0.52265625 0.2328125 0.003125 0.0125
0 0.52890625 0.225 0.0015625 0.009375
1 0.60390625 0.2265625 0.0015625 0.009375
1 0.61484375 0.22890625 0.0015625 0.009375
1 0.578125 0.2421875 0.003125 0.0140625
0 0.89609375 0.29140625 0.00625 0.0234375
1 0.8953125 0.3 0.00625 0.021875
1 0.94765625 0.31328125 0.0078125 0.0203125
0 0.5265625 0.22109375 0.0015625 0.009375
0 0.52109375 0.22109375 0.0015625 0.009375