0 0.521875 0.26484375 0.0109375 0.034375
0 0.76796875 0.2328125 0.009375 0.0296875
0 0.49296875 0.2828125 0.0125 0.0359375
1 0.62109375 0.271875 0.0140625 0.0390625
1 0.66171875 0.259375 0.0140625 0.0390625
1 0.709375 0.25234375 0.0125 0.0390625
1 0.74921875 0.2515625 0.0140625 0.040625
1 0.81484375 0.24921875 0.015625 0.04375
1 0.9046875 0.25 0.015625 0.0546875
1 0.6 0.2859375 0.015625 0.05
0 0.44140625 0.31953125 0.015625 0.04375
1 0.590625 0.3234375 0.0203125 0.059375
0 0.4125 0.3484375 0.0203125 0.0546875
1 0.621875 0.38203125 0.0328125 0.09375
0 0.36640625 0.4296875 0.034375 0.0984375
0 0.56875 0.2546875 0.009375 0.0296875
0 0.60703125 0.24609375 0.009375 0.0296875
0 0.65078125 0.2375 0.0078125 0.0265625
0 0.70703125 0.23359375 0.0078125 0.0296875
0 0.84140625 0.22890625 0.0109375 0.03125
0 0.1828125 0.7890625 0.0578125 0.146875
1 0.8859375 0.72421875 0.053125 0.1515625