0 0.7578125 0.30859375 0.015625 0.0390625
0 0.86953125 0.32890625 0.0140625 0.034375
0 0.915625 0.33984375 0.01875 0.0421875
0 0.65078125 0.30625 0.0140625 0.0359375
0 0.69765625 0.30390625 0.015625 0.0375
0 0.578125 0.31171875 0.0171875 0.0453125
1 0.7703125 0.353125 0.025 0.059375
1 0.8515625 0.3640625 0.0265625 0.059375
1 0.94765625 0.38359375 0.025 0.059375
0 0.53359375 0.31875 0.01875 0.0484375
1 0.70390625 0.36328125 0.0265625 0.0640625
0 0.48125 0.3359375 0.0265625 0.0640625
0 0.43125 0.36328125 0.03125 0.0765625
1 0.6640625 0.43203125 0.0390625 0.0921875
1 0.74140625 0.65390625 0.0859375 0.19375
0 0.16015625 0.671875 0.103125 0.2140625
0 0.375 0.41875 0.04375 0.10625
0 0.83125 0.321875 0.015625 0.0390625
0 0.9671875 0.353125 0.01875 0.04375