0 0.153125 0.34765625 0.0328125 0.075
1 0.31015625 0.28046875 0.015625 0.0421875
1 0.36171875 0.29140625 0.0140625 0.040625
0 0.26953125 0.43984375 0.05 0.115625
0 0.2328125 0.375 0.0375 0.0890625
1 0.428125 0.30546875 0.0171875 0.04375
1 0.5140625 0.328125 0.0203125 0.05625
1 0.6671875 0.31953125 0.0171875 0.04375
1 0.6015625 0.40390625 0.034375 0.084375
1 0.75625 0.34609375 0.021875 0.059375
1 0.734375 0.61640625 0.075 0.1875
1 0.2484375 0.27421875 0.0171875 0.0421875
1 0.1859375 0.2703125 0.015625 0.0421875
1 0.13984375 0.26171875 0.015625 0.0421875
1 0.125 0.2578125 0.0140625 0.0390625
1 0.85625 0.38359375 0.0328125 0.071875
1 0.615625 0.2984375 0.0140625 0.040625
1 0.59140625 0.28125 0.0125 0.034375
0 0.9296875 0.35625 0.021875 0.05
0 0.82109375 0.328125 0.01875 0.046875
0 0.72109375 0.3015625 0.0140625 0.0390625
0 0.67578125 0.28671875 0.0140625 0.034375
1 0.5625 0.2625 0.0125 0.03125
1 0.5375 0.25546875 0.0109375 0.0265625
1 0.51640625 0.24921875 0.009375 0.025
1 0.49765625 0.2453125 0.009375 0.021875