0 0.33671875 0.35703125 0.046875 0.0984375
0 0.38828125 0.22109375 0.025 0.059375
1 0.49375 0.1796875 0.0171875 0.0390625
1 0.51796875 0.19609375 0.021875 0.046875
1 0.6140625 0.30625 0.0515625 0.1109375
1 0.7375 0.11953125 0.01875 0.0390625
1 0.58984375 0.14609375 0.0109375 0.0203125
1 0.55859375 0.15390625 0.009375 0.01875
1 0.528125 0.16328125 0.0109375 0.0203125
1 0.5046875 0.1703125 0.0125 0.025
0 0.44140625 0.178125 0.00625 0.0078125
0 0.40703125 0.1921875 0.0125 0.0203125
1 0.675 0.13203125 0.015625 0.034375
1 0.6328125 0.13828125 0.0125 0.028125