1 0.3265625 0.2203125 0.009375 0.025
1 0.3484375 0.225 0.009375 0.025
0 0.96015625 0.34375 0.009375 0.0203125
0 0.62890625 0.3109375 0.015625 0.034375
0 0.65234375 0.30703125 0.0125 0.0296875
0 0.69375 0.3109375 0.0125 0.03125
0 0.74609375 0.315625 0.015625 0.0296875
0 0.78828125 0.3234375 0.015625 0.0328125
0 0.88828125 0.34296875 0.015625 0.034375
0 0.59765625 0.32578125 0.0171875 0.0390625
1 0.7875 0.353125 0.0203125 0.0421875
1 0.834375 0.36171875 0.01875 0.046875
1 0.89375 0.378125 0.025 0.059375
1 0.96484375 0.390625 0.0171875 0.0375
0 0.55703125 0.33828125 0.0265625 0.053125
1 0.74609375 0.359375 0.0203125 0.046875
1 0.73046875 0.378125 0.0265625 0.0546875
0 0.49375 0.36640625 0.0296875 0.0671875
1 0.703125 0.4328125 0.040625 0.0859375
0 0.3703125 0.42109375 0.046875 0.1
1 0.6796875 0.4796875 0.053125 0.109375
1 0.70859375 0.6671875 0.0953125 0.2015625
0 0.06171875 0.59609375 0.09375 0.209375
0 0.72578125 0.3140625 0.0140625 0.0296875
0 0.834375 0.33359375 0.0140625 0.0328125
0 0.94296875 0.35625 0.015625 0.0328125
0 0.93828125 0.3328125 0.0078125 0.0171875
0 0.93671875 0.3265625 0.00625 0.015625
0 0.96171875 0.3265625 0.00625 0.0125
0 0.47265625 0.2375 0.0109375 0.0234375
1 0.46171875 0.23203125 0.009375 0.01875
1 0.425 0.2140625 0.009375 0.0203125
1 0.359375 0.1671875 0.00625 0.015625