1 0.6828125 0.5171875 0.0515625 0.153125
1 0.57421875 0.3953125 0.028125 0.0875
1 0.4875 0.3421875 0.0203125 0.0640625
1 0.421875 0.32109375 0.0140625 0.0484375
1 0.3703125 0.31171875 0.0125 0.0390625
1 0.31171875 0.31484375 0.0125 0.034375
1 0.25234375 0.31875 0.0125 0.034375
1 0.19453125 0.33046875 0.0140625 0.0390625
1 0.10859375 0.35 0.0125 0.0359375
0 0.0765625 0.3875 0.0203125 0.0546875
0 0.16953125 0.3703125 0.021875 0.0546875
0 0.2234375 0.371875 0.0203125 0.059375
0 0.24296875 0.3953125 0.021875 0.0640625
0 0.23359375 0.45625 0.034375 0.0921875