0 0.40390625 0.3453125 0.01875 0.0515625
1 0.5734375 0.303125 0.0171875 0.05
1 0.5796875 0.2859375 0.015625 0.046875
1 0.62578125 0.27265625 0.0171875 0.04375
1 0.68046875 0.2765625 0.01875 0.0515625
1 0.78203125 0.3015625 0.0328125 0.071875
0 0.271875 0.753125 0.1 0.2375
0 0.44375 0.3046875 0.015625 0.0390625
1 0.61875 0.33671875 0.0296875 0.08125
1 0.71015625 0.39140625 0.04375 0.1140625
0 0.38046875 0.40625 0.0296875 0.084375
0 0.4734375 0.28515625 0.0125 0.034375
0 0.53125 0.26640625 0.0125 0.0296875
0 0.58046875 0.2515625 0.0140625 0.034375
0 0.646875 0.2375 0.0140625 0.034375
0 0.68984375 0.2328125 0.0140625 0.0375
0 0.76875 0.23125 0.01875 0.04375
0 0.83671875 0.23203125 0.025 0.0546875