0 0.58125 0.234375 0.009375 0.025
0 0.67109375 0.2140625 0.0109375 0.0234375
0 0.69609375 0.2109375 0.0109375 0.025
0 0.72421875 0.2078125 0.0109375 0.0265625
0 0.7546875 0.20234375 0.0125 0.0328125
0 0.80625 0.1984375 0.0140625 0.0328125
0 0.47578125 0.26484375 0.0125 0.0296875
0 0.5015625 0.25703125 0.0125 0.028125
1 0.5734375 0.2546875 0.0140625 0.0390625
1 0.615625 0.24296875 0.0140625 0.0328125
1 0.6625 0.228125 0.0140625 0.034375
1 0.715625 0.22421875 0.0140625 0.034375
1 0.77421875 0.22109375 0.0171875 0.0390625
0 0.43359375 0.290625 0.015625 0.034375
0 0.45234375 0.28046875 0.0125 0.0328125
1 0.546875 0.278125 0.0171875 0.04375
1 0.8453125 0.21484375 0.01875 0.046875
0 0.421875 0.30546875 0.015625 0.0390625
0 0.409375 0.3421875 0.021875 0.0546875
1 0.56328125 0.3046875 0.0203125 0.0546875
0 0.38046875 0.39921875 0.034375 0.084375
1 0.60546875 0.35703125 0.03125 0.08125
0 0.3234375 0.55078125 0.0609375 0.1515625
1 0.72109375 0.4953125 0.06875 0.159375
0 0.54921875 0.24140625 0.009375 0.0265625
0 0.621875 0.22265625 0.009375 0.025
0 0.84453125 0.190625 0.0140625 0.0390625
0 0.8953125 0.19296875 0.0078125 0.0265625
0 0.6734375 0.1953125 0.0046875 0.0125