1 0.8359375 0.22109375 0.015625 0.0359375
0 0.69375 0.26328125 0.015625 0.0390625
1 0.846875 0.2390625 0.0171875 0.05
1 0.8625 0.25546875 0.0171875 0.046875
0 0.66640625 0.2921875 0.0171875 0.04375
1 0.88046875 0.2734375 0.0203125 0.0546875
0 0.64609375 0.31953125 0.021875 0.059375
0 0.60078125 0.37890625 0.03125 0.084375
0 0.528125 0.46015625 0.0375 0.1078125
1 0.90625 0.30703125 0.03125 0.0765625
0 0.7171875 0.24140625 0.0125 0.034375
0 0.72578125 0.2296875 0.009375 0.0296875
0 0.73046875 0.21953125 0.0078125 0.025
0 0.36015625 0.6875 0.0359375 0.11875
0 0.7390625 0.21171875 0.009375 0.021875
0 0.78515625 0.19921875 0.009375 0.021875
0 0.753125 0.2078125 0.0078125 0.021875
0 0.81015625 0.19453125 0.009375 0.021875
1 0.85859375 0.2015625 0.0125 0.028125
1 0.8859375 0.1953125 0.0109375 0.028125
0 0.89765625 0.1875 0.0109375 0.0296875