0 0.4359375 0.28046875 0.0265625 0.078125
0 0.51015625 0.20625 0.0125 0.0390625
1 0.6671875 0.3171875 0.0296875 0.0890625
1 0.628125 0.21328125 0.0140625 0.04375
1 0.6140625 0.1953125 0.0109375 0.034375
0 0.534375 0.18046875 0.009375 0.021875
1 0.75390625 0.2078125 0.009375 0.0265625
1 0.7125 0.19921875 0.0078125 0.0203125
1 0.65 0.19375 0.009375 0.0234375
1 0.628125 0.19140625 0.009375 0.01875
1 0.85546875 0.2234375 0.0125 0.0359375
1 0.79375 0.2125 0.009375 0.0296875
0 0.94453125 0.23125 0.0125 0.03125
0 0.51171875 0.1890625 0.0109375 0.03125
1 0.68203125 0.19609375 0.0078125 0.021875
1 0.96640625 0.246875 0.009375 0.0359375