0 0.31953125 0.565625 0.0734375 0.15
0 0.33515625 0.421875 0.0359375 0.075
0 0.3078125 0.3890625 0.0296875 0.059375
0 0.24375 0.3953125 0.025 0.0546875
0 0.115625 0.45234375 0.0296875 0.059375
1 0.13671875 0.4 0.021875 0.0421875
1 0.21484375 0.36328125 0.01875 0.0390625
1 0.29140625 0.33359375 0.0171875 0.0390625
1 0.34921875 0.31875 0.015625 0.0375
1 0.40390625 0.3078125 0.0171875 0.0390625
1 0.4609375 0.309375 0.021875 0.05
1 0.5265625 0.3234375 0.0296875 0.0640625
1 0.628125 0.40390625 0.053125 0.109375