0 0.69453125 0.24453125 0.0125 0.0375
0 0.80859375 0.23359375 0.0125 0.034375
0 0.85546875 0.23203125 0.015625 0.0421875
0 0.59140625 0.271875 0.0125 0.0359375
0 0.6359375 0.25703125 0.0140625 0.0375
0 0.5234375 0.296875 0.0140625 0.0453125
1 0.71953125 0.284375 0.021875 0.059375
1 0.80078125 0.27265625 0.021875 0.059375
1 0.89765625 0.26484375 0.0203125 0.059375
0 0.48203125 0.31640625 0.015625 0.0484375
1 0.65859375 0.31171875 0.021875 0.0640625
0 0.43671875 0.346875 0.021875 0.0640625
0 0.39609375 0.3875 0.0265625 0.075
1 0.6390625 0.38984375 0.0328125 0.090625
1 0.77421875 0.58125 0.0734375 0.1921875
0 0.22109375 0.75859375 0.090625 0.2109375
0 0.35703125 0.45625 0.0359375 0.1046875
0 0.76953125 0.2375 0.0125 0.0390625
0 0.90859375 0.2296875 0.015625 0.04375