1 0.75234375 0.203125 0.0078125 0.0203125
1 0.796875 0.203125 0.009375 0.021875
1 0.840625 0.2015625 0.0125 0.028125
0 0.77421875 0.22109375 0.0109375 0.0265625
1 0.88515625 0.20390625 0.0140625 0.03125
0 0.603125 0.26953125 0.0109375 0.034375
0 0.68203125 0.2546875 0.0125 0.034375
0 0.7515625 0.24375 0.0140625 0.034375
0 0.534375 0.2921875 0.0125 0.0375
1 0.7671875 0.27734375 0.025 0.0515625
1 0.859375 0.259375 0.0265625 0.0515625
0 0.47109375 0.334375 0.01875 0.0515625
1 0.6890625 0.30546875 0.0265625 0.0609375
1 0.71953125 0.28984375 0.0234375 0.053125
0 0.39453125 0.3953125 0.028125 0.071875
1 0.68046875 0.4078125 0.04375 0.1078125
0 0.3046875 0.54609375 0.0546875 0.1390625
1 0.63984375 0.33671875 0.0265625 0.06875
0 0.78203125 0.23046875 0.0140625 0.0328125
0 0.74609375 0.215625 0.009375 0.025
1 0.725 0.20234375 0.00625 0.0171875
1 0.87109375 0.178125 0.0078125 0.0203125
0 0.70625 0.2140625 0.0078125 0.0203125
0 0.678125 0.21484375 0.00625 0.0171875
0 0.65859375 0.21484375 0.0046875 0.015625
0 0.6765625 0.2015625 0.0046875 0.0140625
0 0.6640625 0.20546875 0.0046875 0.0125
0 0.690625 0.19765625 0.0046875 0.0140625
1 0.715625 0.20078125 0.00625 0.0171875
1 0.74140625 0.19453125 0.00625 0.015625
0 0.65625 0.20859375 0.003125 0.0140625
0 0.65546875 0.21171875 0.0046875 0.0140625
0 0.85390625 0.178125 0.00625 0.0171875