0 0.33046875 0.37578125 0.03125 0.1234375
0 0.4640625 0.26015625 0.0140625 0.0625
0 0.478125 0.21171875 0.009375 0.0390625
0 0.48125 0.18515625 0.00625 0.0296875
1 0.6109375 0.18125 0.0078125 0.03125
1 0.63046875 0.20078125 0.009375 0.040625
1 0.66015625 0.25078125 0.0171875 0.0671875
1 0.76328125 0.46796875 0.0484375 0.1703125
0 0.52109375 0.1734375 0.0078125 0.009375
1 0.8609375 0.17578125 0.0109375 0.028125
0 0.83984375 0.1671875 0.009375 0.0109375
1 0.628125 0.17421875 0.0078125 0.0171875
1 0.671875 0.171875 0.0078125 0.0140625