0 0.171875 0.7078125 0.0640625 0.1734375
0 0.37265625 0.45 0.0375 0.10625
0 0.43359375 0.3765625 0.0296875 0.0734375
1 0.08984375 0.31953125 0.01875 0.046875
1 0.24375 0.3015625 0.015625 0.0390625
0 0.2765625 0.3296875 0.01875 0.0515625
1 0.3796875 0.284375 0.0109375 0.0296875
0 0.4390625 0.29921875 0.0140625 0.034375
1 0.4578125 0.27421875 0.009375 0.025
0 0.49765625 0.34296875 0.021875 0.0546875
0 0.52421875 0.2828125 0.0109375 0.0296875
1 0.53203125 0.2640625 0.0078125 0.0203125
0 0.54609375 0.3234375 0.0171875 0.05
0 0.60390625 0.3140625 0.015625 0.04375
1 0.56796875 0.26015625 0.00625 0.0203125
0 0.59453125 0.271875 0.00625 0.0203125
1 0.59453125 0.25703125 0.0046875 0.0140625
0 0.62421875 0.26328125 0.00625 0.0203125
0 0.66484375 0.30703125 0.0125 0.0390625
0 0.7296875 0.3078125 0.0125 0.0390625
1 0.72578125 0.3640625 0.021875 0.0640625
1 0.72734375 0.43125 0.0328125 0.09375
1 0.7421875 0.575 0.0640625 0.1578125
1 0.8078125 0.35859375 0.0234375 0.0546875
0 0.78828125 0.3109375 0.0140625 0.0359375
0 0.7796875 0.2796875 0.009375 0.0234375
1 0.80234375 0.26796875 0.00625 0.0171875
1 0.80625 0.2734375 0.0078125 0.01875
1 0.82109375 0.26796875 0.0078125 0.0171875
0 0.82265625 0.2921875 0.009375 0.025
0 0.8390625 0.309375 0.0125 0.0328125
0 0.85078125 0.30390625 0.009375 0.028125
1 0.85 0.28203125 0.0078125 0.0234375
1 0.8609375 0.26875 0.0078125 0.015625
1 0.89609375 0.36171875 0.0203125 0.05
1 0.90546875 0.29609375 0.0109375 0.025
1 0.8859375 0.27109375 0.0078125 0.0171875
1 0.8921875 0.26640625 0.0046875 0.0140625
1 0.89765625 0.26953125 0.00625 0.0140625
1 0.95390625 0.31015625 0.0140625 0.0296875
0 0.6421875 0.259375 0.0046875 0.0203125
0 0.65859375 0.2578125 0.0046875 0.0140625
0 0.665625 0.25390625 0.0046875 0.0140625
0 0.67421875 0.25546875 0.0046875 0.0140625
0 0.678125 0.2515625 0.003125 0.0125
0 0.68046875 0.25234375 0.003125 0.0125
0 0.73046875 0.25859375 0.0046875 0.0140625
0 0.7265625 0.26328125 0.00625 0.015625
0 0.7453125 0.25625 0.0046875 0.0125
0 0.7421875 0.26875 0.00625 0.0203125
0 0.7671875 0.25859375 0.00625 0.015625
0 0.79453125 0.259375 0.00625 0.015625
1 0.61796875 0.25 0.003125 0.0109375
1 0.6125 0.25390625 0.00625 0.0140625
1 0.628125 0.25078125 0.0046875 0.0140625