0 0.4109375 0.34921875 0.01875 0.0546875
0 0.428125 0.3125 0.0109375 0.0390625
0 0.44609375 0.29140625 0.009375 0.0296875
1 0.56953125 0.27109375 0.009375 0.03125
1 0.60546875 0.32734375 0.01875 0.059375
0 0.38125 0.43125 0.0265625 0.0875
1 0.7015625 0.40546875 0.0359375 0.1078125
0 0.29453125 0.66640625 0.06875 0.2
0 0.478125 0.27265625 0.0078125 0.0296875
0 0.528125 0.25859375 0.0078125 0.0265625
0 0.575 0.246875 0.0078125 0.025
1 0.571875 0.28984375 0.0125 0.04375
1 0.61484375 0.25703125 0.0109375 0.034375
1 0.67421875 0.246875 0.0109375 0.034375
1 0.75234375 0.23671875 0.0140625 0.0390625
0 0.79921875 0.21484375 0.0109375 0.03125
0 0.63828125 0.2375 0.009375 0.0296875
0 0.70625 0.22578125 0.009375 0.0296875