0 0.30625 0.4796875 0.0421875 0.1078125
0 0.36953125 0.3578125 0.021875 0.0640625
0 0.39140625 0.31640625 0.0140625 0.0421875
0 0.403125 0.29375 0.0109375 0.03125
0 0.41015625 0.27890625 0.009375 0.0265625
0 0.16953125 0.3578125 0.01875 0.0390625
0 0.24296875 0.32109375 0.0109375 0.0296875
0 0.2984375 0.29609375 0.0078125 0.0203125
0 0.34375 0.2859375 0.009375 0.025
1 0.58671875 0.40078125 0.0328125 0.0984375
1 0.540625 0.32890625 0.021875 0.0609375
1 0.521875 0.29375 0.015625 0.046875
1 0.50703125 0.275 0.0109375 0.034375
1 0.49765625 0.26328125 0.009375 0.0296875
1 0.4875 0.25390625 0.009375 0.0265625
1 0.46796875 0.25390625 0.0078125 0.0234375
1 0.44453125 0.25546875 0.0078125 0.025
1 0.415625 0.2578125 0.00625 0.0203125
1 0.3859375 0.26484375 0.0078125 0.021875
1 0.3578125 0.271875 0.00625 0.0203125
1 0.32578125 0.27890625 0.00625 0.0203125
1 0.29140625 0.28984375 0.009375 0.025
1 0.7953125 0.67890625 0.04375 0.128125