1 0.8 0.53828125 0.08125 0.184375
1 0.81953125 0.41640625 0.0578125 0.1234375
1 0.87734375 0.4046875 0.053125 0.109375
1 0.9109375 0.38125 0.046875 0.0984375
0 0.9078125 0.2796875 0.021875 0.0453125
0 0.8078125 0.25546875 0.0171875 0.0375
0 0.76015625 0.24765625 0.0171875 0.0390625
0 0.71875 0.24375 0.0171875 0.0390625
0 0.67890625 0.23984375 0.0171875 0.0421875
0 0.62421875 0.2390625 0.01875 0.04375
0 0.56875 0.25078125 0.0203125 0.0515625
0 0.509375 0.2765625 0.0265625 0.06875
0 0.3859375 0.35390625 0.046875 0.1078125