0 0.3078125 0.29765625 0.0078125 0.0203125
1 0.37734375 0.28203125 0.009375 0.01875
1 0.39765625 0.27890625 0.009375 0.0203125
1 0.425 0.27578125 0.0125 0.0234375
1 0.45703125 0.26953125 0.0125 0.0234375
1 0.634375 0.23515625 0.015625 0.0328125
1 0.64296875 0.2171875 0.0125 0.025
0 0.71484375 0.19453125 0.0109375 0.021875
0 0.3265625 0.31328125 0.0140625 0.0296875
0 0.36640625 0.3140625 0.015625 0.0296875
1 0.49296875 0.28046875 0.0171875 0.034375
1 0.66171875 0.2421875 0.0234375 0.0453125
0 0.35859375 0.34609375 0.021875 0.0453125
1 0.51875 0.303125 0.0234375 0.046875
1 0.7578125 0.2453125 0.028125 0.053125
0 0.8671875 0.2125 0.028125 0.0484375
0 0.33046875 0.4109375 0.0359375 0.0703125
1 0.565625 0.35078125 0.0359375 0.075
1 0.74375 0.4953125 0.090625 0.165625
0 0.2109375 0.66953125 0.090625 0.1734375
0 0.3 0.31484375 0.0125 0.025
0 0.2859375 0.31484375 0.0125 0.025
0 0.2953125 0.30546875 0.0078125 0.0203125
0 0.7390625 0.209375 0.015625 0.0296875
0 0.746875 0.20078125 0.0125 0.0265625
0 0.75 0.1953125 0.0125 0.0265625
1 0.628125 0.22734375 0.0140625 0.0296875
1 0.36796875 0.2703125 0.0078125 0.0171875
1 0.3875 0.26171875 0.00625 0.0140625
1 0.4015625 0.2578125 0.00625 0.0140625
1 0.4171875 0.2515625 0.00625 0.0140625
1 0.43515625 0.24453125 0.00625 0.0140625
1 0.45625 0.23828125 0.00625 0.0140625
1 0.359375 0.284375 0.009375 0.0203125