0 0.3078125 0.4578125 0.0421875 0.115625
0 0.39453125 0.34921875 0.021875 0.0625
0 0.4359375 0.29453125 0.0109375 0.0375
0 0.45703125 0.27109375 0.00625 0.0265625
0 0.46875 0.259375 0.00625 0.0203125
0 0.1453125 0.29140625 0.0109375 0.0359375
0 0.22578125 0.271875 0.0109375 0.034375
0 0.3203125 0.2484375 0.00625 0.0234375
1 0.59609375 0.409375 0.0296875 0.090625
1 0.69609375 0.67109375 0.0375 0.1203125
1 0.56953125 0.3328125 0.0171875 0.0546875
1 0.559375 0.2953125 0.0125 0.0390625
1 0.553125 0.278125 0.0078125 0.028125
1 0.5515625 0.2640625 0.0078125 0.025
0 0.47578125 0.25078125 0.0046875 0.0203125
1 0.50703125 0.2375 0.0046875 0.0140625
1 0.52578125 0.240625 0.0046875 0.0171875
1 0.53984375 0.24296875 0.0046875 0.015625
1 0.54375 0.24921875 0.0046875 0.0203125
1 0.54765625 0.25546875 0.00625 0.025
1 0.41171875 0.23203125 0.0046875 0.0140625
1 0.38515625 0.2328125 0.0046875 0.0140625
0 0.35859375 0.240625 0.0046875 0.0203125
0 0.39609375 0.2375 0.0046875 0.0171875
0 0.42890625 0.23984375 0.0046875 0.015625
1 0.4375 0.2328125 0.0046875 0.01875
1 0.4609375 0.2328125 0.0046875 0.015625
0 0.4578125 0.24140625 0.0046875 0.015625
0 0.48046875 0.2453125 0.0046875 0.0171875
1 0.48515625 0.23359375 0.003125 0.0140625
1 0.234375 0.24921875 0.009375 0.025