0 0.2671875 0.6046875 0.065625 0.1703125
0 0.3640625 0.4140625 0.03125 0.0890625
0 0.40859375 0.340625 0.0171875 0.0546875
0 0.4453125 0.30546875 0.0109375 0.04375
0 0.4765625 0.278125 0.0109375 0.034375
1 0.646875 0.421875 0.0375 0.109375
1 0.5765625 0.34453125 0.0234375 0.06875
1 0.559375 0.30390625 0.015625 0.0515625
1 0.571875 0.27734375 0.0125 0.0390625
1 0.57890625 0.25859375 0.009375 0.034375
0 0.4859375 0.2640625 0.0078125 0.0296875
0 0.0765625 0.39453125 0.0203125 0.0546875
1 0.12734375 0.3390625 0.015625 0.034375
0 0.171875 0.34609375 0.015625 0.0390625
1 0.18125 0.315625 0.0125 0.03125
0 0.234375 0.3125 0.0125 0.034375