1 0.571875 0.53515625 0.0578125 0.146875
1 0.40859375 0.42265625 0.0390625 0.0984375
1 0.3203125 0.3703125 0.028125 0.0734375
1 0.28671875 0.33671875 0.025 0.0546875
1 0.32421875 0.3078125 0.01875 0.04375
1 0.375 0.3 0.0140625 0.0390625
1 0.40859375 0.29296875 0.0125 0.0296875
1 0.4359375 0.284375 0.0109375 0.0296875
1 0.45390625 0.2796875 0.0109375 0.0296875
1 0.465625 0.278125 0.009375 0.021875
1 0.471875 0.275 0.009375 0.025
0 0.1671875 0.3046875 0.021875 0.05
1 0.2421875 0.2890625 0.0171875 0.0390625
0 0.29765625 0.28203125 0.0125 0.034375
0 0.33671875 0.27578125 0.0109375 0.0296875
0 0.36171875 0.27265625 0.0109375 0.0265625
0 0.38125 0.2671875 0.009375 0.025
1 0.38984375 0.25390625 0.00625 0.0140625
0 0.375 0.2640625 0.0078125 0.021875
0 0.35703125 0.259375 0.0078125 0.0203125
1 0.44921875 0.2671875 0.0078125 0.0203125
1 0.42421875 0.2609375 0.0078125 0.0203125
1 0.40625 0.25703125 0.00625 0.0171875
0 0.41171875 0.246875 0.0046875 0.0140625
1 0.3125 0.24375 0.00625 0.0171875
0 0.30390625 0.25 0.0078125 0.0203125
1 0.46640625 0.26796875 0.0078125 0.0203125