1 0.10234375 0.22890625 0.0109375 0.0296875
0 0.803125 0.29609375 0.0109375 0.03125
0 0.81953125 0.26640625 0.0046875 0.015625
0 0.8453125 0.29453125 0.0109375 0.0296875
1 0.95 0.30234375 0.0109375 0.028125
0 0.209375 0.2578125 0.0109375 0.0328125
0 0.60390625 0.3 0.0109375 0.0359375
0 0.6265625 0.29765625 0.0109375 0.0359375
0 0.6703125 0.296875 0.0109375 0.034375
0 0.71484375 0.29765625 0.0109375 0.034375
0 0.7625 0.29765625 0.0109375 0.0328125
1 0.9515625 0.34375 0.0125 0.0421875
0 0.51328125 0.315625 0.0140625 0.04375
1 0.765625 0.353125 0.0203125 0.05625
1 0.89140625 0.35 0.0203125 0.05
0 0.484375 0.33984375 0.0171875 0.05625
1 0.71796875 0.35859375 0.021875 0.059375
1 0.69375 0.4015625 0.025 0.0796875
0 0.42890625 0.41171875 0.0296875 0.0890625
0 0.3171875 0.53984375 0.0546875 0.1484375
0 0.56640625 0.303125 0.0109375 0.0375
0 0.7859375 0.27265625 0.0078125 0.021875
1 0.7265625 0.49921875 0.040625 0.125
1 0.825 0.35234375 0.0203125 0.0546875
1 0.90703125 0.290625 0.009375 0.025
1 0.85625 0.27890625 0.0078125 0.0234375
1 0.8625 0.27421875 0.00625 0.0203125
1 0.8390625 0.2734375 0.0078125 0.0203125
1 0.84296875 0.271875 0.00625 0.0203125
1 0.83203125 0.27109375 0.0078125 0.021875
0 0.75390625 0.2609375 0.0046875 0.01875
0 0.7671875 0.25859375 0.0046875 0.015625
1 0.18359375 0.2515625 0.0125 0.0328125
0 0.81875 0.284375 0.009375 0.025
0 0.790625 0.26171875 0.0046875 0.015625
1 0.89296875 0.2796875 0.00625 0.021875
0 0.9125 0.28125 0.0046875 0.015625