1 0.7 0.56953125 0.04765625 0.178125
1 0.525 0.34375 0.01484375 0.0578125
1 0.4875 0.3015625 0.0078125 0.03828125
1 0.47421875 0.2828125 0.00625 0.02890625
1 0.4671875 0.26953125 0.0046875 0.025
1 0.46171875 0.2625 0.0046875 0.02265625
1 0.45703125 0.2578125 0.00390625 0.01796875
1 0.44921875 0.25390625 0.003125 0.0171875
1 0.434375 0.2515625 0.003125 0.015625
1 0.40859375 0.25234375 0.003125 0.0171875
0 0.24609375 0.546875 0.03828125 0.1421875
0 0.340625 0.37734375 0.0171875 0.071875
0 0.36171875 0.32109375 0.01015625 0.04296875
0 0.37109375 0.29453125 0.00703125 0.03125
0 0.378125 0.2828125 0.00625 0.0265625
0 0.38984375 0.27265625 0.00390625 0.01953125
0 0.3953125 0.26484375 0.00390625 0.01796875
0 0.3765625 0.26328125 0.003125 0.01953125
1 0.3796875 0.2546875 0.003125 0.0171875
0 0.36171875 0.2640625 0.00546875 0.01953125
1 0.0765625 0.33515625 0.01015625 0.0359375
0 0.08515625 0.34921875 0.0078125 0.03984375
1 0.15390625 0.31640625 0.00859375 0.0265625
0 0.17578125 0.325 0.00703125 0.0328125
1 0.19921875 0.30078125 0.00703125 0.025
1 0.228125 0.290625 0.00625 0.0203125
0 0.24375 0.3046875 0.00546875 0.02734375
1 0.25234375 0.28046875 0.00546875 0.0203125
0 0.278125 0.2921875 0.00546875 0.021875
1 0.27890625 0.2734375 0.00390625 0.01796875
0 0.28984375 0.28515625 0.00390625 0.02265625
0 0.29921875 0.278125 0.00390625 0.0203125
0 0.30625 0.2734375 0.00390625 0.01796875
1 0.315625 0.2640625 0.003125 0.0171875
0 0.32109375 0.271875 0.00390625 0.01953125