0 0.19453125 0.4890625 0.084375 0.165625
0 0.415625 0.37734375 0.040625 0.0890625
0 0.50703125 0.33125 0.0265625 0.059375
0 0.58671875 0.325 0.021875 0.05
0 0.64921875 0.3234375 0.0203125 0.04375
0 0.678125 0.32109375 0.0171875 0.0390625
1 0.7578125 0.41015625 0.0328125 0.0734375
1 0.79296875 0.39765625 0.028125 0.059375
1 0.82109375 0.3765625 0.0234375 0.05
1 0.9703125 0.3890625 0.0234375 0.05
1 0.72578125 0.4765625 0.046875 0.1015625
1 0.7328125 0.6546875 0.0984375 0.2015625
0 0.68515625 0.30859375 0.0140625 0.034375
0 0.66953125 0.29375 0.0140625 0.0296875
0 0.64296875 0.27890625 0.0109375 0.025
1 0.81875 0.3578125 0.0171875 0.040625
1 0.790625 0.33359375 0.0171875 0.0390625
1 0.759375 0.31171875 0.0140625 0.0328125
1 0.72109375 0.29296875 0.0125 0.0265625
1 0.71484375 0.2859375 0.0109375 0.0265625
1 0.95234375 0.40546875 0.0296875 0.0578125
1 0.91328125 0.3375 0.0171875 0.034375
0 0.96640625 0.34140625 0.015625 0.0328125
0 0.63125 0.2671875 0.0109375 0.025
0 0.64140625 0.26171875 0.0078125 0.01875
0 0.66328125 0.26484375 0.0078125 0.0171875
0 0.6984375 0.26875 0.00625 0.0171875
0 0.73984375 0.278125 0.0078125 0.0171875
0 0.76640625 0.28359375 0.0078125 0.01875
0 0.82578125 0.30234375 0.0078125 0.0203125
0 0.8765625 0.3171875 0.0078125 0.0203125
1 0.85390625 0.31796875 0.0125 0.03125
1 0.78359375 0.296875 0.0109375 0.025
1 0.7453125 0.290625 0.009375 0.021875