0 0.41875 0.2984375 0.0453125 0.0984375
0 0.52734375 0.20078125 0.025 0.059375
1 0.63984375 0.21171875 0.0171875 0.0390625
1 0.65390625 0.2375 0.0203125 0.046875
1 0.68984375 0.3796875 0.05 0.1109375
1 0.884375 0.26875 0.01875 0.0390625
1 0.740625 0.225 0.0109375 0.0203125
1 0.709375 0.21796875 0.009375 0.01875
1 0.678125 0.2125 0.009375 0.0203125
1 0.65390625 0.20859375 0.0109375 0.025
0 0.59375 0.18671875 0.00625 0.0078125
0 0.55703125 0.18359375 0.0125 0.0203125
1 0.82265625 0.2515625 0.015625 0.034375
1 0.7828125 0.23828125 0.0125 0.028125