0 0.228125 0.4171875 0.02109375 0.06953125
0 0.23046875 0.37265625 0.01328125 0.0484375
1 0.38203125 0.3078125 0.009375 0.03828125
1 0.46640625 0.33203125 0.01171875 0.05625
0 0.2125 0.5140625 0.0421875 0.12109375
1 0.52265625 0.36015625 0.0171875 0.0734375
1 0.63359375 0.41875 0.025 0.10234375
1 0.875 0.2671875 0.01328125 0.0515625
0 0.17421875 0.7328125 0.059375 0.19609375
0 0.23125 0.34609375 0.00859375 0.03828125
1 0.41796875 0.31953125 0.01015625 0.0484375
1 0.36328125 0.29921875 0.00703125 0.03125
0 0.85859375 0.23203125 0.00703125 0.0265625
1 0.80078125 0.25234375 0.0109375 0.04296875
1 0.75546875 0.2453125 0.00859375 0.03359375
0 0.246875 0.31640625 0.00625 0.025
0 0.234375 0.325 0.00546875 0.0203125
0 0.27734375 0.303125 0.00546875 0.01796875
0 0.3265625 0.2875 0.00390625 0.0140625
1 0.36171875 0.2875 0.00390625 0.0203125
1 0.39765625 0.27734375 0.00546875 0.021875
1 0.43828125 0.26796875 0.00546875 0.02421875
1 0.4828125 0.25703125 0.00546875 0.01953125
1 0.7171875 0.240625 0.00703125 0.02890625
1 0.67890625 0.24140625 0.00546875 0.02421875
0 0.36875 0.275 0.00390625 0.015625
0 0.6890625 0.228125 0.00390625 0.0203125
0 0.7578125 0.2265625 0.00546875 0.0203125
0 0.41796875 0.2640625 0.00390625 0.0171875
0 0.4640625 0.25234375 0.00390625 0.0140625
0 0.5125 0.24453125 0.00390625 0.015625