0 0.1203125 0.66015625 0.05625 0.215625
0 0.321875 0.4109375 0.021875 0.090625
0 0.38125 0.3390625 0.015625 0.059375
0 0.340625 0.31484375 0.0125 0.0484375
0 0.2671875 0.31953125 0.0125 0.0484375
0 0.16015625 0.3390625 0.015625 0.053125
1 0.096875 0.31953125 0.0125 0.04375
1 0.20625 0.29921875 0.009375 0.0359375
1 0.275 0.2859375 0.0078125 0.034375
1 0.33125 0.27890625 0.00625 0.028125
1 0.37734375 0.2765625 0.00625 0.034375
1 0.42421875 0.27421875 0.0078125 0.034375
1 0.46875 0.27734375 0.00625 0.0359375
1 0.50703125 0.2859375 0.009375 0.0375
1 0.5421875 0.30078125 0.009375 0.0453125
1 0.56328125 0.34140625 0.0125 0.0625
1 0.603125 0.428125 0.025 0.10625