0 0.2546875 0.59375 0.075 0.153125
0 0.28984375 0.44921875 0.040625 0.0859375
0 0.3328125 0.36015625 0.0203125 0.05
1 0.8375 0.5640625 0.115625 0.2328125
1 0.553125 0.371875 0.0375 0.084375
1 0.47265625 0.32109375 0.0234375 0.0546875
1 0.440625 0.3015625 0.01875 0.0421875
1 0.41640625 0.28828125 0.0140625 0.0328125
1 0.40078125 0.28046875 0.0109375 0.028125
1 0.3890625 0.27421875 0.009375 0.0234375
1 0.38203125 0.26875 0.0078125 0.0203125
1 0.378125 0.26640625 0.0078125 0.0203125
0 0.3296875 0.3265625 0.0171875 0.0390625
1 0.04609375 0.4015625 0.0171875 0.0375
0 0.08828125 0.40234375 0.01875 0.0390625
0 0.1359375 0.36875 0.0140625 0.0328125
0 0.1640625 0.34921875 0.0125 0.0265625
0 0.20390625 0.32421875 0.009375 0.021875
0 0.2234375 0.31171875 0.00625 0.015625
0 0.24921875 0.30078125 0.0078125 0.015625
0 0.2765625 0.2921875 0.0078125 0.015625
1 0.37265625 0.26484375 0.00625 0.015625