0 0.18515625 0.7296875 0.1046875 0.2109375
0 0.31796875 0.44375 0.0375 0.0875
0 0.37421875 0.35703125 0.021875 0.053125
0 0.39375 0.3203125 0.0171875 0.040625
0 0.36640625 0.3125 0.0140625 0.034375
0 0.34453125 0.3140625 0.0125 0.0328125
0 0.30859375 0.32578125 0.0140625 0.0328125
0 0.27421875 0.3375 0.015625 0.0359375
0 0.24296875 0.3546875 0.0171875 0.0375
0 0.21171875 0.3796875 0.0203125 0.04375
0 0.16328125 0.4203125 0.025 0.0546875
0 0.08515625 0.478125 0.0359375 0.075
1 0.096875 0.415625 0.021875 0.04375
1 0.16796875 0.3734375 0.015625 0.034375
1 0.228125 0.3421875 0.0125 0.028125
1 0.28828125 0.3140625 0.0109375 0.0265625
1 0.33203125 0.3 0.0109375 0.025
1 0.3828125 0.28515625 0.009375 0.0234375
1 0.42421875 0.27578125 0.0109375 0.025
1 0.46484375 0.2703125 0.0125 0.028125
1 0.4921875 0.275 0.0125 0.0328125
1 0.51328125 0.2890625 0.015625 0.0390625
1 0.5328125 0.3125 0.01875 0.05
1 0.58671875 0.37578125 0.0359375 0.084375
1 0.76171875 0.5921875 0.1015625 0.215625