0 0.35078125 0.4359375 0.0328125 0.09375
0 0.3953125 0.34296875 0.015625 0.0546875
0 0.4125 0.3078125 0.0125 0.0390625
0 0.4328125 0.2859375 0.009375 0.0296875
0 0.4421875 0.2734375 0.0078125 0.0265625
1 0.61328125 0.3984375 0.0328125 0.09375
1 0.56171875 0.31953125 0.0203125 0.05625
1 0.5421875 0.28984375 0.0125 0.0390625
1 0.528125 0.26953125 0.009375 0.03125
1 0.52109375 0.2609375 0.0078125 0.025
1 0.5109375 0.253125 0.0078125 0.025
1 0.49140625 0.25234375 0.0078125 0.0203125
1 0.4609375 0.25234375 0.0078125 0.0203125
0 0.421875 0.2703125 0.0078125 0.025
0 0.40546875 0.2703125 0.0078125 0.025
1 0.38984375 0.26328125 0.0078125 0.0203125
0 0.3796875 0.275 0.0078125 0.025
0 0.3578125 0.28125 0.00625 0.025
1 0.3578125 0.26875 0.00625 0.0203125
0 0.33984375 0.2859375 0.0078125 0.0265625
0 0.32734375 0.29375 0.009375 0.0296875
1 0.3171875 0.28203125 0.0078125 0.0203125
0 0.28828125 0.32109375 0.009375 0.034375
1 0.284375 0.29453125 0.0078125 0.025
1 0.25234375 0.309375 0.009375 0.0296875
0 0.23359375 0.34609375 0.0140625 0.0421875
1 0.209375 0.328125 0.0125 0.034375
1 0.14375 0.3546875 0.015625 0.0390625
0 0.12421875 0.38984375 0.0203125 0.0546875