0 0.23671875 0.55234375 0.046875 0.146875
0 0.4703125 0.3703125 0.01875 0.071875
0 0.57265625 0.3015625 0.0109375 0.0453125
0 0.5953125 0.278125 0.009375 0.0359375
1 0.6796875 0.25859375 0.0109375 0.034375
1 0.73828125 0.28828125 0.0140625 0.0484375
1 0.73203125 0.446875 0.0375 0.121875
0 0.590625 0.25859375 0.0078125 0.03125
0 0.57890625 0.2515625 0.00625 0.0265625
0 0.57421875 0.24140625 0.0046875 0.025
0 0.5953125 0.23515625 0.00625 0.025
0 0.61328125 0.2296875 0.0046875 0.0203125
1 0.715625 0.27109375 0.0125 0.040625
1 0.66875 0.24765625 0.00625 0.0296875
1 0.67109375 0.240625 0.0046875 0.025
1 0.6828125 0.23359375 0.0046875 0.021875
1 0.9140625 0.2765625 0.015625 0.0484375
1 0.83984375 0.25234375 0.0109375 0.0359375
1 0.82578125 0.2390625 0.009375 0.0296875
1 0.81640625 0.23125 0.0078125 0.0265625