1 0.5515625 0.24296875 0.003125 0.0140625
0 0.334375 0.2703125 0.00625 0.025
1 0.3921875 0.26953125 0.0078125 0.025
1 0.7328125 0.259375 0.00625 0.021875
0 0.28515625 0.2890625 0.00625 0.0296875
1 0.38203125 0.28515625 0.0078125 0.0265625
1 0.4046875 0.28828125 0.009375 0.0328125
1 0.7828125 0.27109375 0.0078125 0.028125
1 0.83515625 0.2796875 0.009375 0.03125
0 0.25625 0.30234375 0.0078125 0.034375
0 0.26484375 0.31328125 0.0109375 0.040625
1 0.43125 0.29375 0.0109375 0.034375
1 0.4734375 0.3015625 0.0109375 0.0390625
1 0.52578125 0.31171875 0.0125 0.0453125
1 0.85234375 0.2921875 0.0109375 0.0359375
0 0.92734375 0.28671875 0.0109375 0.03125
0 0.290625 0.33046875 0.0125 0.0453125
0 0.3328125 0.37109375 0.01875 0.065625
1 0.9078125 0.36015625 0.0265625 0.071875
1 0.6 0.38515625 0.025 0.08125
0 0.1859375 0.5640625 0.0453125 0.15
1 0.7453125 0.634375 0.065625 0.1984375
0 0.31328125 0.278125 0.0078125 0.025
0 0.35078125 0.2640625 0.003125 0.0203125
0 0.36796875 0.25703125 0.0046875 0.0203125
1 0.40859375 0.2609375 0.0046875 0.0203125
1 0.41953125 0.25859375 0.00625 0.0203125
1 0.43828125 0.253125 0.003125 0.0171875
1 0.4578125 0.25234375 0.003125 0.0171875
1 0.478125 0.25 0.003125 0.0171875
1 0.50234375 0.24765625 0.003125 0.0171875
1 0.5296875 0.24453125 0.003125 0.0171875
1 0.84765625 0.3203125 0.01875 0.053125
1 0.8421875 0.30234375 0.009375 0.040625
0 0.83046875 0.26953125 0.00625 0.025
0 0.759375 0.25546875 0.00625 0.0203125
1 0.69921875 0.253125 0.00625 0.021875
1 0.671875 0.246875 0.00625 0.0203125
1 0.0765625 0.2640625 0.00625 0.021875
1 0.1046875 0.26328125 0.0078125 0.0203125
1 0.0640625 0.21875 0.0078125 0.028125
1 0.22578125 0.246875 0.00625 0.01875
0 0.23828125 0.25 0.00625 0.021875
0 0.38046875 0.25546875 0.0046875 0.015625
0 0.403125 0.25 0.0046875 0.01875
0 0.4203125 0.24921875 0.003125 0.0171875
0 0.4515625 0.24609375 0.0046875 0.0140625
0 0.43203125 0.24765625 0.003125 0.0140625
0 0.471875 0.24453125 0.0046875 0.015625
0 0.49296875 0.24296875 0.003125 0.0140625
0 0.51328125 0.24140625 0.003125 0.0125
0 0.69453125 0.24453125 0.0046875 0.0140625
0 0.67734375 0.2421875 0.0046875 0.0125
0 0.71875 0.24765625 0.0046875 0.01875
1 0.6515625 0.24140625 0.0046875 0.0125
1 0.184375 0.23828125 0.0046875 0.0140625
1 0.56953125 0.23984375 0.0046875 0.0140625
1 0.5765625 0.23515625 0.003125 0.0125
0 0.6609375 0.23671875 0.0046875 0.015625
0 0.64921875 0.2359375 0.003125 0.0125
0 0.63671875 0.23359375 0.0015625 0.0125
1 0.62265625 0.2359375 0.003125 0.0140625
1 0.61640625 0.23359375 0.0046875 0.0140625
1 0.60703125 0.23359375 0.003125 0.0140625
1 0.58203125 0.2390625 0.0046875 0.0140625
0 0.53828125 0.2375 0.003125 0.0140625
1 0.38125 0.27734375 0.00625 0.025