0 0.58828125 0.2625 0.00625 0.025
1 0.621875 0.25 0.00625 0.021875
1 0.66640625 0.25546875 0.00625 0.025
1 0.71015625 0.26328125 0.0078125 0.0296875
1 0.821875 0.26015625 0.0078125 0.0265625
0 0.67421875 0.2796875 0.0109375 0.034375
1 0.7546875 0.26796875 0.009375 0.034375
1 0.79453125 0.2796875 0.0109375 0.0359375
1 0.884375 0.27421875 0.009375 0.03125
1 0.8359375 0.2921875 0.0125 0.04375
0 0.696875 0.32265625 0.0140625 0.0515625
0 0.62578125 0.3453125 0.0171875 0.059375
0 0.50390625 0.37265625 0.01875 0.0703125
1 0.91484375 0.3484375 0.0234375 0.0671875
0 0.34765625 0.4828125 0.0390625 0.128125
1 0.85078125 0.5296875 0.046875 0.159375
1 0.9078125 0.69375 0.0671875 0.2265625
1 0.87109375 0.4578125 0.034375 0.115625
1 0.9171875 0.39296875 0.028125 0.0796875
1 0.88203125 0.3140625 0.0171875 0.0515625
0 0.553125 0.25625 0.00625 0.0203125
0 0.52890625 0.2515625 0.0046875 0.0171875
0 0.521875 0.2453125 0.003125 0.01875
0 0.5265625 0.23828125 0.003125 0.0140625
0 0.5375 0.2375 0.003125 0.0140625
1 0.5796875 0.24140625 0.0046875 0.0140625
1 0.584375 0.2390625 0.0046875 0.0140625
1 0.59140625 0.24375 0.00625 0.0203125
1 0.5984375 0.23671875 0.003125 0.0140625
1 0.63984375 0.234375 0.003125 0.0171875
1 0.74296875 0.24375 0.00625 0.0203125
0 0.55 0.23359375 0.003125 0.0140625
0 0.56953125 0.23125 0.003125 0.0140625
0 0.63359375 0.26953125 0.0078125 0.0296875
0 0.8453125 0.25234375 0.00625 0.021875
0 0.80625 0.246875 0.00625 0.0171875
1 0.715625 0.2390625 0.003125 0.0171875
1 0.665625 0.234375 0.0046875 0.01875
0 0.64609375 0.23046875 0.003125 0.0140625
0 0.70703125 0.234375 0.003125 0.0140625
1 0.690625 0.2375 0.0046875 0.0171875
1 0.6171875 0.23515625 0.003125 0.015625
0 0.67265625 0.2328125 0.003125 0.0140625
0 0.89609375 0.27265625 0.0078125 0.0328125
0 0.88984375 0.2625 0.00625 0.025
0 0.7015625 0.29609375 0.0109375 0.0421875
0 0.59453125 0.23125 0.003125 0.0140625
0 0.61875 0.23046875 0.003125 0.015625
0 0.73984375 0.23828125 0.003125 0.015625