0 0.46484375 0.359375 0.0265625 0.071875
0 0.53203125 0.31484375 0.01875 0.05
0 0.5734375 0.2953125 0.015625 0.0390625
0 0.64765625 0.2921875 0.0140625 0.034375
0 0.71015625 0.29765625 0.0140625 0.034375
1 0.71640625 0.35625 0.0203125 0.0609375
1 0.70859375 0.38671875 0.0265625 0.0734375
0 0.7984375 0.30859375 0.0140625 0.0359375
1 0.78359375 0.3640625 0.025 0.059375
1 0.8828125 0.4109375 0.0359375 0.0765625
0 0.37265625 0.4984375 0.05625 0.1390625
1 0.8078125 0.53046875 0.0609375 0.1375
0 0.8625 0.32890625 0.0171875 0.0390625