0 0.2796875 0.67109375 0.0609375 0.090625
0 0.315625 0.56640625 0.028125 0.0484375
0 0.3390625 0.52265625 0.01875 0.0328125
0 0.35078125 0.49765625 0.0109375 0.021875
0 0.34140625 0.48671875 0.009375 0.01875
0 0.31484375 0.48125 0.009375 0.015625
1 0.70078125 0.61640625 0.04375 0.071875
1 0.571875 0.5421875 0.0234375 0.0375
1 0.51875 0.5109375 0.015625 0.0296875
1 0.47265625 0.490625 0.0078125 0.015625
0 0.2640625 0.48046875 0.0109375 0.0171875
0 0.18359375 0.4875 0.0140625 0.01875
1 0.4484375 0.47890625 0.0078125 0.0140625
1 0.41328125 0.47421875 0.009375 0.0125
1 0.2140625 0.47578125 0.009375 0.0125
1 0.27734375 0.47265625 0.00625 0.0109375
1 0.37109375 0.471875 0.00625 0.0109375
1 0.3265625 0.47109375 0.0078125 0.0109375