1 0.840625 0.73515625 0.0484375 0.1578125
1 0.61328125 0.4046875 0.028125 0.0875
1 0.56953125 0.33203125 0.015625 0.0515625
1 0.54765625 0.2953125 0.0109375 0.0375
1 0.5359375 0.28125 0.0078125 0.03125
1 0.5234375 0.26875 0.00625 0.025
1 0.5 0.2640625 0.00625 0.021875
1 0.46484375 0.2640625 0.00625 0.0203125
0 0.4390625 0.29140625 0.009375 0.034375
0 0.42265625 0.3140625 0.0109375 0.0390625
0 0.38671875 0.35078125 0.015625 0.0546875
0 0.3390625 0.42890625 0.028125 0.0875
0 0.1140625 0.40703125 0.021875 0.0640625
1 0.128125 0.36015625 0.0171875 0.040625
1 0.196875 0.33203125 0.0109375 0.03125
0 0.21953125 0.359375 0.015625 0.046875
0 0.26171875 0.334375 0.0109375 0.0390625
1 0.2484375 0.31015625 0.009375 0.0265625
0 0.29140625 0.31640625 0.0109375 0.034375
1 0.29375 0.29375 0.00625 0.025
0 0.3125 0.30390625 0.0078125 0.0296875
0 0.33671875 0.2953125 0.0078125 0.028125
1 0.34375 0.2796875 0.00625 0.0234375
0 0.365625 0.28984375 0.00625 0.025
1 0.38359375 0.2734375 0.00625 0.025
0 0.39609375 0.2875 0.00625 0.025
0 0.41484375 0.28515625 0.00625 0.0296875