0 0.76484375 0.31875 0.015625 0.034375
0 0.83515625 0.33515625 0.01875 0.0390625
0 0.871875 0.3453125 0.0171875 0.034375
0 0.9171875 0.3578125 0.0203125 0.0421875
0 0.6609375 0.31015625 0.01875 0.0390625
0 0.70625 0.31328125 0.01875 0.0421875
0 0.5453125 0.315625 0.0234375 0.05
0 0.5890625 0.31171875 0.0203125 0.04375
1 0.771875 0.365625 0.0265625 0.0578125
1 0.85 0.3765625 0.028125 0.059375
1 0.94140625 0.40234375 0.0296875 0.0609375
1 0.70703125 0.36640625 0.03125 0.0671875
0 0.49453125 0.33125 0.028125 0.059375
0 0.44765625 0.35234375 0.0328125 0.0703125
1 0.66328125 0.42734375 0.040625 0.0875
0 0.39375 0.39375 0.0453125 0.0953125
1 0.71796875 0.61875 0.0875 0.1796875
0 0.20546875 0.61015625 0.1125 0.2296875
0 0.9671875 0.3734375 0.0203125 0.0421875