0 0.259375 0.60625 0.0734375 0.196875
0 0.34296875 0.42578125 0.0390625 0.10625
0 0.38046875 0.33828125 0.0234375 0.0578125
0 0.37890625 0.30625 0.0140625 0.0453125
0 0.325 0.28359375 0.0140625 0.0390625
0 0.28984375 0.27421875 0.015625 0.0375
0 0.24609375 0.26796875 0.0140625 0.034375
0 0.18046875 0.265625 0.0140625 0.034375
0 0.10859375 0.26484375 0.0171875 0.0390625
1 0.1328125 0.25 0.0140625 0.0328125
1 0.22734375 0.2515625 0.0109375 0.0265625
1 0.2984375 0.253125 0.0109375 0.0296875
1 0.36171875 0.26171875 0.0109375 0.025
1 0.3984375 0.2671875 0.0109375 0.0296875
1 0.440625 0.2734375 0.0109375 0.0296875
1 0.47109375 0.28125 0.0125 0.034375
1 0.5078125 0.29453125 0.0140625 0.0375
1 0.55859375 0.328125 0.01875 0.05
1 0.596875 0.37578125 0.025 0.06875
1 0.696875 0.50078125 0.05 0.1234375