0 0.70625 0.315625 0.01875 0.0390625
0 0.76953125 0.3203125 0.0171875 0.0390625
0 0.85 0.33359375 0.01875 0.0421875
0 0.94140625 0.35625 0.0203125 0.04375
0 0.65625 0.31640625 0.01875 0.04375
0 0.52578125 0.334375 0.025 0.05625
0 0.57578125 0.325 0.0203125 0.05
1 0.79296875 0.37734375 0.028125 0.0640625
1 0.884375 0.38984375 0.028125 0.0609375
0 0.46484375 0.36015625 0.0296875 0.0734375
0 0.40390625 0.396875 0.0421875 0.0984375
1 0.68515625 0.49453125 0.0515625 0.125
0 0.3171875 0.47734375 0.0625 0.1421875
1 0.72109375 0.39375 0.0328125 0.071875
0 0.89140625 0.34296875 0.01875 0.0390625