1 0.8609375 0.315625 0.0125 0.0296875
1 0.940625 0.35078125 0.01875 0.0390625
0 0.5125 0.284375 0.0140625 0.0390625
1 0.6171875 0.3015625 0.01875 0.0421875
1 0.6328125 0.3265625 0.021875 0.053125
0 0.47734375 0.32578125 0.025 0.0578125
1 0.6515625 0.3609375 0.03125 0.06875
1 0.6921875 0.43828125 0.0453125 0.1046875
0 0.41484375 0.4 0.0375 0.09375
0 0.32578125 0.5234375 0.0703125 0.159375
1 0.7609375 0.596875 0.0796875 0.1734375
0 0.52421875 0.26953125 0.0109375 0.0296875
0 0.53125 0.2578125 0.009375 0.0234375
0 0.5390625 0.25 0.009375 0.0234375
0 0.55 0.246875 0.0078125 0.0234375
1 0.60859375 0.28203125 0.0125 0.0296875
1 0.6046875 0.265625 0.009375 0.025
0 0.9640625 0.33828125 0.0125 0.0296875
0 0.91796875 0.3203125 0.0125 0.03125
0 0.88125 0.3078125 0.009375 0.0203125
1 0.82578125 0.2984375 0.0109375 0.028125
1 0.78125 0.2859375 0.009375 0.025
0 0.57265625 0.2453125 0.009375 0.025
0 0.5890625 0.24609375 0.0078125 0.01875
1 0.63203125 0.26015625 0.0078125 0.0203125
1 0.6546875 0.2578125 0.0078125 0.0203125
1 0.6765625 0.265625 0.009375 0.0265625
1 0.615625 0.2640625 0.009375 0.0234375
1 0.71953125 0.26796875 0.0109375 0.025
1 0.75 0.27890625 0.009375 0.0203125
1 0.69375 0.26328125 0.0078125 0.0203125
1 0.603125 0.23984375 0.0078125 0.01875
0 0.84453125 0.29609375 0.009375 0.021875
0 0.81875 0.290625 0.0109375 0.028125
0 0.6375 0.25 0.00625 0.015625
0 0.6640625 0.2546875 0.009375 0.0203125
0 0.69140625 0.25859375 0.00625 0.0203125
0 0.61484375 0.246875 0.0078125 0.0203125