1 0.68515625 0.19375 0.0125 0.0265625
1 0.765625 0.190625 0.0171875 0.0375
0 0.36484375 0.3125 0.0140625 0.03125
1 0.4546875 0.28203125 0.0140625 0.03125
1 0.85859375 0.18359375 0.021875 0.046875
0 0.35859375 0.3375 0.01875 0.04375
1 0.4734375 0.29765625 0.0203125 0.04375
1 0.5015625 0.31953125 0.0265625 0.0546875
1 0.53828125 0.34765625 0.0359375 0.0734375
1 0.634375 0.43046875 0.0609375 0.121875
1 0.8578125 0.6296875 0.125 0.2375
0 0.284375 0.590625 0.075 0.146875
0 0.33515625 0.4140625 0.0328125 0.0703125
0 0.3671875 0.2953125 0.0125 0.0296875
1 0.44296875 0.26640625 0.0109375 0.025
0 0.37265625 0.2828125 0.009375 0.025