1 0.69296875 0.61015625 0.0671875 0.175
0 0.82734375 0.4 0.0359375 0.0828125
1 0.61796875 0.45625 0.0375 0.1078125
1 0.57421875 0.384375 0.028125 0.0734375
1 0.528125 0.33671875 0.0203125 0.0546875
1 0.47890625 0.31171875 0.0171875 0.04375
1 0.42265625 0.29375 0.0140625 0.0390625
1 0.37578125 0.27890625 0.0109375 0.0296875
1 0.39375 0.26484375 0.009375 0.025
1 0.40859375 0.25703125 0.009375 0.025
0 0.203125 0.615625 0.08125 0.1984375
0 0.3046875 0.4625 0.0453125 0.1171875
0 0.32578125 0.3828125 0.03125 0.078125
0 0.28671875 0.34765625 0.0234375 0.0609375
0 0.25703125 0.3296875 0.021875 0.053125
0 0.2203125 0.31328125 0.0203125 0.046875
0 0.203125 0.296875 0.0203125 0.040625
0 0.21875 0.28671875 0.0140625 0.034375
0 0.25546875 0.27421875 0.0140625 0.0328125
0 0.2859375 0.2640625 0.0125 0.03125
0 0.303125 0.26015625 0.009375 0.0234375
0 0.3328125 0.253125 0.0078125 0.0203125
0 0.35 0.246875 0.0078125 0.01875
0 0.15546875 0.265625 0.0125 0.0296875
0 0.1984375 0.2578125 0.009375 0.025
1 0.43046875 0.24296875 0.0078125 0.01875
1 0.41953125 0.2484375 0.00625 0.021875
1 0.440625 0.2359375 0.0046875 0.0140625
1 0.4453125 0.23359375 0.0046875 0.0125
0 0.36875 0.240625 0.00625 0.01875
0 0.38984375 0.2328125 0.00625 0.0171875
0 0.190625 0.25 0.0078125 0.0203125
0 0.18515625 0.2484375 0.0078125 0.0203125
1 0.175 0.2421875 0.00625 0.0171875
1 0.140625 0.246875 0.0078125 0.0203125
1 0.11171875 0.25 0.009375 0.021875
1 0.09140625 0.25390625 0.0078125 0.0234375
0 0.39765625 0.228125 0.0046875 0.015625
1 0.25390625 0.23515625 0.00625 0.015625
0 0.2578125 0.23828125 0.00625 0.015625
0 0.20390625 0.25078125 0.0078125 0.0203125
0 0.22265625 0.240625 0.00625 0.015625
1 0.21796875 0.23828125 0.0046875 0.0140625
1 0.2828125 0.23203125 0.00625 0.015625
0 0.2890625 0.2359375 0.0046875 0.0140625