1 0.871875 0.690625 0.090625 0.29375
1 0.8234375 0.44609375 0.053125 0.1609375
1 0.8765625 0.40546875 0.0515625 0.1390625
1 0.9 0.3609375 0.034375 0.1140625
0 0.2484375 0.4890625 0.0609375 0.18125
0 0.4265625 0.315625 0.03125 0.096875
0 0.496875 0.2671875 0.0234375 0.0703125
0 0.55859375 0.2375 0.015625 0.05625
0 0.61640625 0.23046875 0.0140625 0.0515625
0 0.65859375 0.228125 0.0140625 0.05
0 0.69921875 0.22421875 0.0140625 0.04375
0 0.746875 0.22421875 0.0140625 0.0453125
0 0.84453125 0.23359375 0.015625 0.0515625