0 0.24921875 0.54609375 0.06875 0.16875
0 0.39296875 0.37578125 0.0328125 0.084375
0 0.46015625 0.325 0.0203125 0.059375
0 0.5078125 0.29765625 0.0140625 0.0390625
0 0.52265625 0.278125 0.0125 0.0328125
1 0.79140625 0.74921875 0.11875 0.2578125
1 0.63515625 0.45546875 0.0453125 0.1109375
1 0.6078125 0.36484375 0.0265625 0.0640625
1 0.62421875 0.3234375 0.01875 0.05
1 0.63046875 0.3 0.009375 0.0296875
1 0.1296875 0.26015625 0.0171875 0.0421875
0 0.19609375 0.2703125 0.015625 0.0390625
1 0.21328125 0.24765625 0.0125 0.0328125
0 0.2875 0.25390625 0.0140625 0.034375
0 0.31953125 0.2484375 0.0140625 0.0390625
0 0.3453125 0.24296875 0.0109375 0.028125
0 0.3671875 0.23671875 0.0109375 0.025
0 0.3953125 0.23828125 0.00625 0.015625
0 0.5203125 0.26015625 0.0078125 0.025
0 0.51328125 0.24296875 0.0046875 0.015625
0 0.5 0.2359375 0.00625 0.015625
1 0.58984375 0.26484375 0.009375 0.025
1 0.575 0.2515625 0.0078125 0.021875
1 0.56484375 0.24296875 0.00625 0.0140625
1 0.546875 0.23984375 0.0046875 0.015625
0 0.421875 0.2359375 0.0046875 0.015625
0 0.4421875 0.234375 0.00625 0.0171875
0 0.475 0.234375 0.0046875 0.015625
1 0.61875 0.28125 0.00625 0.025
0 0.5203125 0.24765625 0.00625 0.021875