0 0.33828125 0.44140625 0.0421875 0.115625
0 0.42578125 0.33359375 0.0234375 0.0609375
0 0.45546875 0.29609375 0.0125 0.0390625
0 0.4703125 0.27734375 0.0109375 0.034375
0 0.4796875 0.265625 0.009375 0.0296875
1 0.4890625 0.24453125 0.00625 0.025
1 0.5171875 0.25 0.0078125 0.025
1 0.5421875 0.25546875 0.00625 0.025
1 0.56171875 0.26171875 0.0078125 0.025
1 0.56953125 0.27265625 0.009375 0.03125
1 0.578125 0.2875 0.0125 0.0359375
1 0.590625 0.3125 0.015625 0.05
1 0.6046875 0.353125 0.0203125 0.0640625
1 0.640625 0.4421875 0.0359375 0.103125
1 0.16171875 0.25625 0.0140625 0.0390625
0 0.22265625 0.275 0.015625 0.04375
0 0.30390625 0.2578125 0.0125 0.034375
1 0.35859375 0.24140625 0.00625 0.021875
0 0.3640625 0.253125 0.009375 0.0296875
1 0.3953125 0.24140625 0.0078125 0.025
0 0.4125 0.2515625 0.009375 0.0265625
1 0.42890625 0.24140625 0.0078125 0.025
1 0.85078125 0.8203125 0.046875 0.1171875