1 0.490625 0.25859375 0.0109375 0.025
1 0.51328125 0.26640625 0.0140625 0.0296875
0 0.41484375 0.265625 0.0171875 0.034375
1 0.5453125 0.27734375 0.0125 0.03125
1 0.58125 0.29296875 0.0140625 0.0328125
1 0.8 0.34921875 0.015625 0.034375
0 0.45390625 0.2921875 0.01875 0.0390625
1 0.8125 0.36796875 0.0203125 0.04375
1 0.859375 0.41015625 0.0328125 0.0625
0 0.4109375 0.3390625 0.0296875 0.0640625
1 0.65 0.40234375 0.0359375 0.075
0 0.27109375 0.46328125 0.0640625 0.1390625
1 0.72421875 0.5984375 0.0828125 0.1625
1 0.8125 0.34140625 0.015625 0.0328125
1 0.82734375 0.33984375 0.015625 0.0328125
1 0.8234375 0.33203125 0.0109375 0.0265625
1 0.790625 0.31796875 0.0125 0.025
1 0.75703125 0.303125 0.009375 0.0203125
1 0.73515625 0.2921875 0.009375 0.01875
1 0.71484375 0.28203125 0.009375 0.01875
0 0.946875 0.4015625 0.0203125 0.0421875
0 0.89296875 0.3546875 0.0125 0.028125
1 0.471875 0.2515625 0.0109375 0.0234375
1 0.46953125 0.24609375 0.0109375 0.025
1 0.47734375 0.24296875 0.0109375 0.025
1 0.4890625 0.240625 0.009375 0.0203125
1 0.49765625 0.240625 0.0078125 0.0171875
1 0.51484375 0.23984375 0.0078125 0.0203125
1 0.53046875 0.24296875 0.0078125 0.0203125
1 0.5484375 0.24609375 0.00625 0.0171875
1 0.56875 0.25 0.00625 0.0140625
1 0.59375 0.253125 0.00625 0.0140625
1 0.6125 0.2546875 0.00625 0.0140625
1 0.62109375 0.334375 0.021875 0.0484375
0 0.38828125 0.25 0.0140625 0.03125
0 0.37734375 0.240625 0.0125 0.0265625
0 0.39453125 0.23671875 0.0109375 0.025
0 0.41328125 0.2328125 0.0109375 0.025
0 0.428125 0.23125 0.0078125 0.0203125
0 0.56171875 0.24296875 0.00625 0.0140625
0 0.5796875 0.246875 0.00625 0.0140625
0 0.78359375 0.30546875 0.0078125 0.01875
0 0.54296875 0.2390625 0.00625 0.0125
1 0.20546875 0.175 0.0109375 0.021875
1 0.2296875 0.18046875 0.0109375 0.021875
1 0.33203125 0.1921875 0.009375 0.01875
0 0.34140625 0.19609375 0.0078125 0.015625
0 0.440625 0.23125 0.0078125 0.0203125
0 0.45234375 0.2296875 0.009375 0.0203125
0 0.46328125 0.22890625 0.00625 0.0140625
0 0.525 0.23671875 0.00625 0.0125
0 0.5078125 0.2328125 0.00625 0.0140625
1 0.628125 0.2578125 0.0078125 0.015625
1 0.63828125 0.259375 0.00625 0.0171875
1 0.66484375 0.259375 0.00625 0.0125
1 0.67109375 0.26171875 0.00625 0.0140625
1 0.6765625 0.26484375 0.00625 0.015625
1 0.65546875 0.25625 0.0046875 0.0125
0 0.72265625 0.28125 0.00625 0.0140625
0 0.6015625 0.24921875 0.0046875 0.0125
0 0.48359375 0.2296875 0.00625 0.0140625
0 0.94453125 0.3890625 0.0125 0.03125
0 0.8328125 0.32734375 0.0078125 0.0203125
1 0.69921875 0.275 0.00625 0.0109375
0 0.7546875 0.29375 0.00625 0.0140625
1 0.68671875 0.26796875 0.0046875 0.0140625
1 0.63671875 0.25234375 0.00625 0.015625
1 0.6296875 0.2484375 0.0046875 0.0125
0 0.62578125 0.24609375 0.0046875 0.009375
0 0.6125 0.24375 0.0046875 0.009375
0 0.5984375 0.24140625 0.00625 0.0125
0 0.60078125 0.24453125 0.00625 0.0140625
1 0.58359375 0.2390625 0.00625 0.0140625
1 0.5796875 0.234375 0.00625 0.0125
1 0.5515625 0.23125 0.0046875 0.0109375
1 0.55390625 0.2296875 0.0046875 0.0109375
0 0.65859375 0.2578125 0.0046875 0.009375