0 0.75703125 0.275 0.0125 0.0296875
0 0.54140625 0.2734375 0.0125 0.034375
0 0.57109375 0.26953125 0.0125 0.0328125
0 0.65859375 0.271875 0.0125 0.034375
1 0.69296875 0.2921875 0.0125 0.034375
1 0.74375 0.29921875 0.0125 0.034375
1 0.8 0.30703125 0.015625 0.0390625
0 0.90078125 0.30546875 0.0125 0.034375
0 0.940625 0.3140625 0.0109375 0.034375
0 0.5125 0.2765625 0.015625 0.0421875
1 0.6453125 0.29296875 0.0125 0.034375
1 0.86328125 0.32109375 0.0171875 0.04375
1 0.94375 0.34140625 0.0203125 0.0546875
0 0.4703125 0.29921875 0.0171875 0.04375
0 0.48828125 0.2890625 0.0171875 0.05
1 0.6125 0.3125 0.0203125 0.0546875
1 0.621875 0.34765625 0.021875 0.0609375
0 0.440625 0.33828125 0.0234375 0.059375
0 0.3796875 0.40546875 0.0390625 0.0984375
1 0.65703125 0.43671875 0.0375 0.1078125
0 0.2015625 0.63828125 0.0953125 0.2234375
1 0.7859375 0.74375 0.1171875 0.259375
0 0.84453125 0.29609375 0.0140625 0.0328125
0 0.62265625 0.2703125 0.009375 0.0296875
0 0.703125 0.2734375 0.0109375 0.0265625
0 0.78125 0.28359375 0.009375 0.028125
0 0.809375 0.2921875 0.0125 0.03125