0 0.08828125 0.38359375 0.0328125 0.078125
1 0.28828125 0.3046875 0.0125 0.04375
0 0.1703125 0.43984375 0.0359375 0.103125
1 0.36953125 0.31484375 0.0140625 0.0484375
1 0.4484375 0.325 0.0140625 0.0453125
1 0.5375 0.36640625 0.0234375 0.06875
1 0.6625 0.425 0.034375 0.0984375
0 0.05859375 0.703125 0.053125 0.18125
1 0.08671875 0.27109375 0.0125 0.0390625
1 0.13125 0.29609375 0.015625 0.0484375
1 0.15 0.271875 0.0125 0.0359375
1 0.21875 0.2984375 0.0171875 0.0515625
1 0.2234375 0.26953125 0.0109375 0.0296875
1 0.27421875 0.26484375 0.009375 0.0296875
1 0.31640625 0.26640625 0.009375 0.025
1 0.35703125 0.26796875 0.009375 0.0265625
1 0.39609375 0.2734375 0.009375 0.034375
1 0.415625 0.2796875 0.0109375 0.034375
1 0.44609375 0.2890625 0.009375 0.0359375
1 0.49921875 0.29609375 0.0109375 0.0390625
1 0.5703125 0.3 0.0125 0.0390625
1 0.946875 0.34609375 0.01875 0.0546875
1 0.86875 0.31640625 0.0140625 0.0421875
0 0.86640625 0.2875 0.0078125 0.0265625
1 0.7984375 0.29765625 0.0125 0.0359375
0 0.78515625 0.2765625 0.009375 0.0265625
1 0.73515625 0.29453125 0.0125 0.0390625
0 0.71171875 0.27109375 0.0078125 0.021875
1 0.66328125 0.2984375 0.0125 0.0390625
0 0.6625 0.2703125 0.0078125 0.0296875
0 0.615625 0.27421875 0.009375 0.0296875
0 0.56953125 0.275 0.009375 0.03125
0 0.51796875 0.27265625 0.009375 0.028125
0 0.49375 0.2671875 0.0078125 0.025
0 0.46953125 0.26328125 0.00625 0.0234375
0 0.43671875 0.2578125 0.00625 0.0203125
0 0.19453125 0.2578125 0.0109375 0.03125
0 0.2640625 0.25546875 0.0109375 0.0296875