0 0.54140625 0.31875 0.0109375 0.04375
0 0.61640625 0.303125 0.009375 0.0359375
1 0.15234375 0.32421875 0.01875 0.0484375
1 0.1859375 0.228125 0.0109375 0.0390625
0 0.1953125 0.225 0.0109375 0.034375
0 0.19609375 0.303125 0.0125 0.04375
0 0.66640625 0.29140625 0.0078125 0.03125
0 0.73828125 0.29375 0.0078125 0.0296875
0 0.840625 0.30234375 0.009375 0.0296875
1 0.915625 0.3328125 0.0171875 0.0453125
1 0.84140625 0.32890625 0.0125 0.04375
1 0.79453125 0.32890625 0.0171875 0.0453125
1 0.75703125 0.33515625 0.0171875 0.0515625
1 0.71484375 0.346875 0.01875 0.05625
1 0.2796875 0.3046875 0.0171875 0.034375
0 0.3015625 0.309375 0.0171875 0.0359375