0 0.20859375 0.57421875 0.0515625 0.159375
0 0.1734375 0.4734375 0.0359375 0.1015625
0 0.14453125 0.4171875 0.0234375 0.0703125
0 0.1234375 0.3953125 0.0171875 0.0515625
1 0.3765625 0.3171875 0.0125 0.0484375
1 0.428125 0.3296875 0.0140625 0.053125
1 0.509375 0.34921875 0.01875 0.0703125
1 0.659375 0.40078125 0.0328125 0.10625
0 0.109375 0.3765625 0.0125 0.0375
0 0.103125 0.3625 0.0109375 0.0359375
1 0.3265625 0.31640625 0.0109375 0.040625
1 0.28515625 0.31328125 0.009375 0.0359375
1 0.259375 0.309375 0.0078125 0.0265625
1 0.81796875 0.296875 0.0203125 0.0671875
1 0.74375 0.26328125 0.0140625 0.0484375
1 0.6796875 0.23828125 0.009375 0.034375
0 0.91640625 0.25 0.0171875 0.046875
0 0.79765625 0.22578125 0.0109375 0.03125
0 0.14765625 0.32734375 0.0078125 0.025
0 0.20859375 0.30546875 0.0046875 0.021875
0 0.11328125 0.346875 0.0078125 0.0265625
0 0.31328125 0.271875 0.0046875 0.015625
0 0.3625 0.25703125 0.003125 0.0140625
1 0.29375 0.2859375 0.00625 0.0234375
1 0.3375 0.27421875 0.0046875 0.021875
1 0.38203125 0.2578125 0.0046875 0.021875
0 0.4109375 0.24609375 0.0046875 0.0171875
0 0.6796875 0.21015625 0.0046875 0.0203125
0 0.740625 0.21484375 0.00625 0.025
0 0.61484375 0.21640625 0.0046875 0.0171875
1 0.5546875 0.2296875 0.00625 0.021875
1 0.58359375 0.228125 0.00625 0.025
1 0.61015625 0.22734375 0.0046875 0.025
1 0.63828125 0.2296875 0.0078125 0.0328125
1 0.2546875 0.30078125 0.0046875 0.0265625
0 0.25859375 0.28828125 0.0046875 0.01875
0 0.56484375 0.2203125 0.0046875 0.015625