0 0.2421875 0.31328125 0.0078125 0.0234375
0 0.29296875 0.303125 0.0046875 0.0203125
1 0.33359375 0.30390625 0.009375 0.028125
1 0.3640625 0.2984375 0.009375 0.025
1 0.40078125 0.29453125 0.009375 0.025
1 0.44140625 0.2921875 0.009375 0.0265625
1 0.50703125 0.2875 0.009375 0.0296875
0 0.60703125 0.26796875 0.00625 0.025
0 0.690625 0.26171875 0.0078125 0.028125
0 0.81328125 0.253125 0.0109375 0.03125
0 0.15390625 0.340625 0.0109375 0.03125
0 0.1984375 0.32578125 0.009375 0.025
1 0.26640625 0.32421875 0.0125 0.034375
1 0.27890625 0.32734375 0.0125 0.03125
1 0.30546875 0.3265625 0.0125 0.0359375
1 0.375 0.321875 0.0140625 0.0390625
1 0.8390625 0.26796875 0.01875 0.04375
1 0.42890625 0.31953125 0.015625 0.04375
1 0.484375 0.325 0.015625 0.0484375
0 0.19140625 0.3765625 0.01875 0.05
0 0.26875 0.384375 0.0203125 0.059375
0 0.3328125 0.39921875 0.025 0.0703125
1 0.61171875 0.39609375 0.0328125 0.0890625
0 0.2640625 0.51796875 0.0421875 0.1234375
0 0.134375 0.37578125 0.0140625 0.04375
0 0.11953125 0.36328125 0.0125 0.0359375
1 0.30078125 0.31015625 0.0078125 0.0296875
1 0.7296875 0.51796875 0.059375 0.1625
1 0.54765625 0.34765625 0.021875 0.0625
0 0.3390625 0.29375 0.00625 0.01875
0 0.43046875 0.2828125 0.0046875 0.021875
0 0.4765625 0.27890625 0.00625 0.021875
0 0.54140625 0.2734375 0.00625 0.025