1 0.6203125 0.240625 0.0046875 0.0203125
0 0.490625 0.26875 0.00625 0.025
0 0.49765625 0.25703125 0.00625 0.021875
1 0.55625 0.2546875 0.00625 0.025
1 0.5640625 0.26015625 0.0078125 0.025
1 0.7875 0.246875 0.0078125 0.0265625
1 0.8328125 0.25 0.0078125 0.0296875
1 0.875 0.25625 0.009375 0.034375
1 0.57421875 0.275 0.0078125 0.034375
0 0.475 0.296875 0.0109375 0.0359375
1 0.5875 0.29609375 0.0109375 0.04375
0 0.45078125 0.34375 0.015625 0.0578125
1 0.61875 0.3359375 0.01875 0.0609375
0 0.3875 0.45 0.034375 0.109375
1 0.696875 0.44453125 0.034375 0.1109375
0 0.5171875 0.25 0.0046875 0.01875
0 0.5390625 0.24609375 0.0046875 0.0171875
1 0.60234375 0.24296875 0.0046875 0.01875
1 0.57578125 0.24921875 0.00625 0.0203125
1 0.62890625 0.2359375 0.00625 0.0203125
0 0.9015625 0.25546875 0.0078125 0.0296875
0 0.84375 0.2484375 0.0078125 0.025
0 0.7765625 0.24375 0.00625 0.0203125
1 0.70078125 0.23828125 0.00625 0.0203125
1 0.6828125 0.23515625 0.00625 0.0140625
1 0.66875 0.23203125 0.003125 0.0140625
1 0.6125 0.23203125 0.003125 0.015625
0 0.7203125 0.23359375 0.0046875 0.0140625
0 0.684375 0.22734375 0.003125 0.0140625
0 0.57578125 0.2375 0.0046875 0.015625
0 0.56640625 0.24140625 0.0046875 0.0171875
1 0.59375 0.23046875 0.0046875 0.015625
1 0.6546875 0.22890625 0.003125 0.0140625
0 0.66484375 0.2234375 0.003125 0.0125