1 0.8078125 0.23125 0.0109375 0.034375
0 0.425 0.29609375 0.009375 0.034375
1 0.5265625 0.28046875 0.0125 0.0390625
1 0.5453125 0.30546875 0.015625 0.05
0 0.41328125 0.321875 0.0140625 0.04375
0 0.36484375 0.415625 0.0296875 0.084375
1 0.6203125 0.39296875 0.03125 0.090625
1 0.7640625 0.58203125 0.075 0.196875
0 0.22734375 0.69765625 0.084375 0.2140625
0 0.43203125 0.27578125 0.009375 0.03125
0 0.44140625 0.26484375 0.0078125 0.0265625
0 0.4515625 0.2578125 0.00625 0.025
0 0.4765625 0.24609375 0.0046875 0.021875
1 0.5765625 0.34296875 0.0234375 0.0703125
1 0.5171875 0.26484375 0.009375 0.025
1 0.91640625 0.2453125 0.009375 0.04375
0 0.86171875 0.21875 0.0078125 0.0265625
0 0.815625 0.2140625 0.0078125 0.021875
0 0.771875 0.2140625 0.0078125 0.0203125
1 0.759375 0.22421875 0.009375 0.025
1 0.70625 0.22421875 0.00625 0.0203125
0 0.74140625 0.21484375 0.0078125 0.021875
1 0.52734375 0.24375 0.0078125 0.0234375
1 0.54296875 0.23671875 0.0078125 0.0203125
1 0.565625 0.22890625 0.00625 0.0203125
1 0.59140625 0.2265625 0.00625 0.0203125
1 0.609375 0.2234375 0.00625 0.021875
1 0.6375 0.22265625 0.0046875 0.015625
1 0.671875 0.21953125 0.0046875 0.01875
0 0.49375 0.23828125 0.00625 0.021875
0 0.52109375 0.2328125 0.0046875 0.01875
0 0.57265625 0.22265625 0.00625 0.0171875
0 0.5453125 0.228125 0.0046875 0.015625