1 0.73046875 0.58359375 0.0765625 0.1953125
1 0.47890625 0.4515625 0.040625 0.10625
1 0.3765625 0.403125 0.025 0.0734375
1 0.3375 0.3703125 0.021875 0.0546875
1 0.36484375 0.33984375 0.0171875 0.04375
1 0.40625 0.31640625 0.0140625 0.0375
1 0.434375 0.3015625 0.0125 0.0328125
1 0.45859375 0.2890625 0.0109375 0.0296875
1 0.47421875 0.28046875 0.009375 0.0265625
1 0.48515625 0.275 0.0078125 0.0203125
1 0.4890625 0.26875 0.00625 0.0203125
0 0.096875 0.46171875 0.034375 0.071875
0 0.16953125 0.40078125 0.021875 0.053125
0 0.2375 0.36328125 0.0171875 0.040625
0 0.2921875 0.33515625 0.0140625 0.034375
0 0.3359375 0.31640625 0.0109375 0.028125
0 0.36640625 0.30546875 0.009375 0.0234375
0 0.3875 0.29609375 0.0078125 0.021875
0 0.40390625 0.28515625 0.0078125 0.0203125
0 0.396875 0.284375 0.00625 0.01875
1 0.46484375 0.26640625 0.00625 0.0203125
1 0.43984375 0.2671875 0.00625 0.01875
1 0.40703125 0.26953125 0.00625 0.015625
1 0.42265625 0.26796875 0.00625 0.01875
1 0.48125 0.265625 0.0078125 0.0234375