1 0.55 0.25625 0.0078125 0.025
1 0.5734375 0.2703125 0.0078125 0.0296875
1 0.7015625 0.2890625 0.009375 0.0296875
0 0.7765625 0.28984375 0.0078125 0.025
0 0.4640625 0.28125 0.009375 0.0296875
1 0.58515625 0.2890625 0.0109375 0.034375
1 0.59921875 0.3171875 0.0140625 0.04375
1 0.84453125 0.33671875 0.0171875 0.04375
0 0.9515625 0.34296875 0.015625 0.0375
1 0.6421875 0.371875 0.025 0.0671875
0 0.203125 0.57265625 0.075 0.178125
0 0.3921875 0.35859375 0.0265625 0.071875
0 0.4453125 0.30390625 0.0140625 0.04375
0 0.4703125 0.26328125 0.0078125 0.0265625
0 0.4140625 0.24609375 0.0078125 0.0203125
1 0.8890625 0.77265625 0.06875 0.2046875
1 0.52265625 0.253125 0.00625 0.0203125
1 0.5 0.2484375 0.0078125 0.021875
1 0.4828125 0.2453125 0.00625 0.021875
1 0.465625 0.24296875 0.0046875 0.0171875
1 0.46328125 0.23984375 0.0046875 0.0203125
1 0.47421875 0.2359375 0.0046875 0.015625
1 0.690625 0.27734375 0.0078125 0.0296875
1 0.69375 0.27109375 0.00625 0.025
1 0.7078125 0.2703125 0.0078125 0.025
1 0.72421875 0.26796875 0.00625 0.021875
1 0.728125 0.265625 0.0046875 0.0203125
0 0.84453125 0.31640625 0.0109375 0.034375
0 0.79296875 0.3 0.009375 0.0265625
0 0.79140625 0.28359375 0.0078125 0.025
0 0.7984375 0.284375 0.00625 0.025
0 0.4375 0.25625 0.009375 0.028125
1 0.5375 0.23359375 0.00625 0.015625
1 0.5578125 0.234375 0.0046875 0.0140625
1 0.5203125 0.23359375 0.0046875 0.0125
1 0.5734375 0.2359375 0.0046875 0.0125
1 0.6875 0.2546875 0.0046875 0.0171875
0 0.40078125 0.2453125 0.0046875 0.0140625
0 0.4078125 0.2421875 0.0046875 0.0140625
0 0.42578125 0.23671875 0.003125 0.009375
0 0.43359375 0.23515625 0.003125 0.009375
1 0.48046875 0.2328125 0.0046875 0.0140625
0 0.67890625 0.24765625 0.003125 0.0109375
1 0.64765625 0.2421875 0.0046875 0.0125
1 0.63828125 0.24140625 0.0046875 0.0125
1 0.63046875 0.2375 0.0046875 0.0125
1 0.65859375 0.2453125 0.003125 0.0140625
1 0.59765625 0.23359375 0.003125 0.0140625
1 0.60390625 0.23203125 0.003125 0.009375
0 0.53046875 0.23046875 0.003125 0.0109375
0 0.5140625 0.23046875 0.0046875 0.0109375
0 0.5640625 0.22890625 0.0046875 0.0140625
0 0.49921875 0.22890625 0.003125 0.009375
0 0.4421875 0.23046875 0.0046875 0.0140625
0 0.45 0.22890625 0.0046875 0.0140625
1 0.58671875 0.23515625 0.003125 0.0125
0 0.5453125 0.23125 0.003125 0.009375
0 0.5609375 0.228125 0.003125 0.009375
0 0.3453125 0.21328125 0.00625 0.01875
1 0.3375 0.21328125 0.0078125 0.0203125
0 0.6921875 0.25234375 0.003125 0.0109375
0 0.7125 0.25859375 0.003125 0.0109375
0 0.66953125 0.24453125 0.003125 0.0109375
1 0.61953125 0.23359375 0.003125 0.0125