1 0.6078125 0.41875 0.040625 0.1078125
1 0.525 0.32734375 0.0203125 0.05625
1 0.50234375 0.2953125 0.015625 0.0421875
1 0.490625 0.2765625 0.0109375 0.03125
1 0.48203125 0.26484375 0.0078125 0.025
1 0.4765625 0.26015625 0.0078125 0.025
1 0.46796875 0.25625 0.00625 0.0203125
1 0.4515625 0.25390625 0.00625 0.0203125
1 0.425 0.25859375 0.0078125 0.0203125
0 0.41015625 0.2734375 0.0078125 0.025
0 0.40234375 0.284375 0.0109375 0.0265625
0 0.3890625 0.29765625 0.0125 0.034375
0 0.38125 0.31875 0.0125 0.0390625
0 0.36484375 0.36171875 0.01875 0.05625
0 0.38984375 0.27265625 0.0078125 0.021875
1 0.39453125 0.26328125 0.00625 0.0140625
0 0.3765625 0.27421875 0.0078125 0.021875
1 0.3609375 0.2703125 0.0078125 0.0203125
0 0.35390625 0.278125 0.00625 0.025
0 0.0703125 0.40703125 0.0171875 0.05
1 0.08125 0.38203125 0.0140625 0.0390625
1 0.159375 0.3546875 0.0125 0.034375
0 0.16796875 0.36875 0.0140625 0.0390625
1 0.21015625 0.3296875 0.0109375 0.0296875
0 0.24609375 0.33515625 0.0140625 0.034375
1 0.240625 0.3140625 0.0078125 0.025
1 0.2671875 0.3015625 0.0078125 0.021875
0 0.284375 0.315625 0.0125 0.0328125
0 0.29921875 0.30546875 0.009375 0.0265625
0 0.31015625 0.29921875 0.009375 0.0265625
0 0.31875 0.290625 0.0078125 0.021875
1 0.29375 0.290625 0.00625 0.0203125
0 0.315625 0.50078125 0.04375 0.1203125
1 0.33125 0.28046875 0.009375 0.025