0 0.675 0.20625 0.0125 0.0296875
0 0.46953125 0.27109375 0.0140625 0.034375
0 0.49609375 0.25859375 0.0140625 0.0328125
0 0.58046875 0.234375 0.0140625 0.034375
1 0.61953125 0.2421875 0.0140625 0.034375
1 0.66953125 0.23359375 0.0140625 0.034375
1 0.72578125 0.2234375 0.0171875 0.0390625
0 0.82109375 0.19140625 0.0140625 0.034375
0 0.8609375 0.1875 0.0125 0.034375
0 0.44296875 0.28359375 0.0171875 0.0421875
1 0.57421875 0.25859375 0.0140625 0.034375
1 0.790625 0.2171875 0.01875 0.04375
1 0.87265625 0.2125 0.021875 0.0546875
0 0.41015625 0.31796875 0.01875 0.04375
0 0.42421875 0.303125 0.01875 0.05
1 0.54921875 0.28671875 0.021875 0.0546875
1 0.56875 0.3171875 0.0234375 0.0609375
0 0.39375 0.36484375 0.025 0.059375
0 0.35703125 0.44765625 0.0421875 0.0984375
1 0.6296875 0.39140625 0.040625 0.1078125
0 0.25859375 0.7234375 0.1015625 0.225
1 0.84765625 0.64375 0.125 0.2609375
0 0.7640625 0.19921875 0.0140625 0.0328125
0 0.54609375 0.24375 0.0109375 0.0296875
0 0.6234375 0.221875 0.0109375 0.028125
0 0.70078125 0.2078125 0.0109375 0.028125
0 0.7296875 0.20625 0.0125 0.03125