1 0.74921875 0.6265625 0.0734375 0.21875
1 0.6015625 0.39140625 0.0296875 0.0921875
1 0.5546875 0.3234375 0.0171875 0.0609375
1 0.53046875 0.290625 0.0125 0.04375
1 0.4953125 0.27890625 0.0109375 0.034375
1 0.45703125 0.2734375 0.009375 0.034375
1 0.41328125 0.27421875 0.0109375 0.03125
0 0.38359375 0.3328125 0.015625 0.053125
0 0.3453125 0.3921875 0.028125 0.0828125
0 0.22578125 0.5796875 0.0515625 0.165625
0 0.1703125 0.346875 0.01875 0.053125
1 0.203125 0.30859375 0.0125 0.0390625
0 0.2703125 0.321875 0.0125 0.04375
1 0.26875 0.29296875 0.0109375 0.0359375
1 0.32265625 0.2828125 0.0109375 0.034375
0 0.33984375 0.3140625 0.0125 0.040625
1 0.09765625 0.33125 0.0109375 0.04375