0 0.55390625 0.246875 0.0171875 0.034375
0 0.5921875 0.23203125 0.015625 0.034375
0 0.703125 0.20390625 0.0140625 0.0296875
0 0.73515625 0.19375 0.0171875 0.0375
0 0.771875 0.1890625 0.01875 0.0375
0 0.81640625 0.18203125 0.01875 0.0390625
0 0.46640625 0.2875 0.01875 0.0390625
0 0.496875 0.26875 0.01875 0.0390625
1 0.64921875 0.24375 0.0203125 0.04375
1 0.7125 0.2265625 0.0203125 0.040625
1 0.78671875 0.2140625 0.0203125 0.040625
0 0.434375 0.30859375 0.0234375 0.05
1 0.59921875 0.26875 0.0203125 0.046875
1 0.8765625 0.203125 0.0234375 0.0515625
0 0.41171875 0.33515625 0.0234375 0.05
1 0.57421875 0.31015625 0.03125 0.06875
0 0.39375 0.36875 0.0296875 0.0640625
1 0.62421875 0.3734375 0.0421875 0.0921875
0 0.365625 0.459375 0.05 0.1046875
0 0.275 0.7265625 0.1140625 0.2265625
1 0.84609375 0.60859375 0.1265625 0.253125
0 0.640625 0.2171875 0.0125 0.03125