1 0.41640625 0.2734375 0.0078125 0.025
1 0.43984375 0.27421875 0.009375 0.0296875
0 0.34609375 0.303125 0.0125 0.034375
1 0.47421875 0.27421875 0.009375 0.03125
1 0.51328125 0.27734375 0.0109375 0.03125
1 0.7390625 0.26328125 0.0109375 0.034375
0 0.3921875 0.31640625 0.0140625 0.0390625
1 0.75625 0.27734375 0.015625 0.04375
1 0.8140625 0.30390625 0.025 0.0609375
0 0.365625 0.37421875 0.021875 0.0640625
1 0.6125 0.3609375 0.0265625 0.0734375
0 0.27109375 0.5359375 0.0453125 0.1375
1 0.74375 0.52421875 0.0625 0.1578125
1 0.7484375 0.25234375 0.0109375 0.03125
1 0.76171875 0.246875 0.0109375 0.03125
1 0.75546875 0.23984375 0.0078125 0.0265625
1 0.7203125 0.23671875 0.009375 0.025
1 0.68359375 0.2328125 0.0078125 0.0203125
1 0.659375 0.2296875 0.00625 0.01875
1 0.63671875 0.22578125 0.00625 0.0171875
0 0.89453125 0.26875 0.015625 0.0421875
0 0.82890625 0.240625 0.009375 0.0265625
1 0.39609375 0.271875 0.0078125 0.0234375
1 0.39296875 0.26796875 0.0078125 0.025
1 0.39921875 0.2625 0.0078125 0.025
1 0.409375 0.25703125 0.0078125 0.0203125
1 0.4171875 0.25390625 0.0046875 0.0171875
1 0.434375 0.24765625 0.00625 0.0203125
1 0.44921875 0.24609375 0.0046875 0.0203125
1 0.4671875 0.24296875 0.0046875 0.0171875
1 0.48828125 0.240625 0.0046875 0.0140625
1 0.51328125 0.2359375 0.0046875 0.0140625
1 0.53125 0.23203125 0.0046875 0.0140625
1 0.5640625 0.30546875 0.015625 0.0484375
0 0.31640625 0.29609375 0.009375 0.03125
0 0.303125 0.29140625 0.0078125 0.0265625
0 0.31875 0.28203125 0.0078125 0.025
0 0.33515625 0.27265625 0.0078125 0.025
0 0.3484375 0.2671875 0.00625 0.0203125
0 0.4796875 0.23671875 0.0046875 0.0140625
0 0.496875 0.234375 0.0046875 0.0140625
0 0.71015625 0.22734375 0.0046875 0.01875
0 0.46015625 0.23828125 0.0046875 0.0125
1 0.11953125 0.28203125 0.0078125 0.021875
1 0.14453125 0.2796875 0.0078125 0.0203125
1 0.2453125 0.25859375 0.00625 0.01875
0 0.25546875 0.26015625 0.0046875 0.015625
0 0.3609375 0.2625 0.0046875 0.0203125
0 0.37109375 0.2578125 0.00625 0.0203125
0 0.38125 0.253125 0.0046875 0.0140625
0 0.4421875 0.2421875 0.0046875 0.0125
0 0.425 0.24296875 0.0046875 0.0140625
1 0.546875 0.2296875 0.0046875 0.015625
1 0.55703125 0.228125 0.0046875 0.0171875
1 0.58203125 0.21953125 0.0046875 0.0125
1 0.5890625 0.22109375 0.0046875 0.0140625
1 0.5953125 0.221875 0.0046875 0.015625
1 0.57265625 0.2203125 0.003125 0.0125
0 0.64453125 0.2234375 0.0046875 0.0140625
0 0.51875 0.23046875 0.003125 0.0125
0 0.40078125 0.2484375 0.0046875 0.0140625
0 0.8890625 0.25703125 0.009375 0.03125
0 0.76328125 0.2328125 0.00625 0.0203125
1 0.6203125 0.22421875 0.0046875 0.0109375
0 0.678125 0.225 0.0046875 0.0140625
1 0.60546875 0.221875 0.003125 0.0140625
1 0.553125 0.22265625 0.0046875 0.015625
1 0.5453125 0.22109375 0.003125 0.0125
0 0.54140625 0.21953125 0.003125 0.009375
0 0.528125 0.221875 0.003125 0.009375
0 0.51328125 0.2234375 0.0046875 0.0125
0 0.51640625 0.22578125 0.0046875 0.0140625
1 0.4984375 0.2265625 0.0046875 0.0140625
1 0.49375 0.22265625 0.0046875 0.0125
1 0.46640625 0.228125 0.003125 0.0109375
1 0.4671875 0.22578125 0.003125 0.0109375
0 0.57578125 0.2203125 0.003125 0.009375