0 0.76015625 0.325 0.0125 0.0375
0 0.80234375 0.35703125 0.01875 0.0546875
0 0.71171875 0.4359375 0.034375 0.09375
0 0.78828125 0.4 0.028125 0.078125
0 0.29921875 0.60625 0.0640625 0.16875
0 0.5578125 0.51171875 0.040625 0.1421875
1 0.928125 0.3390625 0.0140625 0.034375
1 0.8828125 0.33515625 0.0171875 0.0390625
1 0.8671875 0.31875 0.0125 0.03125
1 0.83046875 0.3078125 0.0109375 0.0296875
1 0.81015625 0.31640625 0.0109375 0.028125
0 0.696875 0.2984375 0.0109375 0.0296875
0 0.6625 0.284375 0.009375 0.025
0 0.6140625 0.27109375 0.00625 0.021875
1 0.66171875 0.271875 0.00625 0.021875
1 0.70625 0.28359375 0.009375 0.0265625
1 0.7484375 0.29453125 0.009375 0.025
1 0.77109375 0.2875 0.00625 0.0203125
0 0.94765625 0.3328125 0.0109375 0.028125
0 0.9125 0.32109375 0.0109375 0.0265625
1 0.8078125 0.29453125 0.00625 0.0171875
1 0.7375 0.2796875 0.009375 0.0203125
1 0.709375 0.271875 0.00625 0.0171875
1 0.68046875 0.26796875 0.00625 0.0171875
1 0.6484375 0.26015625 0.0046875 0.015625
1 0.61171875 0.259375 0.0078125 0.01875
1 0.5703125 0.253125 0.0078125 0.01875
1 0.56953125 0.23984375 0.0046875 0.0140625
1 0.534375 0.246875 0.00625 0.01875
1 0.53125 0.234375 0.0046875 0.0140625
1 0.5 0.24296875 0.00625 0.0203125
1 0.46328125 0.23828125 0.0078125 0.021875
1 0.41796875 0.2359375 0.00625 0.0203125
1 0.3828125 0.2203125 0.0046875 0.0140625
1 0.3671875 0.22890625 0.00625 0.0203125
1 0.3609375 0.22265625 0.0078125 0.01875
0 0.234375 0.22578125 0.009375 0.025
0 0.25 0.221875 0.0078125 0.0203125
0 0.26796875 0.23046875 0.0078125 0.021875
0 0.27421875 0.21875 0.00625 0.01875
0 0.30703125 0.21484375 0.0078125 0.01875
0 0.31171875 0.23828125 0.009375 0.025
0 0.3671875 0.24375 0.0078125 0.0234375
0 0.42578125 0.246875 0.009375 0.025
0 0.47890625 0.25078125 0.00625 0.0234375
0 0.53515625 0.25703125 0.0078125 0.021875
0 0.575 0.2640625 0.00625 0.0203125
0 0.57734375 0.24140625 0.0046875 0.0140625
0 0.6328125 0.25234375 0.0046875 0.0140625
0 0.65625 0.259375 0.0046875 0.0140625
0 0.69375 0.26640625 0.0046875 0.0140625
0 0.72421875 0.27109375 0.0046875 0.015625
0 0.75859375 0.27734375 0.0046875 0.0140625
0 0.7953125 0.28671875 0.0078125 0.0171875
0 0.8375 0.2984375 0.00625 0.015625
0 0.8796875 0.3109375 0.0078125 0.0203125
1 0.6 0.25078125 0.0046875 0.0125