0 0.34453125 0.4578125 0.053125 0.115625
0 0.3625 0.3796875 0.0375 0.0828125
0 0.33203125 0.3375 0.0265625 0.0640625
0 0.28828125 0.3140625 0.0265625 0.059375
1 0.2390625 0.27265625 0.0203125 0.04375
0 0.15546875 0.3125 0.0296875 0.065625
1 0.3578125 0.27890625 0.0171875 0.0390625
1 0.4015625 0.28984375 0.0171875 0.0390625
1 0.4765625 0.31171875 0.01875 0.04375
1 0.54453125 0.34296875 0.0234375 0.05625
1 0.62890625 0.42265625 0.034375 0.0796875
1 0.71171875 0.55546875 0.0671875 0.14375
0 0.12109375 0.6921875 0.059375 0.1421875