0 0.11796875 0.415625 0.025 0.0875
1 0.31640625 0.315625 0.0125 0.0484375
0 0.1734375 0.50234375 0.0390625 0.1296875
1 0.47890625 0.33671875 0.0171875 0.0578125
1 0.47578125 0.29453125 0.009375 0.0390625
1 0.53125 0.29609375 0.009375 0.040625
0 0.60703125 0.27109375 0.0078125 0.0296875
1 0.584375 0.38984375 0.0234375 0.084375
1 0.76328125 0.484375 0.0359375 0.1375
0 0.0703125 0.39140625 0.0171875 0.0671875
1 0.06640625 0.3265625 0.0078125 0.04375
1 0.10390625 0.29375 0.0109375 0.034375
1 0.14453125 0.29453125 0.009375 0.0359375
1 0.178125 0.3140625 0.0125 0.04375
1 0.2 0.28671875 0.009375 0.03125
1 0.25390625 0.3171875 0.0109375 0.0390625
1 0.2640625 0.27890625 0.0078125 0.03125
1 0.30859375 0.27421875 0.009375 0.03125
1 0.34765625 0.2703125 0.0078125 0.034375
1 0.3859375 0.27421875 0.00625 0.03125
1 0.42265625 0.27578125 0.0078125 0.0265625
1 0.39609375 0.325 0.0125 0.0515625
1 0.44375 0.2828125 0.0078125 0.034375
1 0.89609375 0.284375 0.015625 0.040625
0 0.86796875 0.2515625 0.009375 0.034375
1 0.8109375 0.28203125 0.0140625 0.04375
0 0.77109375 0.25234375 0.0078125 0.025
1 0.721875 0.2921875 0.0125 0.0484375
0 0.7109375 0.2609375 0.0078125 0.0296875
0 0.65859375 0.2671875 0.009375 0.03125
1 0.61171875 0.29453125 0.0109375 0.04375
0 0.55 0.2703125 0.0078125 0.034375
0 0.52265625 0.2640625 0.0078125 0.0296875
0 0.24140625 0.26953125 0.00625 0.025
0 0.49765625 0.259375 0.0046875 0.025
0 0.46484375 0.253125 0.0046875 0.0203125
0 0.3015625 0.2640625 0.003125 0.025
0 0.42421875 0.253125 0.003125 0.0203125
0 0.38828125 0.2515625 0.0046875 0.0203125