1 0.7890625 0.53671875 0.053125 0.140625
1 0.5828125 0.4125 0.0265625 0.0875
1 0.5 0.37734375 0.0203125 0.06875
1 0.37578125 0.3484375 0.0171875 0.0578125
1 0.30390625 0.33125 0.0140625 0.053125
1 0.2296875 0.3125 0.0125 0.04375
1 0.1890625 0.30078125 0.0125 0.034375
1 0.1984375 0.2890625 0.009375 0.0296875
1 0.22578125 0.278125 0.0078125 0.025
1 0.221875 0.2734375 0.0078125 0.025
1 0.20078125 0.2671875 0.00625 0.021875
1 0.1796875 0.26640625 0.0078125 0.0203125
1 0.16171875 0.26328125 0.00625 0.0203125
0 0.10078125 0.28046875 0.0078125 0.0265625
0 0.08828125 0.2890625 0.0078125 0.0296875
0 0.08671875 0.27890625 0.00625 0.025
1 0.09140625 0.2640625 0.00625 0.0203125
0 0.109375 0.44375 0.0359375 0.096875
1 0.125 0.2609375 0.0046875 0.0171875
0 0.17734375 0.51796875 0.05 0.1359375
0 0.1953125 0.67890625 0.0734375 0.2234375