0 0.2125 0.70078125 0.0859375 0.2078125
0 0.37265625 0.43671875 0.028125 0.0890625
0 0.3859375 0.359375 0.0203125 0.0578125
0 0.3609375 0.32421875 0.0109375 0.0390625
0 0.32265625 0.29375 0.0078125 0.0265625
0 0.30390625 0.28046875 0.00625 0.025
0 0.28046875 0.275 0.0046875 0.0140625
1 0.82109375 0.55546875 0.06875 0.178125
1 0.72265625 0.40390625 0.0375 0.0953125
1 0.5859375 0.3296875 0.01875 0.05625
1 0.49140625 0.30078125 0.0125 0.0375
1 0.43046875 0.28515625 0.0078125 0.028125
1 0.39921875 0.27734375 0.0078125 0.0234375
1 0.38203125 0.271875 0.00625 0.0203125
1 0.3703125 0.26796875 0.00625 0.0203125
1 0.359375 0.26640625 0.0046875 0.0171875
1 0.35234375 0.2640625 0.0046875 0.0140625
1 0.3421875 0.2625 0.0046875 0.0140625
1 0.3265625 0.26328125 0.0046875 0.0140625
0 0.09921875 0.34296875 0.009375 0.025
1 0.10703125 0.328125 0.009375 0.025
1 0.13203125 0.31640625 0.0078125 0.0203125
1 0.14609375 0.30859375 0.0078125 0.0203125
1 0.15859375 0.3015625 0.00625 0.0171875
1 0.178125 0.29453125 0.0046875 0.015625
0 0.19921875 0.30703125 0.0078125 0.025
1 0.2109375 0.28359375 0.0046875 0.0140625
0 0.228125 0.2859375 0.0046875 0.0140625
1 0.23984375 0.278125 0.0046875 0.0140625
0 0.24609375 0.2828125 0.0046875 0.0140625
1 0.271875 0.271875 0.0046875 0.0140625
0 0.15859375 0.321875 0.0078125 0.0234375