0 0.5671875 0.22578125 0.0125 0.0296875
0 0.7109375 0.19765625 0.0125 0.0296875
0 0.79453125 0.1890625 0.0125 0.0265625
0 0.46328125 0.27109375 0.0109375 0.0296875
0 0.48828125 0.25703125 0.0109375 0.0296875
1 0.56171875 0.253125 0.0140625 0.034375
1 0.6515625 0.22734375 0.015625 0.034375
1 0.76328125 0.21171875 0.01875 0.0390625
0 0.88359375 0.1828125 0.0125 0.034375
0 0.42109375 0.29765625 0.0171875 0.0390625
0 0.4390625 0.28515625 0.0140625 0.0328125
1 0.5359375 0.2796875 0.01875 0.04375
1 0.83671875 0.2046875 0.021875 0.05
0 0.40859375 0.3140625 0.0203125 0.04375
1 0.55390625 0.30546875 0.0234375 0.0546875
0 0.39609375 0.35234375 0.025 0.059375
1 0.60234375 0.36484375 0.0390625 0.0921875
0 0.3046875 0.60546875 0.0734375 0.1703125
1 0.7453125 0.5234375 0.084375 0.1828125
0 0.3671875 0.42109375 0.0359375 0.0859375
0 0.53671875 0.240625 0.0109375 0.0296875
1 0.6046875 0.2390625 0.0140625 0.0328125
1 0.70546875 0.2171875 0.015625 0.034375
0 0.60859375 0.22109375 0.0109375 0.025
0 0.65859375 0.2078125 0.0125 0.028125
0 0.6828125 0.2046875 0.0078125 0.0203125
0 0.7421875 0.1953125 0.0125 0.028125
0 0.83203125 0.18671875 0.0171875 0.0375