1 0.53984375 0.2453125 0.0046875 0.0203125
1 0.62109375 0.25078125 0.0046875 0.0203125
1 0.6453125 0.25703125 0.00625 0.0203125
0 0.4640625 0.26015625 0.0078125 0.025
1 0.54921875 0.26171875 0.00625 0.021875
1 0.7484375 0.278125 0.009375 0.025
0 0.821875 0.28359375 0.009375 0.025
0 0.45078125 0.2734375 0.0078125 0.03125
1 0.82890625 0.2953125 0.0109375 0.03125
1 0.9046875 0.31328125 0.0125 0.0359375
0 0.4328125 0.2984375 0.0125 0.0390625
1 0.58671875 0.30859375 0.0125 0.04375
1 0.94921875 0.3296875 0.009375 0.040625
1 0.6640625 0.415625 0.0296875 0.090625
0 0.3484375 0.409375 0.03125 0.0921875
0 0.46953125 0.25234375 0.00625 0.0203125
1 0.54453125 0.25234375 0.00625 0.0203125
1 0.56328125 0.27421875 0.0078125 0.0296875
1 0.6171875 0.24609375 0.0046875 0.0203125
1 0.62421875 0.24375 0.0046875 0.0140625
1 0.63671875 0.24453125 0.0046875 0.0140625
1 0.65078125 0.24296875 0.0046875 0.0140625
1 0.65703125 0.240625 0.0046875 0.0140625
1 0.6453125 0.2390625 0.0046875 0.0140625
0 0.753125 0.26953125 0.0078125 0.025
0 0.8953125 0.3 0.009375 0.0296875
1 0.5234375 0.2390625 0.0046875 0.0171875
1 0.50390625 0.23828125 0.0046875 0.0140625
1 0.4875 0.2359375 0.0046875 0.0140625
1 0.47421875 0.23359375 0.0046875 0.015625
1 0.46171875 0.2328125 0.0046875 0.0140625