1 0.87890625 0.28359375 0.0125 0.0359375
0 0.73203125 0.3 0.0125 0.0390625
1 0.88671875 0.30390625 0.0140625 0.0484375
1 0.9 0.321875 0.0140625 0.0453125
0 0.7 0.32421875 0.0140625 0.04375
1 0.9140625 0.34296875 0.015625 0.053125
0 0.675 0.34765625 0.01875 0.0578125
0 0.6203125 0.3984375 0.025 0.0828125
0 0.534375 0.465625 0.03125 0.10625
1 0.93359375 0.38046875 0.0265625 0.075
0 0.75859375 0.2828125 0.009375 0.034375
0 0.76953125 0.2734375 0.0078125 0.0296875
0 0.77578125 0.2640625 0.00625 0.025
0 0.3296875 0.66015625 0.028125 0.1171875
0 0.7859375 0.2578125 0.0078125 0.021875
0 0.8328125 0.253125 0.0078125 0.021875
0 0.8 0.25625 0.00625 0.021875
0 0.85859375 0.253125 0.0078125 0.021875
1 0.9046875 0.26875 0.009375 0.0265625
1 0.9328125 0.2671875 0.0078125 0.028125
0 0.94609375 0.2609375 0.009375 0.0296875