0 0.1984375 0.31875 0.009375 0.0234375
1 0.29140625 0.29609375 0.009375 0.0203125
1 0.5015625 0.2609375 0.0078125 0.0203125
0 0.56328125 0.24921875 0.0078125 0.0203125
0 0.159375 0.3375 0.009375 0.025
1 0.2546875 0.31875 0.0109375 0.025
1 0.28046875 0.31796875 0.0109375 0.028125
1 0.33828125 0.3125 0.0125 0.0328125
1 0.41015625 0.3 0.0140625 0.034375
1 0.6046875 0.2640625 0.009375 0.0296875
0 0.61875 0.25078125 0.0078125 0.021875
0 0.1453125 0.37109375 0.015625 0.034375
1 0.47109375 0.29609375 0.015625 0.0375
1 0.53984375 0.2984375 0.01875 0.04375
1 0.69921875 0.26875 0.0171875 0.0390625
0 0.8 0.2484375 0.015625 0.034375
0 0.18828125 0.371875 0.0203125 0.0421875
0 0.26796875 0.36484375 0.0203125 0.0453125
0 0.3625 0.3484375 0.0234375 0.053125
0 0.409375 0.365625 0.025 0.059375
1 0.59375 0.31484375 0.021875 0.0546875
1 0.67421875 0.36640625 0.0359375 0.0875
0 0.415625 0.43671875 0.0421875 0.096875
1 0.78671875 0.50546875 0.08125 0.165625
0 0.2203125 0.77578125 0.1046875 0.2234375
1 0.5484375 0.26328125 0.0109375 0.025
0 0.6875 0.24921875 0.0078125 0.025
0 0.146875 0.35703125 0.0140625 0.03125
1 0.31796875 0.28359375 0.0078125 0.01875
0 0.4265625 0.25078125 0.0046875 0.0109375
0 0.471875 0.25 0.0046875 0.0140625
0 0.19453125 0.29453125 0.0046875 0.0140625
0 0.20234375 0.29609375 0.0046875 0.0125
0 0.2078125 0.2875 0.0046875 0.0109375
0 0.24609375 0.30234375 0.0078125 0.0203125
0 0.278125 0.29140625 0.0046875 0.0140625
0 0.28359375 0.2828125 0.0046875 0.0140625
1 0.2671875 0.30703125 0.009375 0.0234375
1 0.27421875 0.3015625 0.0078125 0.021875
1 0.309375 0.26953125 0.0046875 0.0140625
1 0.32578125 0.2671875 0.0046875 0.0140625
1 0.33359375 0.27734375 0.00625 0.0171875
1 0.421875 0.25859375 0.00625 0.0171875
1 0.39765625 0.2578125 0.0046875 0.015625
1 0.34296875 0.26953125 0.00625 0.015625
1 0.36640625 0.25546875 0.0046875 0.0125
0 0.21953125 0.29140625 0.0046875 0.0140625