1 0.95 0.55078125 0.0890625 0.2140625
1 0.5625 0.3828125 0.0453125 0.0921875
1 0.44140625 0.3671875 0.0328125 0.06875
1 0.371875 0.365625 0.028125 0.059375
1 0.2078125 0.384375 0.0171875 0.0375
1 0.1734375 0.384375 0.015625 0.034375
1 0.1546875 0.38359375 0.015625 0.034375
1 0.1609375 0.36953125 0.0125 0.0296875
0 0.2171875 0.75546875 0.1125 0.2234375
0 0.11484375 0.56953125 0.05625 0.1078125
0 0.0484375 0.49140625 0.0234375 0.0546875
0 0.0375 0.434375 0.015625 0.034375
0 0.05859375 0.41171875 0.015625 0.0296875
0 0.04296875 0.40703125 0.0125 0.025
1 0.096875 0.37109375 0.009375 0.0203125
1 0.07890625 0.37421875 0.009375 0.01875
1 0.13359375 0.36015625 0.0125 0.0265625
1 0.05 0.384375 0.009375 0.0203125