0 0.73671875 0.28125 0.0109375 0.0359375
0 0.628125 0.29140625 0.009375 0.0375
0 0.67578125 0.28515625 0.0125 0.0359375
0 0.853125 0.28984375 0.0109375 0.0390625
0 0.5546875 0.30859375 0.0109375 0.040625
1 0.8421875 0.32890625 0.01875 0.0578125
0 0.50859375 0.3203125 0.0140625 0.05
1 0.7578125 0.33046875 0.0203125 0.0609375
1 0.940625 0.33984375 0.01875 0.0578125
0 0.45859375 0.35078125 0.01875 0.0640625
1 0.69140625 0.35 0.0203125 0.0703125
0 0.40859375 0.38671875 0.025 0.08125
1 0.66171875 0.42890625 0.0296875 0.1046875
0 0.35234375 0.44765625 0.034375 0.109375
1 0.78984375 0.69609375 0.0859375 0.234375
0 0.81328125 0.28828125 0.0109375 0.0359375
0 0.90078125 0.29765625 0.0125 0.040625
0 0.11796875 0.74765625 0.0453125 0.13125