0 0.5140625 0.25 0.00625 0.0203125
1 0.58515625 0.24296875 0.0078125 0.0203125
1 0.675 0.23125 0.00625 0.021875
0 0.4953125 0.25859375 0.00625 0.0203125
1 0.5375 0.26328125 0.0109375 0.028125
1 0.7203125 0.24375 0.0109375 0.0296875
0 0.7703125 0.2296875 0.0078125 0.0234375
0 0.84140625 0.240625 0.0109375 0.0296875
0 0.3375 0.3046875 0.0109375 0.0296875
0 0.3953125 0.28359375 0.009375 0.028125
1 0.46328125 0.2875 0.0125 0.034375
1 0.490625 0.27734375 0.0109375 0.03125
1 0.40546875 0.31875 0.0125 0.04375
1 0.4421875 0.296875 0.0140625 0.0390625
1 0.81328125 0.26875 0.01875 0.0421875
0 0.28046875 0.33984375 0.0140625 0.0421875
1 0.415625 0.34453125 0.0203125 0.05625
0 0.2109375 0.38828125 0.025 0.059375
0 0.1578125 0.465625 0.034375 0.090625
1 0.67109375 0.4984375 0.0515625 0.1421875
1 0.47734375 0.39765625 0.0296875 0.084375
0 0.45234375 0.2703125 0.0078125 0.025
1 0.58046875 0.234375 0.0046875 0.01875
1 0.56953125 0.23125 0.0046875 0.01875
1 0.55234375 0.23046875 0.0046875 0.015625
0 0.728125 0.22265625 0.00625 0.0203125
1 0.64609375 0.2234375 0.0046875 0.01875
1 0.63046875 0.2203125 0.0046875 0.0140625
0 0.68203125 0.215625 0.0046875 0.0140625
0 0.50234375 0.23984375 0.0046875 0.0171875