1 0.75234375 0.65859375 0.04375 0.1703125
1 0.59296875 0.4125 0.0328125 0.0953125
1 0.5328125 0.33203125 0.01875 0.05625
1 0.484375 0.30859375 0.0140625 0.04375
1 0.41875 0.30390625 0.0125 0.0390625
1 0.35234375 0.30859375 0.0125 0.0390625
1 0.26640625 0.3265625 0.0125 0.040625
0 0.26875 0.3953125 0.0203125 0.06875
0 0.284375 0.4234375 0.025 0.08125
0 0.27734375 0.4890625 0.0421875 0.1125
1 0.17890625 0.3484375 0.015625 0.040625
0 0.14921875 0.4125 0.025 0.06875
0 0.06328125 0.43828125 0.0234375 0.0734375