0 0.296875 0.61796875 0.0578125 0.1734375
0 0.3625 0.42265625 0.0296875 0.084375
0 0.3390625 0.37890625 0.0203125 0.059375
0 0.28984375 0.36640625 0.01875 0.053125
0 0.23203125 0.36953125 0.0171875 0.0515625
0 0.1453125 0.3953125 0.0234375 0.0546875
1 0.084375 0.375 0.015625 0.04375
1 0.19609375 0.34140625 0.0140625 0.034375
1 0.3140625 0.3140625 0.0125 0.034375
1 0.3609375 0.30625 0.0125 0.034375
1 0.41328125 0.30078125 0.0109375 0.034375
1 0.45234375 0.3015625 0.0109375 0.0359375
1 0.49609375 0.30703125 0.0140625 0.04375
1 0.540625 0.3140625 0.015625 0.04375
1 0.6140625 0.33125 0.01875 0.059375
1 0.75234375 0.4359375 0.0453125 0.11875
1 0.90390625 0.6 0.090625 0.209375