0 0.13984375 0.7890625 0.1078125 0.2265625
0 0.26640625 0.40234375 0.0265625 0.06875
0 0.28046875 0.36015625 0.01875 0.05
0 0.29296875 0.3328125 0.0140625 0.0390625
1 0.69375 0.4703125 0.0609375 0.14375
1 0.42578125 0.3203125 0.0171875 0.05
1 0.4 0.30703125 0.0140625 0.0390625
1 0.3921875 0.29453125 0.0125 0.034375
1 0.40234375 0.28046875 0.009375 0.025
1 0.0546875 0.365625 0.009375 0.025
0 0.08125 0.371875 0.0125 0.034375
1 0.090625 0.3453125 0.009375 0.025
0 0.3125 0.3109375 0.0125 0.0296875
0 0.3328125 0.2953125 0.0078125 0.021875
0 0.3390625 0.2859375 0.009375 0.0203125
0 0.33359375 0.28125 0.00625 0.015625
0 0.321875 0.2703125 0.00625 0.0140625
0 0.2859375 0.27734375 0.00625 0.0171875
0 0.25703125 0.2875 0.00625 0.015625
0 0.21484375 0.3015625 0.0078125 0.0203125
0 0.13984375 0.34375 0.0109375 0.025
0 0.159375 0.33125 0.009375 0.0203125
0 0.1765625 0.321875 0.0078125 0.01875
0 0.1921875 0.3125 0.0078125 0.01875
0 0.23984375 0.2921875 0.0078125 0.0171875
1 0.11953125 0.32734375 0.0109375 0.0265625
1 0.15078125 0.32109375 0.0078125 0.021875
1 0.18125 0.31015625 0.00625 0.015625
1 0.23125 0.28984375 0.00625 0.0140625
1 0.309375 0.271875 0.00625 0.015625
1 0.34921875 0.26015625 0.00625 0.0140625
1 0.3640625 0.25859375 0.0046875 0.0125
1 0.37265625 0.26015625 0.0046875 0.0125
1 0.20390625 0.29921875 0.0078125 0.01875