0 0.33984375 0.4265625 0.0359375 0.096875
0 0.409375 0.340625 0.021875 0.05625
0 0.45859375 0.30703125 0.0140625 0.040625
0 0.49296875 0.29453125 0.0125 0.034375
0 0.53125 0.28515625 0.009375 0.028125
0 0.54765625 0.2765625 0.009375 0.0265625
0 0.54375 0.26875 0.0078125 0.0234375
0 0.5375 0.26015625 0.0078125 0.0203125
0 0.52890625 0.25625 0.00625 0.0203125
0 0.49921875 0.24921875 0.0046875 0.015625
0 0.47890625 0.246875 0.0046875 0.0140625
0 0.45859375 0.24375 0.0046875 0.015625
0 0.4328125 0.2421875 0.0046875 0.0140625
0 0.40859375 0.240625 0.0046875 0.0171875
0 0.3859375 0.24296875 0.0046875 0.0171875
0 0.3671875 0.24609375 0.00625 0.0171875
0 0.34453125 0.2484375 0.00625 0.01875
0 0.30703125 0.25078125 0.0078125 0.0234375
0 0.22421875 0.25625 0.009375 0.0234375
0 0.11015625 0.2609375 0.0109375 0.0296875
1 0.10703125 0.25078125 0.0109375 0.0296875
1 0.196875 0.2484375 0.009375 0.021875
1 0.26875 0.24453125 0.0078125 0.021875
1 0.31015625 0.2421875 0.00625 0.01875
1 0.34453125 0.23828125 0.0046875 0.0140625
1 0.37890625 0.23828125 0.0046875 0.0140625
1 0.4015625 0.23828125 0.0046875 0.0140625
1 0.43671875 0.240625 0.0046875 0.0140625
1 0.46796875 0.2421875 0.0046875 0.0140625
1 0.5015625 0.24375 0.0046875 0.0140625
1 0.521875 0.246875 0.0046875 0.0140625
1 0.54453125 0.24921875 0.0046875 0.0140625
1 0.5609375 0.253125 0.0046875 0.0140625
1 0.5796875 0.25546875 0.0046875 0.0140625
1 0.60234375 0.26328125 0.00625 0.0203125
1 0.6125 0.26875 0.00625 0.021875
1 0.628125 0.278125 0.0078125 0.025
1 0.61171875 0.3203125 0.015625 0.04375
1 0.58671875 0.3546875 0.021875 0.059375
1 0.64609375 0.30703125 0.0125 0.0390625
1 0.64453125 0.29375 0.0109375 0.03125
1 0.628125 0.45078125 0.0359375 0.1