1 0.39140625 0.2828125 0.0109375 0.025
1 0.41328125 0.28203125 0.0109375 0.0265625
0 0.7734375 0.19453125 0.0109375 0.025
1 0.44453125 0.27734375 0.0125 0.028125
1 0.48203125 0.27265625 0.0140625 0.0296875
1 0.6859375 0.228125 0.0140625 0.034375
0 0.375 0.32421875 0.0171875 0.0390625
1 0.52890625 0.2890625 0.01875 0.0390625
1 0.7 0.24140625 0.01875 0.0390625
0 0.825 0.2140625 0.01875 0.0390625
1 0.74609375 0.253125 0.0265625 0.0546875
0 0.88203125 0.221875 0.0203125 0.04375
0 0.36328125 0.37109375 0.0265625 0.059375
1 0.57265625 0.325 0.0296875 0.0640625
0 0.315625 0.4859375 0.0484375 0.1046875
1 0.6703125 0.41640625 0.0578125 0.1171875
0 0.33046875 0.31875 0.015625 0.034375
0 0.303125 0.3171875 0.0109375 0.0265625
0 0.28828125 0.31484375 0.0109375 0.025
1 0.37109375 0.2828125 0.0109375 0.025
1 0.3671875 0.28125 0.0078125 0.021875
1 0.37265625 0.275 0.0078125 0.025
1 0.38046875 0.26875 0.0078125 0.0203125
1 0.6953125 0.21953125 0.0140625 0.0296875
1 0.709375 0.209375 0.0109375 0.025
1 0.7046875 0.20546875 0.0109375 0.025
0 0.82421875 0.20078125 0.0171875 0.0375
0 0.7125 0.196875 0.0078125 0.0203125
1 0.671875 0.20625 0.0109375 0.025
0 0.6640625 0.20078125 0.0078125 0.0203125
1 0.63828125 0.209375 0.0078125 0.0203125
1 0.61484375 0.209375 0.0078125 0.0203125
0 0.3125 0.29296875 0.009375 0.0203125
0 0.32421875 0.28671875 0.0078125 0.0203125
0 0.33359375 0.28046875 0.0078125 0.01875
0 0.34453125 0.27421875 0.00625 0.0171875
0 0.353125 0.26953125 0.00625 0.015625
0 0.44375 0.23984375 0.00625 0.0140625
0 0.6015625 0.2046875 0.00625 0.015625
0 0.634375 0.20234375 0.00625 0.015625
0 0.615625 0.20234375 0.00625 0.015625
1 0.59453125 0.20859375 0.0078125 0.01875
1 0.57890625 0.20859375 0.0078125 0.01875
1 0.51796875 0.2203125 0.00625 0.0140625
1 0.5546875 0.21015625 0.00625 0.0125
1 0.50859375 0.22421875 0.00625 0.0140625
1 0.49375 0.22890625 0.0078125 0.0171875
1 0.47578125 0.234375 0.0078125 0.01875
1 0.453125 0.24140625 0.0078125 0.01875
1 0.43359375 0.2484375 0.0078125 0.01875
1 0.3875 0.2640625 0.009375 0.01875
1 0.40234375 0.2578125 0.0078125 0.01875
1 0.54921875 0.209375 0.0046875 0.0140625