0 0.15390625 0.3859375 0.0375 0.084375
1 0.29140625 0.28671875 0.015625 0.0390625
1 0.34609375 0.29453125 0.015625 0.04375
0 0.21484375 0.4359375 0.046875 0.1140625
1 0.39609375 0.3078125 0.015625 0.046875
1 0.465625 0.3265625 0.0203125 0.0546875
1 0.56640625 0.3625 0.028125 0.06875
1 0.65703125 0.2921875 0.0140625 0.04375
1 0.69296875 0.31484375 0.01875 0.05
1 0.7671875 0.3484375 0.0234375 0.0609375
0 0.209375 0.58125 0.0796875 0.1859375
1 0.709375 0.52734375 0.0609375 0.146875
0 0.09609375 0.35390625 0.0296875 0.06875
1 0.23984375 0.28125 0.015625 0.0390625
1 0.20390625 0.275 0.0140625 0.034375
1 0.92265625 0.40546875 0.0375 0.084375
0 0.8359375 0.32109375 0.021875 0.05
0 0.7640625 0.29609375 0.015625 0.0421875
0 0.13046875 0.2671875 0.0109375 0.0296875
0 0.26640625 0.2453125 0.009375 0.025
1 0.346875 0.24453125 0.0078125 0.0234375
1 0.2953125 0.25078125 0.009375 0.025
1 0.24453125 0.25625 0.0109375 0.0296875
1 0.61953125 0.26328125 0.009375 0.0296875
1 0.58984375 0.2546875 0.009375 0.0265625
1 0.56796875 0.24765625 0.0078125 0.025
1 0.54609375 0.24765625 0.0078125 0.0234375
1 0.5203125 0.24453125 0.00625 0.0234375
0 0.32421875 0.23984375 0.009375 0.025
0 0.378125 0.23671875 0.0078125 0.0203125
0 0.671875 0.2546875 0.009375 0.025
0 0.7046875 0.2671875 0.009375 0.0296875
0 0.628125 0.24296875 0.0078125 0.0234375
1 0.196875 0.265625 0.0125 0.0359375
0 0.575 0.2390625 0.00625 0.0203125