0 0.50390625 0.2625 0.0109375 0.025
1 0.59609375 0.27734375 0.0125 0.028125
1 0.74375 0.30625 0.0109375 0.0265625
0 0.9015625 0.35078125 0.0125 0.028125
1 0.91640625 0.3703125 0.0171875 0.0359375
1 0.628125 0.3453125 0.021875 0.0546875
0 0.26953125 0.4609375 0.065625 0.134375
0 0.45234375 0.3046875 0.0203125 0.046875
0 0.48359375 0.2765625 0.0140625 0.034375
0 0.51328125 0.25390625 0.009375 0.0203125
0 0.490625 0.23671875 0.00625 0.01875
0 0.47265625 0.23125 0.00625 0.0171875
1 0.715625 0.55546875 0.0671875 0.14375
1 0.60703125 0.29609375 0.015625 0.0359375
1 0.59296875 0.2671875 0.009375 0.0234375
1 0.5890625 0.2578125 0.009375 0.0203125
1 0.5734375 0.2484375 0.0078125 0.01875
1 0.5546875 0.2421875 0.009375 0.0203125
1 0.53671875 0.23984375 0.0078125 0.01875
1 0.5234375 0.2359375 0.00625 0.0171875
1 0.50703125 0.22890625 0.00625 0.015625
1 0.70078125 0.28828125 0.0125 0.028125
1 0.67421875 0.27734375 0.009375 0.0234375
1 0.671875 0.27109375 0.0078125 0.0203125
1 0.69296875 0.27109375 0.0078125 0.0203125
1 0.71484375 0.27265625 0.00625 0.0140625
1 0.6796875 0.26953125 0.0078125 0.0203125
0 0.7359375 0.28828125 0.0078125 0.0203125
0 0.7390625 0.29140625 0.0078125 0.0234375
0 0.76484375 0.30390625 0.009375 0.025