1 0.4921875 0.2515625 0.0078125 0.0203125
0 0.4640625 0.26640625 0.009375 0.0296875
1 0.5515625 0.2515625 0.009375 0.025
1 0.60546875 0.2484375 0.0109375 0.0265625
1 0.65546875 0.25078125 0.0125 0.034375
1 0.6984375 0.22578125 0.0109375 0.0296875
1 0.74609375 0.2375 0.0125 0.034375
0 0.7765625 0.22578125 0.009375 0.025
0 0.51015625 0.27109375 0.0109375 0.0296875
1 0.7125 0.25859375 0.015625 0.0390625
1 0.80625 0.23828125 0.0140625 0.0375
0 0.846875 0.2328125 0.0109375 0.0265625
1 0.74921875 0.26640625 0.0171875 0.0390625
1 0.90859375 0.2515625 0.0109375 0.0390625
0 0.5984375 0.30078125 0.01875 0.0515625
1 0.78203125 0.29609375 0.025 0.0640625
0 0.53125 0.34375 0.025 0.0640625
1 0.78125 0.3375 0.03125 0.0734375
0 0.45703125 0.39375 0.03125 0.084375
1 0.75703125 0.4078125 0.0484375 0.109375
1 0.815625 0.628125 0.09375 0.2296875
0 0.325 0.65234375 0.0765625 0.2015625
0 0.56875 0.26953125 0.0125 0.034375
0 0.6 0.27890625 0.0125 0.0390625
0 0.72734375 0.22265625 0.0078125 0.021875
1 0.51015625 0.2515625 0.0078125 0.0203125
0 0.67421875 0.21953125 0.00625 0.0171875
1 0.6546875 0.225 0.00625 0.021875
0 0.62734375 0.215625 0.0046875 0.0140625
1 0.62109375 0.22109375 0.00625 0.0171875
1 0.5984375 0.22109375 0.00625 0.01875
1 0.52265625 0.2234375 0.0046875 0.0140625
1 0.53515625 0.2234375 0.0046875 0.0140625
1 0.5328125 0.23359375 0.00625 0.015625
1 0.54375 0.23046875 0.0046875 0.015625
1 0.55078125 0.22578125 0.0046875 0.015625
1 0.51328125 0.2375 0.00625 0.0203125
1 0.503125 0.24296875 0.00625 0.0171875
0 0.5078125 0.23203125 0.0046875 0.0140625
0 0.5046875 0.23046875 0.0046875 0.0109375
0 0.48125 0.240625 0.00625 0.015625
0 0.4546875 0.24765625 0.0078125 0.0203125
0 0.459375 0.2328125 0.0046875 0.0125
0 0.434375 0.26015625 0.00625 0.0203125