0 0.471875 0.30859375 0.0125 0.0375
0 0.5171875 0.32578125 0.0203125 0.0546875
1 0.615625 0.271875 0.0125 0.034375
1 0.68828125 0.27265625 0.0203125 0.0484375
0 0.53203125 0.39375 0.0359375 0.0875
1 0.79375 0.29921875 0.03125 0.06875
0 0.4078125 0.3046875 0.0109375 0.0359375
0 0.36953125 0.3078125 0.009375 0.0296875
0 0.31015625 0.315625 0.009375 0.028125
0 0.25703125 0.328125 0.009375 0.03125
0 0.19296875 0.34921875 0.0109375 0.03125
0 0.08125 0.3875 0.0140625 0.0390625
1 0.05 0.38046875 0.015625 0.034375
1 0.1296875 0.35234375 0.0125 0.0296875
1 0.19453125 0.33359375 0.009375 0.025
1 0.25 0.31796875 0.0109375 0.025
1 0.30546875 0.30234375 0.009375 0.025
1 0.3640625 0.28984375 0.0078125 0.025
1 0.409375 0.28515625 0.00625 0.021875
1 0.44921875 0.2796875 0.0078125 0.0265625
1 0.50078125 0.2734375 0.009375 0.025
1 0.55234375 0.2703125 0.0109375 0.028125
1 0.5734375 0.2546875 0.0078125 0.025
1 0.53515625 0.25859375 0.0078125 0.0234375
1 0.51015625 0.25859375 0.00625 0.0203125
1 0.6234375 0.246875 0.0078125 0.025
0 0.61875 0.2390625 0.00625 0.0203125
0 0.57890625 0.24609375 0.00625 0.01875
0 0.55859375 0.24609375 0.00625 0.015625
0 0.65703125 0.2328125 0.00625 0.0203125
1 0.69609375 0.23671875 0.009375 0.028125
0 0.6984375 0.221875 0.0078125 0.021875
0 0.74609375 0.21484375 0.0078125 0.0203125
1 0.7609375 0.225 0.0109375 0.0296875
1 0.82109375 0.21640625 0.0125 0.0296875
1 0.8796875 0.21484375 0.0125 0.034375
0 0.48046875 0.5 0.0234375 0.0765625