1 0.46015625 0.240625 0.00625 0.025
0 0.3921875 0.2484375 0.0109375 0.0296875
0 0.41953125 0.25625 0.0109375 0.0265625
1 0.4671875 0.2484375 0.0078125 0.0203125
1 0.4984375 0.25703125 0.009375 0.025
1 0.54375 0.2671875 0.0109375 0.03125
1 0.5828125 0.27890625 0.0125 0.0296875
1 0.6671875 0.27734375 0.0078125 0.025
0 0.7453125 0.2953125 0.009375 0.025
0 0.459375 0.2671875 0.0109375 0.0296875
0 0.5078125 0.28046875 0.0109375 0.034375
1 0.621875 0.28828125 0.0140625 0.034375
1 0.65546875 0.30078125 0.015625 0.0375
1 0.71015625 0.2984375 0.009375 0.025
0 0.55 0.2984375 0.0140625 0.0359375
1 0.68828125 0.3203125 0.0140625 0.0390625
1 0.80625 0.3328125 0.0125 0.0359375
0 0.91875 0.35546875 0.0171875 0.0390625
0 0.57734375 0.3265625 0.0171875 0.0515625
1 0.725 0.34296875 0.0171875 0.05
0 0.57421875 0.35859375 0.021875 0.0640625
1 0.76171875 0.38671875 0.0265625 0.06875
0 0.48515625 0.40390625 0.028125 0.084375
1 0.784375 0.4515625 0.0390625 0.096875
0 0.2546875 0.49765625 0.0609375 0.153125
1 0.7859375 0.6015625 0.0640625 0.171875
1 0.8359375 0.79609375 0.0671875 0.159375
1 0.45625 0.24296875 0.00625 0.0203125
0 0.38515625 0.24375 0.00625 0.021875
0 0.40859375 0.2328125 0.0046875 0.0171875
0 0.4234375 0.23203125 0.00625 0.0140625
0 0.44609375 0.23203125 0.0046875 0.0140625
0 0.47265625 0.2328125 0.0046875 0.0140625
1 0.4765625 0.240625 0.00625 0.0203125
0 0.7078125 0.2828125 0.00625 0.0203125
0 0.6796875 0.27421875 0.00625 0.0171875
0 0.653125 0.2671875 0.00625 0.0140625
1 0.60859375 0.2578125 0.00625 0.0171875
1 0.5859375 0.25390625 0.00625 0.0203125
1 0.56484375 0.24921875 0.0046875 0.0171875
0 0.578125 0.2484375 0.0046875 0.0140625
0 0.54921875 0.24296875 0.0046875 0.0125
1 0.5421875 0.24375 0.00625 0.0140625
1 0.51875 0.240625 0.00625 0.0171875
0 0.52421875 0.2375 0.0046875 0.0140625
1 0.4953125 0.240625 0.0046875 0.0140625
0 0.81015625 0.31953125 0.009375 0.025
0 0.62890625 0.259375 0.0046875 0.0171875
0 0.60390625 0.25234375 0.0046875 0.0140625
0 0.49921875 0.23359375 0.0046875 0.0140625
0 0.38671875 0.23984375 0.0046875 0.0203125
0 0.39375 0.23515625 0.00625 0.0203125