0 0.384375 0.36953125 0.0203125 0.071875
0 0.40625 0.321875 0.0140625 0.053125
0 0.4234375 0.2921875 0.009375 0.0390625
0 0.44453125 0.2734375 0.0078125 0.03125
1 0.56640625 0.3171875 0.0140625 0.05625
1 0.53671875 0.29140625 0.0109375 0.04375
1 0.52734375 0.2734375 0.0078125 0.0359375
1 0.5390625 0.2578125 0.0078125 0.0296875
1 0.09140625 0.321875 0.0140625 0.0390625
0 0.15859375 0.32421875 0.0125 0.04375
1 0.16171875 0.29765625 0.009375 0.034375
1 0.2015625 0.2828125 0.0078125 0.0265625
0 0.215625 0.2984375 0.009375 0.03125
0 0.2578125 0.2796875 0.0046875 0.025
0 0.303125 0.26875 0.00625 0.015625
0 0.31796875 0.259375 0.0046875 0.015625
0 0.33203125 0.253125 0.003125 0.0140625
0 0.3453125 0.24921875 0.003125 0.0140625
0 0.3640625 0.24296875 0.003125 0.0140625
0 0.4671875 0.26015625 0.00625 0.021875
0 0.4734375 0.2484375 0.0046875 0.0171875
0 0.459375 0.23203125 0.003125 0.0140625
0 0.46875 0.24296875 0.0046875 0.015625
0 0.46640625 0.23125 0.0046875 0.015625
0 0.39921875 0.2359375 0.003125 0.0140625
0 0.384375 0.23984375 0.003125 0.0125
0 0.446875 0.23046875 0.003125 0.0140625
1 0.52109375 0.23515625 0.003125 0.0140625
1 0.50859375 0.22734375 0.003125 0.0140625
1 0.50078125 0.225 0.003125 0.0140625
1 0.48515625 0.225 0.003125 0.0125
0 0.4265625 0.2328125 0.003125 0.0125
1 0.37890625 0.23515625 0.003125 0.0140625
1 0.24453125 0.27421875 0.00625 0.021875
1 0.2703125 0.2578125 0.00625 0.0203125
1 0.315625 0.25 0.0046875 0.0140625
1 0.33828125 0.2453125 0.0046875 0.0140625
1 0.35546875 0.2375 0.0046875 0.0140625