1 0.14296875 0.5015625 0.0390625 0.1203125
1 0.21953125 0.51328125 0.0390625 0.1296875
1 0.26328125 0.43203125 0.0296875 0.096875
1 0.31328125 0.38046875 0.0203125 0.071875
1 0.35546875 0.35078125 0.0171875 0.0578125
0 0.37578125 0.44921875 0.025 0.10625
0 0.38984375 0.39375 0.0203125 0.071875
0 0.4265625 0.35703125 0.0171875 0.0625
0 0.4703125 0.3359375 0.0125 0.053125
0 0.49609375 0.3296875 0.0109375 0.0484375
1 0.578125 0.33984375 0.0109375 0.0609375
1 0.5875 0.36484375 0.0171875 0.071875
1 0.603125 0.4 0.021875 0.0875
1 0.6359375 0.4578125 0.0328125 0.115625
0 0.62578125 0.31640625 0.0125 0.053125
0 0.65078125 0.32421875 0.0125 0.0609375
0 0.675 0.3453125 0.0171875 0.0625
0 0.715625 0.3953125 0.0171875 0.0875
0 0.7265625 0.41640625 0.021875 0.0984375