1 0.55859375 0.234375 0.0046875 0.0203125
1 0.62265625 0.23359375 0.0078125 0.0203125
1 0.69453125 0.22578125 0.0046875 0.0171875
1 0.721875 0.228125 0.0078125 0.021875
0 0.52578125 0.26796875 0.009375 0.028125
1 0.653125 0.24765625 0.009375 0.025
1 0.6578125 0.23984375 0.0078125 0.025
1 0.76328125 0.2328125 0.0078125 0.025
0 0.88203125 0.2328125 0.009375 0.025
0 0.48984375 0.27890625 0.0109375 0.0296875
1 0.59375 0.27421875 0.0109375 0.0359375
1 0.63046875 0.26171875 0.009375 0.0296875
1 0.8640625 0.2390625 0.0125 0.0296875
0 0.4578125 0.30625 0.0140625 0.0390625
1 0.56640625 0.29453125 0.0140625 0.0421875
1 0.59453125 0.31484375 0.0203125 0.05625
0 0.4328125 0.3609375 0.021875 0.0640625
0 0.29140625 0.7203125 0.06875 0.234375
1 0.64921875 0.234375 0.00625 0.021875
1 0.66953125 0.22265625 0.00625 0.01875
0 0.809375 0.2265625 0.0078125 0.025
0 0.765625 0.22421875 0.0078125 0.0203125
0 0.7296875 0.221875 0.0046875 0.0171875
0 0.70234375 0.21953125 0.003125 0.0140625
0 0.56796875 0.2546875 0.009375 0.025
0 0.5765625 0.246875 0.0078125 0.025
0 0.5625 0.24375 0.00625 0.0203125
1 0.59375 0.23359375 0.0078125 0.0203125
1 0.53203125 0.23671875 0.0046875 0.0140625
1 0.51953125 0.2359375 0.0046875 0.0140625
0 0.52734375 0.246875 0.00625 0.0203125
0 0.4984375 0.246875 0.00625 0.0203125
1 0.6703125 0.40390625 0.03125 0.096875
1 0.528125 0.23125 0.0046875 0.0140625
1 0.553125 0.225 0.0046875 0.0140625
1 0.5625 0.221875 0.003125 0.0125
1 0.559375 0.2171875 0.003125 0.009375
1 0.56953125 0.21953125 0.003125 0.0109375
1 0.64609375 0.22109375 0.0046875 0.015625
1 0.62578125 0.21796875 0.0046875 0.0125
0 0.65234375 0.215625 0.003125 0.009375
0 0.63828125 0.21640625 0.0046875 0.0171875
0 0.6109375 0.21484375 0.0046875 0.0140625
0 0.4796875 0.24453125 0.003125 0.015625
0 0.49140625 0.23515625 0.0046875 0.0140625
0 0.4765625 0.24140625 0.003125 0.0140625
0 0.51328125 0.2296875 0.003125 0.0125
0 0.49609375 0.22421875 0.003125 0.009375
0 0.48203125 0.22578125 0.003125 0.009375
1 0.53671875 0.228125 0.0046875 0.0125
1 0.54921875 0.2171875 0.003125 0.0109375
1 0.596875 0.21328125 0.003125 0.0109375
1 0.58984375 0.2125 0.003125 0.009375
1 0.5828125 0.21171875 0.0015625 0.009375
1 0.5765625 0.21171875 0.003125 0.009375