0 0.2765625 0.57578125 0.065625 0.1546875
0 0.36484375 0.375 0.025 0.065625
0 0.3921875 0.32109375 0.015625 0.04375
0 0.4046875 0.2953125 0.0125 0.03125
0 0.4125 0.28125 0.0109375 0.0265625
0 0.4171875 0.27109375 0.009375 0.021875
1 0.59296875 0.41484375 0.0375 0.1078125
1 0.5390625 0.328125 0.021875 0.0640625
1 0.51875 0.29765625 0.015625 0.04375
1 0.50859375 0.27578125 0.0109375 0.034375
1 0.4984375 0.26484375 0.009375 0.0296875
1 0.490625 0.25546875 0.009375 0.025
1 0.48359375 0.24921875 0.00625 0.0203125
1 0.4671875 0.25 0.00625 0.0203125
0 0.08125 0.4078125 0.021875 0.0546875
0 0.22578125 0.32890625 0.0109375 0.0296875
0 0.275 0.3046875 0.009375 0.025
1 0.85859375 0.72578125 0.046875 0.1046875
1 0.4453125 0.2515625 0.00625 0.0203125
1 0.42109375 0.25546875 0.00625 0.01875
1 0.36796875 0.265625 0.00625 0.0203125
1 0.33984375 0.27265625 0.00625 0.0203125
1 0.31015625 0.28203125 0.00625 0.0171875
0 0.31953125 0.28671875 0.00625 0.0203125
0 0.35859375 0.27578125 0.0078125 0.0234375