0 0.43203125 0.29140625 0.0203125 0.04375
0 0.43984375 0.26953125 0.0171875 0.0375
0 0.478125 0.26171875 0.0140625 0.0328125
0 0.50546875 0.25546875 0.0125 0.025
0 0.41875 0.39375 0.040625 0.09375
0 0.4421875 0.31953125 0.025 0.05625
1 0.57421875 0.2921875 0.0140625 0.0359375
1 0.5875 0.33828125 0.025 0.059375
1 0.73828125 0.3171875 0.0171875 0.0390625
1 0.76875 0.35078125 0.021875 0.05
0 0.8578125 0.34296875 0.0203125 0.04375
1 0.8953125 0.43125 0.0375 0.0796875
1 0.6453125 0.38828125 0.034375 0.0765625
0 0.253125 0.5796875 0.096875 0.2046875
1 0.70546875 0.4890625 0.053125 0.11875
1 0.815625 0.82109375 0.0796875 0.1703125
0 0.54296875 0.25625 0.0109375 0.0265625
1 0.57421875 0.31015625 0.0171875 0.04375
1 0.5890625 0.28359375 0.0140625 0.034375
1 0.6125 0.27734375 0.0125 0.0296875
1 0.634375 0.275 0.0109375 0.0265625
1 0.65390625 0.27265625 0.0109375 0.025
1 0.6640625 0.2703125 0.0109375 0.025
0 0.93984375 0.384375 0.028125 0.059375
0 0.8375 0.325 0.015625 0.0375
0 0.82734375 0.31171875 0.0125 0.0296875
1 0.721875 0.30390625 0.0140625 0.034375
1 0.7171875 0.290625 0.0109375 0.0296875
1 0.715625 0.2828125 0.009375 0.021875
0 0.57734375 0.25703125 0.0109375 0.025
0 0.90859375 0.31796875 0.0125 0.028125
0 0.85625 0.30703125 0.0125 0.028125
1 0.7390625 0.28359375 0.009375 0.021875
1 0.75703125 0.278125 0.0078125 0.0203125
1 0.8453125 0.29609375 0.009375 0.0203125
1 0.8 0.28515625 0.0109375 0.025
1 0.89375 0.309375 0.0125 0.028125
1 0.64921875 0.25625 0.0078125 0.01875
0 0.59375 0.2578125 0.009375 0.0203125
0 0.95703125 0.33203125 0.0125 0.028125
1 0.93984375 0.31875 0.009375 0.025
1 0.86640625 0.29921875 0.009375 0.021875