0 0.09453125 0.340625 0.0296875 0.0734375
0 0.1890625 0.353125 0.0328125 0.0828125
1 0.2375 0.2765625 0.015625 0.04375
1 0.365625 0.29296875 0.0140625 0.0453125
0 0.1515625 0.6 0.0859375 0.2015625
0 0.24609375 0.3921875 0.0359375 0.0921875
1 0.44609375 0.30703125 0.015625 0.0515625
1 0.51796875 0.3546875 0.021875 0.0671875
1 0.57890625 0.2953125 0.0140625 0.040625
1 0.71171875 0.32890625 0.01875 0.05
1 0.790625 0.35859375 0.0234375 0.0625
1 0.59375 0.4484375 0.0375 0.1078125
1 0.75625 0.66953125 0.0890625 0.2203125
1 0.29765625 0.28359375 0.0140625 0.04375
1 0.16640625 0.27734375 0.0171875 0.046875
1 0.0890625 0.2765625 0.015625 0.04375
1 0.9171875 0.4234375 0.040625 0.0875
0 0.86484375 0.32890625 0.0171875 0.046875
0 0.76953125 0.3109375 0.0140625 0.0390625
0 0.7 0.29609375 0.0125 0.0375
1 0.646875 0.3109375 0.015625 0.046875
0 0.628125 0.28125 0.009375 0.0296875
1 0.53828125 0.28125 0.0109375 0.0375
1 0.5171875 0.26953125 0.009375 0.0296875