1 0.525 0.2421875 0.0078125 0.01875
0 0.4734375 0.253125 0.009375 0.0203125
1 0.540625 0.25625 0.009375 0.025
1 0.740625 0.20234375 0.0078125 0.0203125
1 0.821875 0.196875 0.009375 0.025
0 0.4578125 0.28671875 0.0140625 0.03125
1 0.55234375 0.2703125 0.015625 0.0359375
0 0.44453125 0.31796875 0.0171875 0.0421875
1 0.5765625 0.2953125 0.0203125 0.0453125
0 0.41640625 0.38125 0.0296875 0.06875
1 0.62265625 0.34453125 0.0328125 0.071875
0 0.34296875 0.5390625 0.0609375 0.13125
1 0.8 0.53359375 0.08125 0.1875
0 0.4671875 0.26328125 0.009375 0.021875
0 0.4890625 0.24453125 0.00625 0.015625
0 0.509375 0.23828125 0.00625 0.015625
1 0.5328125 0.2453125 0.0078125 0.0203125
1 0.7015625 0.20625 0.0078125 0.0203125
1 0.6609375 0.20703125 0.00625 0.0171875
1 0.64375 0.20625 0.00625 0.0140625
1 0.87421875 0.19453125 0.0109375 0.025
0 0.796875 0.196875 0.009375 0.0203125
0 0.85 0.19140625 0.009375 0.0203125
1 0.7828125 0.20078125 0.009375 0.0203125
1 0.56640625 0.228125 0.0078125 0.01875
1 0.54296875 0.23515625 0.0078125 0.01875
1 0.5921875 0.21640625 0.00625 0.0140625