0 0.3046875 0.46171875 0.0703125 0.1328125
0 0.42890625 0.353125 0.0359375 0.078125
0 0.49375 0.31484375 0.025 0.053125
0 0.5421875 0.29375 0.015625 0.0375
0 0.5578125 0.27890625 0.0140625 0.028125
1 0.725 0.66875 0.1046875 0.203125
1 0.6375 0.4453125 0.046875 0.1
1 0.6265625 0.36640625 0.03125 0.0640625
1 0.1203125 0.2265625 0.021875 0.04375
1 0.2015625 0.22265625 0.01875 0.034375
0 0.26015625 0.23828125 0.01875 0.0390625
1 0.27578125 0.21875 0.0125 0.025
1 0.321875 0.215625 0.0125 0.025
0 0.34140625 0.23359375 0.0140625 0.028125
1 0.64765625 0.33359375 0.0203125 0.0484375
0 0.3703125 0.2328125 0.0125 0.025
0 0.39375 0.228125 0.0109375 0.021875
0 0.415625 0.225 0.0109375 0.0234375
0 0.44140625 0.22578125 0.009375 0.021875
0 0.46640625 0.22890625 0.009375 0.021875
0 0.4859375 0.22890625 0.0078125 0.01875
1 0.35546875 0.2171875 0.0109375 0.0234375
1 0.3859375 0.21796875 0.0109375 0.0203125
1 0.65859375 0.31640625 0.0140625 0.03125
1 0.65078125 0.29453125 0.0125 0.0265625
1 0.6359375 0.28046875 0.0078125 0.01875
1 0.61328125 0.25859375 0.00625 0.0140625
1 0.603125 0.25390625 0.0078125 0.0171875
1 0.5859375 0.24921875 0.00625 0.0140625
1 0.56484375 0.2421875 0.00625 0.0140625
0 0.54140625 0.2390625 0.0078125 0.0171875
0 0.55390625 0.24375 0.0078125 0.015625
0 0.559375 0.25078125 0.0078125 0.0171875
0 0.55625 0.2671875 0.0109375 0.025
0 0.51796875 0.234375 0.009375 0.01875