1 0.71875 0.6109375 0.053125 0.190625
1 0.48515625 0.44921875 0.028125 0.103125
1 0.3890625 0.3890625 0.0171875 0.071875
1 0.3546875 0.3515625 0.015625 0.053125
1 0.38515625 0.32421875 0.0125 0.0421875
1 0.4296875 0.30625 0.009375 0.0359375
1 0.459375 0.2953125 0.0078125 0.0328125
1 0.484375 0.2859375 0.00625 0.028125
1 0.50078125 0.27890625 0.00625 0.0265625
1 0.5125 0.275 0.0046875 0.0203125
1 0.5171875 0.26875 0.003125 0.0203125
0 0.1046875 0.4125 0.025 0.06875
0 0.184375 0.3609375 0.015625 0.0515625
0 0.25625 0.33203125 0.0125 0.040625
0 0.3140625 0.3109375 0.009375 0.034375
0 0.359375 0.29765625 0.00625 0.028125
0 0.39140625 0.290625 0.00625 0.021875
0 0.41328125 0.28359375 0.00625 0.021875
0 0.43046875 0.275 0.0046875 0.01875
0 0.42421875 0.2734375 0.003125 0.01875
1 0.49375 0.2640625 0.003125 0.01875
1 0.46875 0.26171875 0.003125 0.01875
1 0.4359375 0.26015625 0.003125 0.015625
1 0.4515625 0.26015625 0.003125 0.01875
1 0.51015625 0.26484375 0.0046875 0.021875