1 0.840625 0.55703125 0.0625 0.16875
1 0.62421875 0.4125 0.0234375 0.09375
1 0.51875 0.36875 0.0171875 0.071875
1 0.42109375 0.33828125 0.0125 0.0578125
1 0.28359375 0.315625 0.0109375 0.04375
1 0.35625 0.3234375 0.009375 0.0515625
1 0.1984375 0.3140625 0.0109375 0.04375
1 0.12109375 0.31328125 0.0109375 0.040625
1 0.06875 0.3140625 0.009375 0.0390625
0 0.08125 0.396875 0.025 0.071875
0 0.1453125 0.4140625 0.0265625 0.0828125
0 0.16328125 0.4765625 0.0359375 0.115625
0 0.13828125 0.65 0.059375 0.203125