1 0.5859375 0.26640625 0.0109375 0.0203125
0 0.55390625 0.2703125 0.0140625 0.0296875
1 0.640625 0.28828125 0.0125 0.025
1 0.6921875 0.30625 0.0140625 0.028125
1 0.7375 0.32734375 0.0171875 0.034375
1 0.78671875 0.3203125 0.0140625 0.0296875
1 0.8265625 0.34921875 0.0171875 0.034375
0 0.859375 0.34921875 0.0125 0.025
0 0.5953125 0.2921875 0.0140625 0.0296875
1 0.7875 0.35546875 0.021875 0.040625
1 0.88203125 0.371875 0.01875 0.0375
0 0.92109375 0.38203125 0.0140625 0.028125
1 0.81875 0.3765625 0.0234375 0.040625
1 0.971875 0.42265625 0.0171875 0.0390625
0 0.665625 0.3515625 0.0265625 0.053125
1 0.8375 0.41640625 0.0328125 0.0640625
0 0.5875 0.36640625 0.0328125 0.0640625
1 0.821875 0.4546875 0.0390625 0.075
0 0.5 0.38515625 0.0421875 0.084375
1 0.77265625 0.5109375 0.0625 0.1109375
1 0.74453125 0.73671875 0.121875 0.2328125
0 0.28046875 0.57578125 0.1015625 0.2046875
0 0.65 0.31171875 0.0171875 0.034375
0 0.67578125 0.3328125 0.01875 0.0390625
0 0.81484375 0.328125 0.0109375 0.021875
1 0.60234375 0.2734375 0.0109375 0.0203125
0 0.76640625 0.30546875 0.009375 0.0171875
1 0.74609375 0.303125 0.009375 0.021875
0 0.72421875 0.284375 0.00625 0.0140625
1 0.71640625 0.28671875 0.009375 0.0171875
1 0.69609375 0.278125 0.0078125 0.01875
1 0.625 0.2515625 0.00625 0.0140625
1 0.63671875 0.25703125 0.00625 0.0140625
1 0.6296875 0.265625 0.0078125 0.015625
1 0.6421875 0.26640625 0.0078125 0.015625
1 0.65 0.2640625 0.0078125 0.015625
1 0.6109375 0.26171875 0.009375 0.0203125
1 0.59921875 0.2625 0.009375 0.0171875
0 0.6078125 0.2546875 0.00625 0.0140625
0 0.60546875 0.2515625 0.00625 0.0109375
0 0.5796875 0.253125 0.0078125 0.015625
0 0.553125 0.24921875 0.0109375 0.0203125
0 0.5625 0.23671875 0.00625 0.0125
0 0.52890625 0.253125 0.009375 0.0203125