0 0.4328125 0.33046875 0.0125 0.0515625
1 0.60625 0.31875 0.0109375 0.0484375
1 0.615625 0.303125 0.009375 0.0453125
1 0.66328125 0.2984375 0.0109375 0.04375
1 0.71640625 0.31171875 0.0125 0.0515625
1 0.81171875 0.35390625 0.0234375 0.0703125
0 0.23125 0.709375 0.06875 0.23125
0 0.47890625 0.29765625 0.0109375 0.0390625
1 0.6453125 0.359375 0.01875 0.0796875
1 0.72578125 0.4296875 0.0296875 0.1109375
0 0.3984375 0.3875 0.01875 0.0828125
0 0.5109375 0.28359375 0.0078125 0.034375
0 0.57109375 0.27578125 0.0078125 0.0296875
0 0.621875 0.26953125 0.009375 0.034375
0 0.68984375 0.2671875 0.009375 0.034375
0 0.73359375 0.26953125 0.009375 0.0359375
0 0.81171875 0.28203125 0.0125 0.04375
0 0.878125 0.29453125 0.0171875 0.053125