0 0.490625 0.3671875 0.0203125 0.0734375
0 0.52421875 0.31796875 0.0140625 0.053125
1 0.60703125 0.27734375 0.00625 0.0296875
1 0.6203125 0.28984375 0.0109375 0.0390625
1 0.66640625 0.3125 0.0140625 0.0484375
1 0.70234375 0.34453125 0.01875 0.0640625
1 0.77109375 0.2890625 0.0109375 0.0359375
1 0.72421875 0.41875 0.028125 0.096875
0 0.22109375 0.63984375 0.078125 0.2078125
0 0.51875 0.28671875 0.0109375 0.0390625
0 0.503125 0.27265625 0.0109375 0.034375
0 0.50078125 0.26171875 0.0078125 0.025
0 0.52578125 0.253125 0.0078125 0.025
0 0.54453125 0.24609375 0.00625 0.025
0 0.57421875 0.24453125 0.00625 0.025
1 0.60625 0.2640625 0.00625 0.0296875
1 0.61640625 0.2578125 0.00625 0.025
1 0.63671875 0.253125 0.00625 0.0265625
1 0.6546875 0.24921875 0.00625 0.021875
1 0.6734375 0.24765625 0.0046875 0.0203125
1 0.6828125 0.24375 0.003125 0.0171875
1 0.859375 0.325 0.0203125 0.0546875
0 0.9328125 0.30234375 0.0140625 0.04375
0 0.86640625 0.28125 0.0109375 0.0359375
0 0.85234375 0.271875 0.00625 0.0265625
0 0.85 0.26171875 0.0046875 0.0234375
1 0.74921875 0.27109375 0.0078125 0.0296875
1 0.7375 0.2625 0.00625 0.025
1 0.67890625 0.23828125 0.0046875 0.01875
1 0.76015625 0.24609375 0.00625 0.0203125
1 0.78125 0.24453125 0.00625 0.0203125
1 0.76640625 0.23359375 0.0046875 0.015625
1 0.7359375 0.2390625 0.0046875 0.0171875
1 0.82734375 0.24140625 0.00625 0.021875
1 0.88203125 0.24765625 0.00625 0.021875
1 0.91015625 0.24453125 0.00625 0.021875
1 0.93828125 0.2546875 0.00625 0.021875
0 0.603125 0.240625 0.0046875 0.0171875
0 0.60390625 0.2296875 0.0046875 0.015625
0 0.59765625 0.22734375 0.003125 0.0109375
0 0.61875 0.23828125 0.003125 0.0109375
0 0.625 0.2390625 0.003125 0.0125
0 0.621875 0.22578125 0.003125 0.0109375
0 0.6734375 0.221875 0.003125 0.0109375
0 0.69375 0.2234375 0.003125 0.0140625
0 0.7296875 0.228125 0.003125 0.0125
0 0.7578125 0.22890625 0.003125 0.0140625
0 0.81484375 0.23203125 0.00625 0.015625
0 0.8859375 0.25625 0.0046875 0.0171875
0 0.92734375 0.24140625 0.00625 0.0203125
0 0.94453125 0.2609375 0.00625 0.021875
1 0.65234375 0.228125 0.00625 0.0171875
1 0.67109375 0.234375 0.0046875 0.0140625
1 0.696875 0.22890625 0.003125 0.0125
1 0.87421875 0.2421875 0.00625 0.0234375