0 0.18359375 0.44921875 0.03125 0.096875
0 0.15546875 0.39765625 0.021875 0.06875
0 0.13515625 0.37421875 0.015625 0.053125
0 0.121875 0.35625 0.0125 0.04375
1 0.33203125 0.31171875 0.0125 0.0390625
1 0.3796875 0.31640625 0.0125 0.04375
0 0.215625 0.54296875 0.0484375 0.1421875
1 0.43125 0.3296875 0.0171875 0.05625
1 0.50859375 0.35 0.021875 0.0703125
1 0.6546875 0.4046875 0.0328125 0.1015625
0 0.1125 0.34375 0.009375 0.0359375
0 0.12421875 0.33203125 0.009375 0.0296875
0 0.1578125 0.31640625 0.009375 0.0296875
1 0.29140625 0.30546875 0.0109375 0.0390625
1 0.26640625 0.29921875 0.009375 0.03125
1 0.2609375 0.28984375 0.00625 0.0265625
1 0.8171875 0.309375 0.0265625 0.0734375
0 0.9203125 0.26796875 0.01875 0.0578125
0 0.80234375 0.23828125 0.0125 0.0390625
1 0.74453125 0.27265625 0.01875 0.053125
0 0.7453125 0.225 0.0078125 0.0296875
1 0.68203125 0.246875 0.0109375 0.0390625
1 0.64140625 0.23984375 0.0109375 0.034375
1 0.61328125 0.23515625 0.009375 0.03125
1 0.5875 0.23359375 0.0078125 0.0265625
1 0.55859375 0.23359375 0.00625 0.025
0 0.13203125 0.80546875 0.0359375 0.0921875
0 0.56875 0.22109375 0.00625 0.0203125
0 0.61953125 0.221875 0.00625 0.0203125
0 0.68359375 0.2203125 0.00625 0.0265625
1 0.3 0.27734375 0.0078125 0.0296875
1 0.340625 0.265625 0.0078125 0.028125
1 0.38671875 0.25703125 0.0078125 0.028125
0 0.31953125 0.2640625 0.0078125 0.021875
0 0.3671875 0.2515625 0.00625 0.0203125
0 0.2171875 0.29453125 0.0078125 0.0234375
0 0.41484375 0.24453125 0.00625 0.0203125