1 0.6984375 0.64375 0.0828125 0.1953125
1 0.49296875 0.44765625 0.0453125 0.10625
1 0.4078125 0.3734375 0.028125 0.0734375
1 0.3796875 0.33046875 0.0234375 0.05625
1 0.4140625 0.30859375 0.01875 0.04375
1 0.4609375 0.29765625 0.015625 0.0375
1 0.4921875 0.29140625 0.0125 0.034375
1 0.51796875 0.2859375 0.0109375 0.0296875
1 0.53515625 0.28203125 0.0109375 0.0265625
1 0.54765625 0.2796875 0.0078125 0.0203125
1 0.553125 0.27421875 0.00625 0.0203125
0 0.1234375 0.3515625 0.0359375 0.0734375
0 0.21015625 0.31328125 0.025 0.053125
0 0.28515625 0.29609375 0.01875 0.040625
0 0.34609375 0.284375 0.015625 0.034375
0 0.39296875 0.278125 0.0109375 0.028125
0 0.42578125 0.2765625 0.009375 0.0234375
0 0.4484375 0.27265625 0.009375 0.021875
0 0.46640625 0.2671875 0.0078125 0.0203125
0 0.4609375 0.2640625 0.00625 0.01875
1 0.53046875 0.265625 0.00625 0.0203125
1 0.50625 0.259375 0.00625 0.01875
1 0.47421875 0.253125 0.00625 0.015625
1 0.48984375 0.25546875 0.00625 0.01875
1 0.546875 0.26953125 0.0078125 0.0234375