1 0.8453125 0.76875 0.075 0.190625
1 0.709375 0.46953125 0.040625 0.1171875
1 0.6296875 0.36015625 0.021875 0.0703125
1 0.58203125 0.3140625 0.0140625 0.0484375
1 0.55546875 0.28515625 0.0125 0.0390625
0 0.34296875 0.50546875 0.0484375 0.1421875
0 0.421875 0.37578125 0.021875 0.0671875
0 0.4296875 0.3203125 0.015625 0.05
0 0.43984375 0.28984375 0.0125 0.0375
0 0.1046875 0.29453125 0.0140625 0.0390625
1 0.13671875 0.265625 0.0109375 0.0296875
0 0.175 0.2765625 0.0140625 0.0390625
1 0.21328125 0.25546875 0.009375 0.025
0 0.240625 0.2671875 0.009375 0.0296875
0 0.4453125 0.26875 0.0078125 0.0296875
0 0.43828125 0.2578125 0.0078125 0.0265625
0 0.41875 0.253125 0.00625 0.021875
0 0.38515625 0.2484375 0.00625 0.021875
0 0.33203125 0.25390625 0.00625 0.025
0 0.2953125 0.25859375 0.0078125 0.0265625
1 0.52734375 0.2671875 0.0078125 0.025
1 0.51171875 0.25546875 0.0078125 0.0203125
1 0.4875 0.24921875 0.00625 0.0203125
1 0.45703125 0.24453125 0.0046875 0.015625
1 0.42578125 0.24375 0.0046875 0.015625
1 0.390625 0.2421875 0.00625 0.0203125
1 0.34765625 0.2421875 0.00625 0.0203125
1 0.30625 0.2453125 0.0078125 0.021875
1 0.2578125 0.24921875 0.0078125 0.0234375