1 0.584375 0.27421875 0.0078125 0.0265625
0 0.48515625 0.27421875 0.00625 0.0296875
0 0.47265625 0.30078125 0.009375 0.040625
1 0.5953125 0.3015625 0.0140625 0.04375
0 0.45 0.33671875 0.015625 0.05625
1 0.61875 0.34609375 0.01875 0.0640625
1 0.6671875 0.41953125 0.03125 0.0953125
0 0.3453125 0.49765625 0.0375 0.128125
1 0.75703125 0.5625 0.0609375 0.16875
0 0.49765625 0.26171875 0.00625 0.025
0 0.51015625 0.25546875 0.00625 0.0234375
0 0.53984375 0.246875 0.0046875 0.0203125
1 0.5828125 0.2640625 0.00625 0.0296875
1 0.59609375 0.2546875 0.0046875 0.025
0 0.55859375 0.24296875 0.0046875 0.021875
0 0.58984375 0.23984375 0.0046875 0.0203125
0 0.6171875 0.23828125 0.0046875 0.0203125
1 0.6140625 0.24921875 0.0046875 0.025
1 0.63984375 0.24609375 0.00625 0.0265625
0 0.64765625 0.23828125 0.0046875 0.01875
0 0.6828125 0.24140625 0.0046875 0.021875
1 0.66953125 0.24765625 0.0046875 0.025
1 0.690625 0.24921875 0.0046875 0.025
0 0.71875 0.2453125 0.0046875 0.021875
1 0.72421875 0.25234375 0.00625 0.0234375
1 0.88671875 0.27578125 0.009375 0.0359375
1 0.81171875 0.2640625 0.0078125 0.028125
0 0.75859375 0.24921875 0.00625 0.025
1 0.76640625 0.25703125 0.00625 0.0234375
0 0.80234375 0.25078125 0.00625 0.0234375
0 0.8546875 0.25703125 0.0078125 0.0265625
0 0.8953125 0.26640625 0.00625 0.0234375