0 0.30859375 0.5546875 0.06875 0.1328125
0 0.36953125 0.4015625 0.0359375 0.078125
0 0.41015625 0.3375 0.0234375 0.053125
0 0.44453125 0.296875 0.015625 0.0375
0 0.45078125 0.27734375 0.0125 0.028125
1 0.77734375 0.5484375 0.1015625 0.203125
1 0.59765625 0.38828125 0.0453125 0.1
1 0.55234375 0.3234375 0.0296875 0.0640625
1 0.0375 0.42890625 0.0203125 0.04375
1 0.1078125 0.38828125 0.0171875 0.034375
0 0.1671875 0.37578125 0.01875 0.0390625
1 0.171875 0.3515625 0.0125 0.025
1 0.2125 0.32734375 0.0125 0.025
0 0.2375 0.334375 0.0140625 0.028125
1 0.55625 0.28515625 0.01875 0.0484375
0 0.26328125 0.3203125 0.0109375 0.025
0 0.28203125 0.30546875 0.0109375 0.021875
0 0.3 0.29375 0.0109375 0.0234375
0 0.3234375 0.2828125 0.009375 0.021875
0 0.346875 0.27421875 0.009375 0.021875
0 0.36484375 0.26484375 0.0078125 0.01875
1 0.24296875 0.31328125 0.0109375 0.0234375
1 0.2703125 0.30078125 0.009375 0.0203125
1 0.5578125 0.26484375 0.0125 0.03125
1 0.54140625 0.2484375 0.0125 0.0265625
1 0.521875 0.2421875 0.0078125 0.01875
1 0.49140625 0.23359375 0.00625 0.0140625
1 0.48046875 0.23359375 0.0078125 0.0171875
1 0.4625 0.2375 0.00625 0.0140625
1 0.440625 0.240625 0.00625 0.0140625
0 0.41875 0.2484375 0.0078125 0.0171875
0 0.43203125 0.246875 0.0078125 0.015625
0 0.43984375 0.25078125 0.0078125 0.0171875
0 0.44453125 0.26640625 0.0109375 0.025
0 0.3953125 0.25546875 0.009375 0.01875