0 0.6359375 0.2578125 0.0171875 0.0421875
0 0.7140625 0.23828125 0.0171875 0.0375
0 0.57890625 0.28203125 0.01875 0.04375
0 0.52734375 0.30859375 0.021875 0.05
1 0.8109375 0.28671875 0.034375 0.075
1 0.88125 0.27421875 0.0359375 0.075
0 0.45703125 0.3609375 0.028125 0.0640625
1 0.7328125 0.31171875 0.0359375 0.0765625
0 0.40390625 0.428125 0.034375 0.0765625
1 0.684375 0.359375 0.0375 0.0890625
1 0.7234375 0.46640625 0.0625 0.1390625
0 0.8078125 0.2265625 0.021875 0.0515625
0 0.1796875 0.8265625 0.06875 0.15