0 0.2 0.7984375 0.0625 0.115625
0 0.57578125 0.8296875 0.0640625 0.109375
0 0.78984375 0.79375 0.04375 0.0828125
0 0.85 0.75859375 0.0328125 0.065625
0 0.87265625 0.7296875 0.0328125 0.05625
0 0.8671875 0.7 0.025 0.05
0 0.85703125 0.67890625 0.025 0.0453125
0 0.85 0.65859375 0.021875 0.0421875
0 0.86796875 0.63671875 0.0171875 0.034375
0 0.88828125 0.628125 0.0171875 0.03125
0 0.90078125 0.6171875 0.015625 0.034375
0 0.85546875 0.59609375 0.0125 0.025
0 0.8046875 0.58203125 0.0125 0.021875
1 0.23203125 0.67578125 0.05 0.084375
1 0.4234375 0.50078125 0.0140625 0.028125
1 0.35234375 0.48515625 0.0140625 0.021875
1 0.2765625 0.46875 0.0140625 0.0234375
0 0.47578125 0.50625 0.0125 0.021875
0 0.39921875 0.48984375 0.0125 0.0234375
0 0.33203125 0.47578125 0.0109375 0.021875
0 0.24921875 0.45625 0.0109375 0.0203125
0 0.16328125 0.43828125 0.0109375 0.0203125
1 0.20078125 0.45078125 0.015625 0.0265625
1 0.1125 0.43125 0.0140625 0.025
0 0.07890625 0.4203125 0.0109375 0.0203125
0 0.72734375 0.5609375 0.0109375 0.0203125
1 0.04140625 0.415625 0.0125 0.025
1 0.69609375 0.596875 0.0203125 0.0375
1 0.69375 0.56328125 0.0125 0.025
1 0.70546875 0.58515625 0.0171875 0.0328125
1 0.72265625 0.58203125 0.015625 0.028125
1 0.71484375 0.5703125 0.0125 0.025
1 0.71953125 0.575 0.0125 0.0265625