1 0.24765625 0.6171875 0.08125 0.1390625
1 0.1671875 0.5 0.0296875 0.053125
1 0.08359375 0.48359375 0.0296875 0.05
1 0.021875 0.4734375 0.0328125 0.046875
1 0.5984375 0.67890625 0.0984375 0.14375
1 0.85390625 0.61015625 0.03125 0.0515625
1 0.81328125 0.56484375 0.0171875 0.0234375
1 0.7703125 0.56796875 0.0203125 0.028125
1 0.46328125 0.51171875 0.0171875 0.0234375
1 0.44609375 0.51328125 0.01875 0.0265625
0 0.05234375 0.528125 0.0546875 0.0890625
0 0.00703125 0.51015625 0.0140625 0.0765625
0 0.0609375 0.48828125 0.0328125 0.05
0 0.14453125 0.50390625 0.0328125 0.0578125
0 0.80546875 0.6125 0.03125 0.05625