0 0.8625 0.715625 0.065625 0.1
0 0.7453125 0.55703125 0.0125 0.021875
0 0.62265625 0.5453125 0.015625 0.028125
0 0.62890625 0.51796875 0.0078125 0.0140625
0 0.015625 0.4046875 0.0125 0.0203125
0 0.096875 0.41328125 0.009375 0.0171875
0 0.2421875 0.4375 0.00625 0.0140625
0 0.34765625 0.45625 0.00625 0.0109375
1 0.08203125 0.43046875 0.0125 0.025
1 0.13828125 0.4296875 0.0125 0.0203125
1 0.215625 0.4375 0.009375 0.0171875
1 0.328125 0.45625 0.0078125 0.0125
1 0.6109375 0.5265625 0.009375 0.0203125