0 0.915625 0.48515625 0.0109375 0.0125
0 0.12578125 0.309375 0.0078125 0.0109375
0 0.68046875 0.4328125 0.0078125 0.0125
0 0.5734375 0.40859375 0.0078125 0.0109375
1 0.66328125 0.43125 0.0109375 0.0140625
0 0.47890625 0.38671875 0.0078125 0.0109375
1 0.2515625 0.3390625 0.0078125 0.0125
1 0.29375 0.38515625 0.0203125 0.0296875
1 0.1875 0.3515625 0.0171875 0.025
1 0.33984375 0.41328125 0.0265625 0.0359375
1 0.36640625 0.45546875 0.0421875 0.0546875
1 0.45703125 0.58046875 0.078125 0.1046875
1 0.16015625 0.31796875 0.009375 0.0140625
0 0.31875 0.3515625 0.0078125 0.0125
1 0.33671875 0.3578125 0.009375 0.0125
0 0.38984375 0.3671875 0.0078125 0.0125
1 0.440625 0.38125 0.009375 0.0125
1 0.5359375 0.403125 0.0109375 0.0140625
0 0.79375 0.4578125 0.00625 0.0109375
1 0.790625 0.459375 0.0109375 0.015625
1 0.9234375 0.48984375 0.0078125 0.0140625