0 0.8953125 0.36171875 0.00625 0.0140625
0 0.77578125 0.36875 0.00625 0.0125
0 0.68125 0.375 0.0078125 0.0109375
0 0.590625 0.38125 0.00625 0.0109375
1 0.8015625 0.37265625 0.0078125 0.0125
1 0.67109375 0.3796875 0.0078125 0.0125
0 0.503125 0.3890625 0.00625 0.0109375
1 0.56796875 0.38671875 0.0078125 0.0125
0 0.40390625 0.39609375 0.0078125 0.0109375
1 0.4625 0.3953125 0.0078125 0.0125
0 0.29453125 0.40546875 0.0078125 0.0125
1 0.3515625 0.4046875 0.0078125 0.0125
0 0.20078125 0.415625 0.0078125 0.0125
1 0.29140625 0.4125 0.0078125 0.015625
1 0.290625 0.415625 0.009375 0.015625
0 0.13359375 0.4234375 0.0078125 0.0140625
1 0.3453125 0.41640625 0.0109375 0.01875
0 0.11328125 0.43203125 0.0109375 0.015625
1 0.4203125 0.41796875 0.0140625 0.021875
0 0.1453125 0.43359375 0.0125 0.01875
1 0.49296875 0.42265625 0.01875 0.0265625
0 0.19453125 0.43828125 0.0109375 0.021875
0 0.2015625 0.4515625 0.0171875 0.0296875
1 0.5234375 0.4375 0.021875 0.0328125
0 0.09921875 0.48203125 0.025 0.0359375
1 0.4796875 0.47578125 0.0328125 0.046875
1 0.51015625 0.59140625 0.0734375 0.103125