0 0.89609375 0.37109375 0.0078125 0.0125
0 0.0875 0.41953125 0.00625 0.0109375
0 0.6546875 0.3859375 0.00625 0.0109375
0 0.5453125 0.3921875 0.00625 0.009375
1 0.6375 0.3890625 0.0078125 0.0140625
0 0.4484375 0.396875 0.00625 0.0109375
1 0.2171875 0.4140625 0.00625 0.0125
1 0.26953125 0.44609375 0.015625 0.0265625
1 0.15859375 0.44296875 0.0125 0.021875
1 0.321875 0.4609375 0.0203125 0.0328125
1 0.359375 0.49375 0.0328125 0.05
1 0.48125 0.5890625 0.0609375 0.0953125
1 0.1234375 0.41875 0.0078125 0.0125
0 0.28515625 0.4078125 0.00625 0.0109375
1 0.30390625 0.40859375 0.0078125 0.0125
0 0.3578125 0.40234375 0.00625 0.0109375
1 0.41015625 0.40234375 0.00625 0.0125
1 0.5078125 0.396875 0.0078125 0.0125
0 0.77109375 0.37890625 0.003125 0.0109375
1 0.76796875 0.38125 0.0078125 0.0140625
1 0.9046875 0.3734375 0.00625 0.0125