0 0.87265625 0.36953125 0.00625 0.009375
0 0.78984375 0.37109375 0.00625 0.0078125
1 0.9 0.371875 0.0078125 0.0125
1 0.81875 0.3734375 0.0078125 0.0109375
0 0.7140625 0.37421875 0.00625 0.0078125
1 0.7421875 0.37578125 0.00625 0.0109375
0 0.63828125 0.37890625 0.0046875 0.009375
1 0.68984375 0.378125 0.00625 0.0109375
0 0.5875 0.38125 0.00625 0.009375
1 0.64140625 0.38125 0.00625 0.0125
0 0.5203125 0.3859375 0.00625 0.0109375
1 0.56875 0.3859375 0.0078125 0.0125
0 0.434375 0.38984375 0.0078125 0.0109375
1 0.49140625 0.390625 0.0078125 0.0125
0 0.33984375 0.3953125 0.0078125 0.0109375
0 0.25078125 0.3984375 0.0078125 0.0109375
1 0.3859375 0.396875 0.0078125 0.0125
1 0.2671875 0.40078125 0.0078125 0.0140625
0 0.15078125 0.40234375 0.00625 0.0109375
1 0.12578125 0.40703125 0.009375 0.0125
1 0.2375 0.6390625 0.0828125 0.1171875