0 0.66953125 0.35078125 0.009375 0.0171875
0 0.54609375 0.34296875 0.0109375 0.015625
0 0.80078125 0.3609375 0.009375 0.0171875
0 0.4234375 0.3359375 0.0109375 0.015625
0 0.2796875 0.328125 0.0109375 0.0171875
1 0.69140625 0.3609375 0.0125 0.01875
0 0.11171875 0.32109375 0.0109375 0.01875
1 0.5375 0.35 0.0125 0.01875
1 0.8875 0.3765625 0.0140625 0.0203125
1 0.3828125 0.34140625 0.0140625 0.0203125
1 0.20859375 0.334375 0.0171875 0.021875
1 0.10703125 0.33671875 0.0140625 0.025
1 0.10234375 0.346875 0.0234375 0.03125
1 0.21796875 0.36796875 0.025 0.0359375
1 0.409375 0.409375 0.034375 0.0484375
1 0.68203125 0.478125 0.0515625 0.0703125