0 0.88828125 0.35703125 0.0046875 0.009375
0 0.8046875 0.3609375 0.00625 0.0078125
0 0.728125 0.365625 0.003125 0.0078125
1 0.75078125 0.3671875 0.00625 0.0109375
1 0.82265625 0.36328125 0.00625 0.0109375
0 0.65703125 0.37109375 0.00625 0.0078125
1 0.87421875 0.36171875 0.0078125 0.0125
1 0.88984375 0.3625 0.00625 0.0125
1 0.67890625 0.371875 0.00625 0.009375
0 0.58359375 0.37734375 0.00625 0.009375
1 0.628125 0.37578125 0.00625 0.0109375
0 0.53203125 0.3828125 0.00625 0.009375
1 0.57890625 0.38046875 0.00625 0.0109375
1 0.89375 0.36640625 0.00625 0.0140625
0 0.4671875 0.3890625 0.00625 0.0109375
1 0.5078125 0.38828125 0.00625 0.0125
1 0.89765625 0.371875 0.0109375 0.015625
0 0.38125 0.396875 0.00625 0.0109375
1 0.43203125 0.3953125 0.0078125 0.0125
0 0.28984375 0.40390625 0.0078125 0.009375
0 0.20625 0.409375 0.00625 0.0109375
1 0.3296875 0.40390625 0.0078125 0.0125
0 0.1109375 0.41796875 0.0078125 0.0109375
1 0.2171875 0.41328125 0.0078125 0.0125
1 0.08125 0.42421875 0.0078125 0.0125
1 0.51171875 0.7421875 0.1203125 0.175