0 0.88515625 0.32421875 0.00625 0.009375
0 0.77265625 0.3546875 0.009375 0.015625
0 0.68203125 0.378125 0.0109375 0.0171875
0 0.61484375 0.39453125 0.0125 0.0203125
1 0.81796875 0.36015625 0.0140625 0.01875
1 0.7703125 0.37421875 0.015625 0.0234375
0 0.534375 0.4171875 0.015625 0.0234375
1 0.70703125 0.3953125 0.01875 0.0296875
0 0.73828125 0.3640625 0.009375 0.015625
0 0.8078125 0.3453125 0.009375 0.0140625
0 0.82890625 0.33984375 0.0078125 0.0125
0 0.8484375 0.334375 0.0078125 0.0109375
1 0.85625 0.3484375 0.0109375 0.01875
0 0.8671875 0.328125 0.0078125 0.0109375
1 0.8828125 0.33984375 0.009375 0.015625