0 0.65703125 0.34296875 0.00625 0.009375
0 0.48984375 0.32890625 0.00625 0.009375
0 0.5671875 0.3359375 0.00625 0.009375
0 0.7578125 0.353125 0.0078125 0.0109375
0 0.42734375 0.325 0.0078125 0.0109375
1 0.5796875 0.3390625 0.00625 0.009375
1 0.68203125 0.3484375 0.0078125 0.0109375
0 0.85 0.3625 0.00625 0.0109375
1 0.79375 0.359375 0.0078125 0.0125
0 0.3796875 0.32421875 0.0078125 0.0109375
1 0.5046875 0.33515625 0.0078125 0.0109375
1 0.89375 0.3703125 0.00625 0.0125
0 0.36953125 0.32578125 0.0078125 0.0125
1 0.5328125 0.3421875 0.009375 0.0125
0 0.38828125 0.33125 0.009375 0.0125
0 0.41875 0.3375 0.009375 0.015625
1 0.5859375 0.35234375 0.009375 0.015625
1 0.6484375 0.36171875 0.0109375 0.0171875
0 0.490625 0.34921875 0.0109375 0.01875
1 0.715625 0.371875 0.0140625 0.021875
0 0.59140625 0.36640625 0.0140625 0.021875
1 0.84453125 0.39453125 0.01875 0.025
0 0.64140625 0.38125 0.015625 0.0265625
0 0.65078125 0.4 0.021875 0.034375
0 0.5640625 0.42109375 0.0328125 0.046875
0 0.30546875 0.46875 0.053125 0.078125