1 0.31953125 0.4625 0.009375 0.0140625
1 0.35625 0.46640625 0.009375 0.0171875
1 0.40546875 0.4703125 0.009375 0.01875
1 0.46015625 0.4765625 0.009375 0.015625
1 0.53359375 0.48515625 0.009375 0.0171875
1 0.5921875 0.49453125 0.0125 0.0203125
0 0.346875 0.47890625 0.0109375 0.0203125
0 0.42421875 0.4875 0.0109375 0.021875
1 0.665625 0.5109375 0.015625 0.0265625
0 0.4625 0.5015625 0.0140625 0.0265625
1 0.79140625 0.53984375 0.021875 0.0359375
0 0.4859375 0.51875 0.0109375 0.03125
0 0.48046875 0.5328125 0.01875 0.040625
0 0.41640625 0.553125 0.028125 0.0546875
0 0.2828125 0.57578125 0.040625 0.0703125
0 0.10703125 0.6125 0.05625 0.0921875
1 0.2609375 0.4578125 0.009375 0.015625
1 0.228125 0.4546875 0.0078125 0.015625
0 0.2328125 0.46640625 0.009375 0.0171875
1 0.1859375 0.45 0.009375 0.0140625
1 0.14921875 0.44609375 0.009375 0.0140625
0 0.13828125 0.45546875 0.009375 0.015625
1 0.1140625 0.44140625 0.009375 0.0140625