0 0.9078125 0.40390625 0.00625 0.0140625
0 0.7875 0.3984375 0.00625 0.0125
0 0.69296875 0.39453125 0.0078125 0.0109375
0 0.60234375 0.39140625 0.00625 0.0109375
1 0.81328125 0.4046875 0.0078125 0.0125
1 0.6828125 0.3984375 0.0078125 0.0125
0 0.5140625 0.38984375 0.00625 0.0109375
1 0.57890625 0.39453125 0.0078125 0.0125
0 0.41484375 0.38671875 0.0078125 0.0109375
1 0.4734375 0.3921875 0.0078125 0.0125
0 0.30546875 0.384375 0.0078125 0.0125
1 0.3625 0.38984375 0.0078125 0.0125
0 0.2109375 0.384375 0.0078125 0.0125
1 0.3015625 0.39140625 0.0078125 0.015625
1 0.30078125 0.39375 0.009375 0.015625
0 0.14375 0.3859375 0.0078125 0.0140625
1 0.3546875 0.40078125 0.0109375 0.01875
0 0.12265625 0.3921875 0.0109375 0.015625
1 0.4296875 0.41015625 0.0140625 0.021875
0 0.15390625 0.396875 0.0125 0.01875
1 0.50078125 0.42265625 0.01875 0.0265625
0 0.203125 0.40703125 0.0109375 0.021875
0 0.20859375 0.4203125 0.0171875 0.0296875
1 0.5296875 0.440625 0.021875 0.0328125
0 0.103125 0.43984375 0.025 0.0359375
1 0.4828125 0.47421875 0.0328125 0.046875
1 0.50078125 0.5921875 0.0734375 0.103125