0 0.34921875 0.29453125 0.0078125 0.0109375
0 0.26328125 0.278125 0.009375 0.0109375
0 0.44609375 0.31640625 0.0078125 0.009375
1 0.3625 0.3 0.009375 0.0125
0 0.54765625 0.33828125 0.0078125 0.0109375
0 0.63984375 0.3578125 0.0078125 0.0109375
0 0.1890625 0.26328125 0.009375 0.0109375
1 0.471875 0.32421875 0.009375 0.0125
1 0.58515625 0.3484375 0.0078125 0.0125
0 0.75078125 0.3828125 0.009375 0.0125
0 0.834375 0.403125 0.009375 0.0125
1 0.278125 0.28515625 0.009375 0.0140625
1 0.778125 0.39296875 0.0109375 0.0140625
0 0.13046875 0.2546875 0.009375 0.0125
1 0.90703125 0.42265625 0.0125 0.0171875
1 0.30703125 0.2984375 0.0125 0.0171875
0 0.13359375 0.2640625 0.0125 0.0171875
1 0.365625 0.31640625 0.0125 0.01875
0 0.165625 0.27734375 0.0140625 0.0203125
1 0.43359375 0.3359375 0.015625 0.0203125
0 0.25 0.3015625 0.015625 0.021875
1 0.50859375 0.35703125 0.0171875 0.021875
0 0.36640625 0.33671875 0.01875 0.0265625
1 0.65078125 0.4 0.021875 0.0296875
0 0.42265625 0.36171875 0.025 0.0328125
1 0.81171875 0.45859375 0.0296875 0.040625
0 0.43046875 0.39375 0.0328125 0.046875
0 0.29921875 0.425 0.0578125 0.075