1 0.6234375 0.31171875 0.0109375 0.0171875
1 0.56875 0.3109375 0.0078125 0.0140625
1 0.66484375 0.3125 0.0140625 0.0203125
1 0.7171875 0.3140625 0.01875 0.0234375
0 0.7453125 0.28984375 0.0125 0.015625
0 0.88203125 0.28359375 0.0109375 0.021875
0 0.80859375 0.2875 0.0140625 0.0203125
1 0.79375 0.31328125 0.021875 0.03125
0 0.69765625 0.29296875 0.009375 0.0140625
0 0.66171875 0.2953125 0.0078125 0.0109375
0 0.634375 0.296875 0.0078125 0.0125
0 0.61640625 0.2984375 0.00625 0.0109375
0 0.6015625 0.2984375 0.0046875 0.009375
1 0.59296875 0.3125 0.009375 0.0140625
1 0.55234375 0.3109375 0.0078125 0.0109375
1 0.540625 0.31015625 0.0078125 0.0109375
1 0.5328125 0.3109375 0.00625 0.009375
0 0.584375 0.3 0.00625 0.009375
0 0.5734375 0.30078125 0.0046875 0.0078125
0 0.56015625 0.3015625 0.0046875 0.0078125
0 0.5515625 0.3015625 0.00625 0.0078125
0 0.54375 0.30234375 0.0046875 0.0078125
1 0.52109375 0.31171875 0.00625 0.0078125
1 0.5125 0.3109375 0.0046875 0.0078125
1 0.50546875 0.3109375 0.0046875 0.0078125
1 0.5 0.31015625 0.0046875 0.00625
1 0.4953125 0.31015625 0.0046875 0.00625