1 0.1109375 0.38125 0.0109375 0.0171875
1 0.14140625 0.38984375 0.0109375 0.0171875
1 0.16015625 0.396875 0.009375 0.0171875
1 0.171875 0.40390625 0.0125 0.01875
1 0.1609375 0.40625 0.0140625 0.0203125
1 0.13671875 0.4078125 0.01875 0.0265625
1 0.15078125 0.4171875 0.021875 0.0296875
1 0.19296875 0.4328125 0.021875 0.03125
1 0.296875 0.46484375 0.021875 0.034375
1 0.2234375 0.44609375 0.025 0.034375
1 0.39453125 0.4890625 0.0234375 0.034375
1 0.47421875 0.521875 0.0265625 0.0390625
1 0.57109375 0.5796875 0.040625 0.0578125
1 0.7078125 0.69453125 0.075 0.103125