0 0.2171875 0.5953125 0.0125 0.0203125
1 0.23359375 0.59375 0.015625 0.0234375
1 0.36171875 0.571875 0.0125 0.0203125
0 0.37421875 0.56875 0.0109375 0.01875
1 0.48125 0.55234375 0.015625 0.0234375
0 0.51953125 0.54609375 0.0125 0.01875
1 0.5953125 0.53671875 0.0140625 0.021875
1 0.6359375 0.5234375 0.0078125 0.0125
0 0.671875 0.51875 0.009375 0.0125
0 0.66484375 0.5234375 0.0109375 0.01875
1 0.70390625 0.51875 0.0171875 0.0265625
0 0.8203125 0.5015625 0.0171875 0.0265625
1 0.8078125 0.5140625 0.0234375 0.034375
1 0.88125 0.51875 0.0171875 0.0421875
1 0.875 0.5390625 0.034375 0.065625
1 0.61328125 0.60390625 0.0578125 0.0953125