0 0.84453125 0.32734375 0.0046875 0.0078125
0 0.7671875 0.3375 0.00625 0.0078125
1 0.8828125 0.325 0.00625 0.009375
1 0.7984375 0.3359375 0.00625 0.009375
0 0.7 0.34765625 0.0046875 0.0078125
1 0.70625 0.34921875 0.00625 0.0078125
0 0.590625 0.3671875 0.0046875 0.00625
0 0.6328125 0.35859375 0.0046875 0.00625
1 0.66328125 0.35859375 0.00625 0.009375
0 0.5609375 0.371875 0.00625 0.009375
1 0.6296875 0.365625 0.00625 0.0109375
0 0.5359375 0.378125 0.00625 0.009375
1 0.6171875 0.36953125 0.0078125 0.0125
1 0.59375 0.3765625 0.009375 0.0140625
0 0.51796875 0.384375 0.00625 0.009375
0 0.48984375 0.3921875 0.0078125 0.0125
1 0.5421875 0.38828125 0.009375 0.015625
0 0.4203125 0.40390625 0.009375 0.015625
0 0.31171875 0.42421875 0.009375 0.015625
1 0.44140625 0.409375 0.0125 0.01875
0 0.1765625 0.44609375 0.0109375 0.0171875
1 0.28984375 0.4359375 0.0125 0.01875
1 0.103125 0.46796875 0.0140625 0.0203125
1 0.6078125 0.68671875 0.1 0.1578125