1 0.32265625 0.45 0.009375 0.015625
1 0.35859375 0.45625 0.009375 0.01875
1 0.4078125 0.4640625 0.0109375 0.01875
1 0.46171875 0.47421875 0.0109375 0.015625
1 0.53515625 0.4875 0.0109375 0.01875
1 0.5921875 0.50078125 0.0140625 0.021875
0 0.34921875 0.46875 0.0125 0.021875
0 0.425 0.48203125 0.0125 0.0234375
1 0.6640625 0.52265625 0.0171875 0.0265625
0 0.4625 0.4984375 0.015625 0.0265625
1 0.78828125 0.56015625 0.025 0.0375
0 0.48515625 0.51796875 0.0125 0.0328125
0 0.478125 0.53203125 0.0203125 0.040625
0 0.41328125 0.546875 0.0328125 0.05625
0 0.27734375 0.56015625 0.0453125 0.071875
0 0.1 0.58515625 0.0625 0.0953125
1 0.26484375 0.440625 0.009375 0.0171875
1 0.23203125 0.43515625 0.009375 0.015625
0 0.2359375 0.44765625 0.0109375 0.01875
1 0.190625 0.428125 0.0109375 0.015625
1 0.15390625 0.421875 0.0109375 0.015625
0 0.1421875 0.4296875 0.009375 0.015625
1 0.11875 0.41484375 0.0109375 0.015625