0 0.584375 0.346875 0.00625 0.009375
0 0.525 0.334375 0.0078125 0.0109375
0 0.659375 0.36328125 0.0078125 0.009375
0 0.746875 0.38515625 0.0078125 0.0109375
1 0.6703125 0.3703125 0.0078125 0.0109375
0 0.4796875 0.32734375 0.0078125 0.0125
1 0.5984375 0.3546875 0.009375 0.0125
1 0.7703125 0.39296875 0.009375 0.0125
0 0.84453125 0.409375 0.0078125 0.009375
1 0.8796875 0.42109375 0.009375 0.0125
0 0.4703125 0.32734375 0.0109375 0.0125
1 0.62421875 0.365625 0.0109375 0.0140625
0 0.4875 0.334375 0.0109375 0.0140625
1 0.6734375 0.38203125 0.0109375 0.015625
0 0.51484375 0.34453125 0.0109375 0.0140625
1 0.7328125 0.4 0.0140625 0.01875
0 0.58203125 0.36640625 0.0140625 0.01875
1 0.79609375 0.4203125 0.015625 0.0203125
0 0.67578125 0.39609375 0.015625 0.021875
1 0.91640625 0.459375 0.021875 0.0265625
0 0.71875 0.415625 0.0171875 0.025
0 0.725 0.434375 0.0265625 0.034375
0 0.63828125 0.43828125 0.034375 0.046875
0 0.4125 0.43828125 0.053125 0.0703125