0 0.8046875 0.3234375 0.00625 0.0109375
0 0.7078125 0.32578125 0.0078125 0.0109375
0 0.6 0.32890625 0.0046875 0.0109375
0 0.52578125 0.33203125 0.00625 0.0125
1 0.7796875 0.328125 0.0078125 0.0140625
1 0.88671875 0.32578125 0.0078125 0.0140625
1 0.6796875 0.33203125 0.0078125 0.0140625
0 0.46015625 0.3375 0.0078125 0.0140625
1 0.60234375 0.33671875 0.0078125 0.0140625
0 0.41796875 0.34375 0.009375 0.0171875
1 0.57421875 0.340625 0.009375 0.0171875
0 0.40078125 0.35 0.0109375 0.01875
1 0.58359375 0.34765625 0.0109375 0.01875
0 0.3796875 0.3625 0.0140625 0.0234375
1 0.5984375 0.359375 0.0140625 0.0234375
0 0.34140625 0.3828125 0.0171875 0.03125
1 0.63203125 0.37734375 0.0203125 0.0328125
0 0.278125 0.41640625 0.0265625 0.04375
1 0.709375 0.41640625 0.0328125 0.0484375
0 0.140625 0.49453125 0.05625 0.078125
1 0.859375 0.5 0.0640625 0.0859375