1 0.68203125 0.36796875 0.0109375 0.0171875
1 0.63203125 0.3484375 0.0078125 0.0140625
1 0.721875 0.38359375 0.0140625 0.0203125
1 0.76953125 0.4046875 0.01875 0.025
0 0.8046875 0.3921875 0.0125 0.015625
0 0.934375 0.43515625 0.0109375 0.021875
0 0.8640625 0.4125 0.0140625 0.0203125
1 0.84140625 0.43125 0.021875 0.03125
0 0.75859375 0.37734375 0.009375 0.0140625
0 0.72421875 0.3671875 0.0078125 0.0109375
0 0.69765625 0.35859375 0.0078125 0.0125
0 0.68046875 0.35390625 0.0078125 0.0109375
0 0.6671875 0.3484375 0.00625 0.009375
1 0.65390625 0.3578125 0.009375 0.0140625
1 0.61640625 0.3421875 0.0078125 0.0109375
1 0.60546875 0.3375 0.0078125 0.0109375
1 0.5984375 0.33515625 0.00625 0.009375
0 0.65078125 0.34375 0.00625 0.009375
0 0.63984375 0.33984375 0.0046875 0.0078125
0 0.62734375 0.3359375 0.0046875 0.0078125
0 0.61953125 0.3328125 0.00625 0.0078125
0 0.61171875 0.33125 0.0046875 0.0078125
1 0.58671875 0.33125 0.00625 0.0078125
1 0.5796875 0.32734375 0.0046875 0.0078125
1 0.57265625 0.32578125 0.0046875 0.0078125
1 0.56796875 0.32265625 0.0046875 0.00625
1 0.56328125 0.32109375 0.0046875 0.00625