0 0.69375 0.32421875 0.00625 0.0109375
0 0.7875 0.32109375 0.00625 0.009375
0 0.5890625 0.3296875 0.00625 0.0109375
0 0.8953125 0.31796875 0.0078125 0.0109375
0 0.51640625 0.334375 0.0078125 0.0125
1 0.76171875 0.32578125 0.0078125 0.0125
1 0.86640625 0.32265625 0.0078125 0.0125
0 0.45234375 0.33984375 0.0078125 0.0140625
1 0.66640625 0.33125 0.0078125 0.0140625
1 0.590625 0.33671875 0.0078125 0.0125
0 0.4125 0.346875 0.009375 0.015625
1 0.5625 0.3421875 0.009375 0.015625
0 0.3953125 0.35390625 0.0109375 0.01875
1 0.5703125 0.34765625 0.0109375 0.0171875
0 0.37734375 0.36484375 0.0140625 0.0234375
1 0.58515625 0.3578125 0.0140625 0.0234375
1 0.6140625 0.3734375 0.0203125 0.0296875
0 0.34375 0.3828125 0.0171875 0.0296875
0 0.2890625 0.41171875 0.025 0.040625
1 0.6796875 0.40625 0.0296875 0.0453125
0 0.184375 0.47421875 0.046875 0.065625
1 0.79375 0.46484375 0.053125 0.071875