1 0.2921875 0.50078125 0.009375 0.0203125
1 0.35625 0.50078125 0.0109375 0.0203125
1 0.2125 0.50703125 0.0109375 0.021875
1 0.10625 0.51328125 0.0125 0.021875
1 0.1484375 0.5125 0.0140625 0.025
1 0.41953125 0.50625 0.0125 0.025
1 0.475 0.5125 0.0140625 0.028125
1 0.528125 0.5234375 0.0171875 0.0328125
0 0.1390625 0.54765625 0.021875 0.0359375
0 0.203125 0.56484375 0.025 0.0453125
1 0.60546875 0.553125 0.03125 0.0515625
1 0.6828125 0.61640625 0.046875 0.084375
0 0.159375 0.6609375 0.0609375 0.090625