0 0.87109375 0.45234375 0.009375 0.0109375
0 0.7796875 0.4359375 0.009375 0.0109375
1 0.85078125 0.453125 0.009375 0.0125
0 0.69375 0.42109375 0.0078125 0.0109375
1 0.7484375 0.4328125 0.009375 0.0125
0 0.5984375 0.4046875 0.0078125 0.0109375
1 0.646875 0.4171875 0.009375 0.0125
0 0.496875 0.38828125 0.0078125 0.0125
1 0.5421875 0.39921875 0.009375 0.0125
0 0.4125 0.37578125 0.0078125 0.0125
1 0.4828125 0.390625 0.009375 0.0125
1 0.47734375 0.39296875 0.0125 0.015625
0 0.35234375 0.36796875 0.009375 0.0125
1 0.51796875 0.40390625 0.0125 0.0171875
0 0.328125 0.36796875 0.0109375 0.015625
1 0.5703125 0.4203125 0.0140625 0.0203125
0 0.346875 0.37578125 0.0125 0.015625
0 0.378125 0.38828125 0.015625 0.0203125
1 0.6171875 0.4359375 0.015625 0.021875
0 0.36484375 0.3953125 0.01875 0.0234375
1 0.6125 0.45 0.021875 0.0296875
0 0.2640625 0.39375 0.021875 0.03125
1 0.52109375 0.4578125 0.03125 0.040625
1 0.396875 0.5 0.053125 0.071875
1 0.68984375 0.72421875 0.115625 0.1578125