0 0.8265625 0.31640625 0.009375 0.0109375
0 0.73515625 0.3359375 0.009375 0.0109375
1 0.80703125 0.325 0.009375 0.0125
0 0.65 0.3546875 0.0078125 0.0109375
1 0.70546875 0.34453125 0.009375 0.0125
0 0.55546875 0.375 0.0078125 0.0109375
1 0.6046875 0.36796875 0.009375 0.0125
0 0.45546875 0.396875 0.0078125 0.0125
1 0.50078125 0.390625 0.009375 0.0125
0 0.37265625 0.4171875 0.0078125 0.0125
1 0.44375 0.40546875 0.009375 0.0125
1 0.43828125 0.409375 0.0125 0.015625
0 0.31328125 0.4328125 0.009375 0.0125
1 0.48046875 0.40390625 0.0125 0.0171875
0 0.29140625 0.4421875 0.0109375 0.015625
1 0.53515625 0.4 0.0140625 0.0203125
0 0.3109375 0.4421875 0.0125 0.015625
0 0.3453125 0.44140625 0.015625 0.0203125
1 0.58515625 0.396875 0.015625 0.021875
0 0.3359375 0.453125 0.01875 0.0234375
1 0.58515625 0.41171875 0.021875 0.0296875
0 0.24140625 0.48984375 0.021875 0.03125
1 0.50390625 0.453125 0.03125 0.040625
1 0.40390625 0.53828125 0.053125 0.071875
1 0.759375 0.63671875 0.115625 0.1578125