1 0.78671875 0.584375 0.0375 0.05625
1 0.64609375 0.525 0.0078125 0.015625
1 0.69375 0.5453125 0.01875 0.0296875
1 0.7328125 0.5203125 0.00625 0.0109375
1 0.6171875 0.51015625 0.0046875 0.0078125
1 0.7109375 0.51796875 0.0046875 0.009375
1 0.6125 0.5078125 0.0046875 0.00625
1 0.628125 0.515625 0.0046875 0.0109375
1 0.703125 0.51484375 0.0046875 0.00625
1 0.6140625 0.50859375 0.0046875 0.0078125
1 0.8640625 0.77421875 0.134375 0.1796875
1 0.675 0.5109375 0.003125 0.0046875
1 0.69765625 0.51328125 0.0046875 0.00625
1 0.6859375 0.51171875 0.003125 0.00625