1 0.721875 0.5265625 0.015625 0.0296875
1 0.7109375 0.51328125 0.0125 0.025
1 0.65625 0.496875 0.0078125 0.0203125
1 0.759375 0.521875 0.0078125 0.015625
1 0.62734375 0.47890625 0.0078125 0.0125
1 0.89296875 0.59921875 0.025 0.04375
0 0.9109375 0.565625 0.00625 0.0140625
1 0.88125 0.5703125 0.0140625 0.0234375
0 0.90078125 0.56328125 0.00625 0.0140625
1 0.5984375 0.46953125 0.0046875 0.0125
1 0.575 0.45625 0.003125 0.0078125
1 0.584375 0.46171875 0.003125 0.0078125
1 0.5625 0.45234375 0.0015625 0.0046875
1 0.58984375 0.4640625 0.0046875 0.009375
1 0.5671875 0.453125 0.0015625 0.00625
0 0.88671875 0.5546875 0.003125 0.0078125
1 0.6671875 0.49296875 0.0046875 0.0140625
1 0.559375 0.45078125 0.0015625 0.0046875
1 0.7875 0.559375 0.0296875 0.028125
1 0.78828125 0.5421875 0.01875 0.015625
1 0.675 0.509375 0.0171875 0.0171875
1 0.6578125 0.50234375 0.015625 0.0140625
0 0.87890625 0.55078125 0.0046875 0.009375
0 0.51328125 0.4421875 0.0015625 0.00625
0 0.515625 0.4421875 0.0015625 0.0046875
0 0.51796875 0.44140625 0.0015625 0.0046875