0 0.6296875 0.56328125 0.05 0.08125
1 0.44921875 0.44140625 0.0140625 0.0296875
0 0.56953125 0.40078125 0.0109375 0.0203125
1 0.46484375 0.43046875 0.0125 0.025
0 0.60078125 0.4078125 0.0140625 0.0234375
0 0.65390625 0.36640625 0.00625 0.0125
1 0.3875 0.47734375 0.0234375 0.0390625
0 0.85546875 0.36328125 0.0078125 0.0140625
1 0.35390625 0.42578125 0.009375 0.01875
1 0.4078125 0.421875 0.0109375 0.0203125
1 0.45078125 0.421875 0.0109375 0.021875
1 0.7796875 0.3578125 0.00625 0.0125
0 0.6 0.45 0.021875 0.0375
0 0.57890625 0.48359375 0.0296875 0.05
0 0.4296875 0.4046875 0.0078125 0.015625
0 0.7609375 0.36328125 0.00625 0.0140625
1 0.2375 0.61015625 0.0484375 0.071875
1 0.86328125 0.35859375 0.0078125 0.0125
1 0.3296875 0.51640625 0.03125 0.0484375
0 0.5328125 0.4 0.0109375 0.0203125
0 0.3890625 0.40625 0.0078125 0.0140625
1 0.31015625 0.425 0.009375 0.0171875
0 0.6125 0.42421875 0.01875 0.03125
1 0.67578125 0.36171875 0.0046875 0.0109375
0 0.52265625 0.375 0.00625 0.0109375
1 0.55859375 0.36796875 0.00625 0.009375
1 0.2921875 0.42265625 0.00625 0.0109375
0 0.478125 0.4015625 0.009375 0.0171875
0 0.37265625 0.40625 0.00625 0.0125
1 0.48984375 0.37421875 0.0046875 0.009375
0 0.35546875 0.403125 0.00625 0.0125
0 0.39296875 0.39140625 0.0046875 0.0109375
1 0.4671875 0.42421875 0.0125 0.0234375
0 0.371875 0.39921875 0.00625 0.0109375
1 0.32578125 0.40546875 0.00625 0.009375
1 0.3625 0.39453125 0.00625 0.009375
1 0.2953125 0.415625 0.0046875 0.0125
0 0.4171875 0.3859375 0.0046875 0.0109375
0 0.46484375 0.38046875 0.0046875 0.009375