1 0.68203125 0.5328125 0.0265625 0.0390625
1 0.5578125 0.4984375 0.009375 0.0140625
1 0.50703125 0.49375 0.00625 0.0109375
1 0.61015625 0.50703125 0.0125 0.0203125
1 0.73515625 0.63359375 0.075 0.1140625
0 0.23828125 0.51015625 0.009375 0.015625
1 0.76484375 0.5 0.0078125 0.0125
1 0.634375 0.48984375 0.0046875 0.0078125
1 0.69453125 0.49453125 0.00625 0.009375
0 0.24296875 0.4921875 0.00625 0.0078125
1 0.52578125 0.48359375 0.003125 0.00625
0 0.18671875 0.484375 0.003125 0.00625
1 0.47109375 0.48984375 0.003125 0.0109375
0 0.24921875 0.5 0.0078125 0.0125
1 0.55625 0.4859375 0.0046875 0.00625
0 0.228125 0.48828125 0.0046875 0.0078125
1 0.43125 0.4796875 0.0046875 0.0078125
0 0.853125 0.5078125 0.0078125 0.0125
1 0.5890625 0.4875 0.00625 0.0078125
0 0.77734375 0.50078125 0.00625 0.009375
0 0.29921875 0.4890625 0.0046875 0.0078125
0 0.278125 0.484375 0.003125 0.00625
1 0.38125 0.484375 0.00625 0.009375
1 0.35234375 0.48125 0.0046875 0.0078125
0 0.23125 0.48125 0.003125 0.00625