0 0.75625 0.48203125 0.0171875 0.0296875
0 0.521875 0.475 0.028125 0.053125
0 0.70859375 0.4796875 0.0203125 0.034375
0 0.34765625 0.5078125 0.04375 0.075
0 0.6484375 0.4796875 0.0234375 0.0421875
1 0.859375 0.60859375 0.034375 0.0609375
1 0.7953125 0.79921875 0.071875 0.128125
1 0.8109375 0.62734375 0.0375 0.0734375
0 0.83984375 0.4796875 0.0109375 0.0203125
1 0.77265625 0.66953125 0.05 0.0875
0 0.18671875 0.29765625 0.009375 0.0171875
1 0.125 0.2875 0.009375 0.01875
0 0.16953125 0.61953125 0.084375 0.1359375
0 0.8421875 0.4671875 0.0078125 0.01875
0 0.82890625 0.496875 0.0140625 0.025
1 0.203125 0.2875 0.0078125 0.0140625
1 0.90078125 0.48359375 0.00625 0.0125
1 0.83828125 0.4515625 0.00625 0.0125
1 0.2609375 0.28671875 0.0078125 0.0109375
0 0.84609375 0.46328125 0.0078125 0.0171875
0 0.8140625 0.4453125 0.0078125 0.0125
1 0.55703125 0.34609375 0.0046875 0.009375
0 0.74765625 0.4140625 0.00625 0.009375
1 0.30234375 0.2875 0.0046875 0.009375
0 0.3140625 0.29609375 0.00625 0.0109375
0 0.534375 0.3421875 0.00625 0.009375
1 0.51171875 0.33046875 0.0046875 0.009375
0 0.49609375 0.32890625 0.0046875 0.009375
0 0.34375 0.29609375 0.00625 0.009375
1 0.33359375 0.2890625 0.00625 0.0078125