1 0.71484375 0.4921875 0.0234375 0.0359375
1 0.778125 0.4859375 0.015625 0.025
1 0.5421875 0.4609375 0.0140625 0.0234375
1 0.75078125 0.465625 0.00625 0.0125
1 0.89296875 0.4875 0.015625 0.01875
1 0.66953125 0.5140625 0.0359375 0.05625
1 0.659375 0.46328125 0.0109375 0.0171875
1 0.79609375 0.65234375 0.1078125 0.15
1 0.90625 0.48359375 0.0125 0.0140625
1 0.86953125 0.47421875 0.009375 0.0125
1 0.771875 0.46484375 0.00625 0.0109375
1 0.62109375 0.44296875 0.00625 0.0078125
1 0.7140625 0.45546875 0.0046875 0.0078125
1 0.6375 0.4421875 0.0046875 0.009375
1 0.66171875 0.4484375 0.0046875 0.0078125