1 0.41328125 0.53671875 0.015625 0.025
1 0.4796875 0.50859375 0.0125 0.0203125
1 0.5828125 0.4765625 0.009375 0.015625
1 0.53125 0.490625 0.0109375 0.0171875
1 0.64453125 0.459375 0.009375 0.015625
1 0.69375 0.44609375 0.00625 0.0109375
1 0.390625 0.54765625 0.0140625 0.0265625
1 0.32421875 0.615625 0.021875 0.0515625
1 0.6171875 0.45078125 0.0046875 0.0078125
1 0.6734375 0.44375 0.00625 0.009375
1 0.6859375 0.4484375 0.00625 0.0125
1 0.65625 0.44609375 0.0046875 0.0078125
1 0.6359375 0.4484375 0.0046875 0.0078125
1 0.63203125 0.44453125 0.00625 0.009375
1 0.603125 0.45 0.0046875 0.0078125
1 0.39140625 0.5140625 0.0046875 0.0078125
1 0.55703125 0.4625 0.00625 0.0078125
1 0.69140625 0.44140625 0.00625 0.0109375
1 0.5828125 0.45703125 0.0046875 0.00625