1 0.7796875 0.66015625 0.0359375 0.05
1 0.63515625 0.53359375 0.01875 0.0296875
1 0.33984375 0.35625 0.0078125 0.0140625
1 0.8078125 0.60390625 0.0078125 0.0125
1 0.73359375 0.5546875 0.0078125 0.009375
1 0.665625 0.51015625 0.0046875 0.00625
1 0.70546875 0.53359375 0.00625 0.0078125
1 0.64453125 0.50078125 0.00625 0.0078125
1 0.58671875 0.465625 0.00625 0.0078125
1 0.28359375 0.32890625 0.0078125 0.0125
1 0.85859375 0.63203125 0.0078125 0.009375
1 0.6015625 0.4765625 0.0046875 0.00625
1 0.62421875 0.4859375 0.00625 0.00625
1 0.684375 0.52421875 0.00625 0.0078125
1 0.76015625 0.56875 0.0046875 0.00625
1 0.3640625 0.36171875 0.0046875 0.009375
1 0.3515625 0.3546875 0.00625 0.0078125