1 0.76015625 0.559375 0.028125 0.065625
1 0.74921875 0.45234375 0.0171875 0.034375
0 0.56015625 0.43046875 0.0140625 0.0328125
0 0.4640625 0.48671875 0.0234375 0.0515625
0 0.634375 0.40546875 0.0078125 0.0203125
1 0.83359375 0.43671875 0.0109375 0.0203125
0 0.15859375 0.41328125 0.0140625 0.0296875
0 0.559375 0.378125 0.00625 0.0171875
1 0.82734375 0.425 0.0078125 0.0171875
0 0.71875 0.40078125 0.0078125 0.0171875
1 0.74375 0.48203125 0.01875 0.040625
0 0.675 0.39140625 0.0078125 0.0171875
1 0.13125 0.396875 0.0125 0.025
0 0.60703125 0.415625 0.0125 0.025
0 0.4 0.38515625 0.009375 0.0203125
0 0.68671875 0.40390625 0.0078125 0.01875
1 0.75546875 0.440625 0.0125 0.025
0 0.72890625 0.4046875 0.00625 0.0171875
1 0.796875 0.440625 0.0109375 0.0234375
0 0.5234375 0.37890625 0.0078125 0.0171875
1 0.33359375 0.37421875 0.009375 0.0203125
1 0.78203125 0.4078125 0.00625 0.015625
1 0.45625 0.36875 0.0078125 0.0171875
1 0.6890625 0.38671875 0.00625 0.015625
1 0.5328125 0.36875 0.00625 0.0140625
0 0.61484375 0.38359375 0.00625 0.0171875
0 0.18515625 0.76796875 0.0734375 0.15
0 0.721875 0.40625 0.0078125 0.01875