0 0.44296875 0.346875 0.0109375 0.0234375
1 0.5953125 0.3921875 0.01875 0.0359375
1 0.59375 0.36171875 0.0109375 0.028125
0 0.3671875 0.37578125 0.01875 0.0328125
1 0.6125 0.475 0.0328125 0.0671875
0 0.4265625 0.3375 0.009375 0.0203125
0 0.41640625 0.35859375 0.0125 0.0265625
1 0.59453125 0.35078125 0.0125 0.025
0 0.39140625 0.32734375 0.009375 0.0171875
1 0.55546875 0.3390625 0.009375 0.0203125
0 0.40703125 0.31875 0.0078125 0.0140625
0 0.27734375 0.4671875 0.028125 0.0609375
1 0.47421875 0.30703125 0.0046875 0.0109375
0 0.4171875 0.30703125 0.00625 0.0125
0 0.4265625 0.29765625 0.0046875 0.009375
1 0.48984375 0.32734375 0.0078125 0.0171875
1 0.48359375 0.31875 0.00625 0.0140625
0 0.446875 0.29296875 0.003125 0.0046875
0 0.434375 0.29453125 0.003125 0.0078125
1 0.46875 0.29765625 0.0046875 0.0078125