0 0.63046875 0.51484375 0.01875 0.028125
0 0.70078125 0.6171875 0.0484375 0.0828125
0 0.75703125 0.56328125 0.025 0.0390625
0 0.6390625 0.53828125 0.0265625 0.0453125
0 0.74765625 0.53828125 0.0125 0.0203125
0 0.31953125 0.44453125 0.015625 0.0265625
0 0.65703125 0.50625 0.009375 0.0125
0 0.6125 0.4859375 0.0078125 0.0125
0 0.53359375 0.4640625 0.0078125 0.009375
0 0.52109375 0.4625 0.00625 0.009375
0 0.55390625 0.46484375 0.00625 0.009375
0 0.6171875 0.4828125 0.00625 0.009375
0 0.62578125 0.4828125 0.0046875 0.00625
0 0.71015625 0.55078125 0.0265625 0.0265625
0 0.66640625 0.53359375 0.0234375 0.0234375