1 0.7796875 0.61484375 0.04375 0.075
1 0.7875 0.54296875 0.009375 0.0203125
1 0.60703125 0.48671875 0.0078125 0.01875
1 0.63671875 0.5078125 0.0125 0.028125
1 0.634375 0.47890625 0.003125 0.0078125
1 0.87578125 0.58203125 0.0140625 0.025
1 0.5953125 0.465625 0.003125 0.0078125
1 0.66484375 0.49609375 0.009375 0.009375
1 0.6390625 0.48515625 0.0046875 0.0109375
1 0.62421875 0.48125 0.0078125 0.0078125
1 0.64609375 0.4859375 0.00625 0.0046875
1 0.6109375 0.4734375 0.0046875 0.0078125
1 0.61875 0.475 0.0046875 0.0078125
1 0.8046875 0.5203125 0.0078125 0.0140625
1 0.58359375 0.46171875 0.003125 0.00625
1 0.58046875 0.46015625 0.0015625 0.00625
1 0.578125 0.45859375 0.0015625 0.00625
1 0.56796875 0.4546875 0.0015625 0.0046875
1 0.565625 0.45390625 0.0015625 0.0046875