0 0.7890625 0.6171875 0.025 0.0390625
0 0.83984375 0.628125 0.0171875 0.03125
0 0.67890625 0.53828125 0.0109375 0.0203125
0 0.87890625 0.63984375 0.015625 0.025
0 0.7375 0.6171875 0.0359375 0.0578125
0 0.59375 0.5015625 0.0125 0.021875
0 0.9046875 0.6484375 0.0125 0.0203125
0 0.78359375 0.58203125 0.009375 0.015625
0 0.7609375 0.571875 0.009375 0.0171875
0 0.7171875 0.55390625 0.0109375 0.01875
0 0.80625 0.58984375 0.00625 0.0125
0 0.89765625 0.63125 0.0046875 0.0109375
1 0.83203125 0.60390625 0.009375 0.0125