0 0.6171875 0.584375 0.0390625 0.078125
1 0.46015625 0.43359375 0.009375 0.028125
0 0.58515625 0.4140625 0.0078125 0.0203125
1 0.47734375 0.425 0.0078125 0.0234375
0 0.61484375 0.4265625 0.0109375 0.021875
0 0.67421875 0.3953125 0.0046875 0.0125
1 0.39296875 0.4578125 0.0171875 0.0359375
0 0.87421875 0.42734375 0.0046875 0.0140625
1 0.36875 0.4015625 0.0078125 0.0171875
1 0.4234375 0.40703125 0.0078125 0.0203125
1 0.46484375 0.4140625 0.0078125 0.021875
1 0.8 0.40859375 0.003125 0.0125
0 0.60703125 0.46796875 0.015625 0.0359375
0 0.58046875 0.49765625 0.0234375 0.0484375
0 0.44765625 0.39375 0.00625 0.015625
0 0.78125 0.4109375 0.0046875 0.0140625
1 0.22265625 0.56328125 0.0375 0.06875
1 0.8828125 0.4234375 0.0046875 0.0125
1 0.3296875 0.4859375 0.025 0.0453125
0 0.55 0.40703125 0.0078125 0.01875
0 0.40703125 0.38828125 0.0046875 0.0140625
1 0.3265625 0.39296875 0.0078125 0.0171875
0 0.62421875 0.4453125 0.0140625 0.0296875
1 0.696875 0.39453125 0.003125 0.0109375
0 0.54375 0.38125 0.0046875 0.0109375
1 0.58046875 0.3796875 0.0046875 0.009375
1 0.30859375 0.38828125 0.0046875 0.0109375
0 0.4953125 0.39921875 0.0078125 0.0171875
0 0.390625 0.38515625 0.0046875 0.0125
1 0.5125 0.37421875 0.003125 0.009375
0 0.375 0.3796875 0.003125 0.0125
0 0.41328125 0.375 0.003125 0.0109375
1 0.48125 0.41953125 0.009375 0.021875
0 0.39140625 0.378125 0.0046875 0.0109375
1 0.34453125 0.3765625 0.0046875 0.009375
1 0.3828125 0.37265625 0.0046875 0.009375
1 0.31328125 0.38125 0.003125 0.0125
0 0.43828125 0.3734375 0.003125 0.0109375
0 0.48671875 0.3765625 0.003125 0.009375