1 0.2390625 0.6828125 0.05625 0.084375
1 0.25 0.6203125 0.03125 0.053125
1 0.31796875 0.59609375 0.0234375 0.0421875
1 0.38125 0.58203125 0.0203125 0.034375
1 0.74375 0.6125 0.034375 0.0515625
1 0.67890625 0.58359375 0.0234375 0.0375
1 0.72734375 0.5625 0.01875 0.028125
1 0.8234375 0.571875 0.021875 0.0328125
1 0.9234375 0.5203125 0.00625 0.0140625
1 0.88125 0.52421875 0.0078125 0.015625
1 0.7984375 0.51875 0.00625 0.0140625
1 0.79453125 0.5234375 0.0078125 0.015625
1 0.72265625 0.525 0.009375 0.015625
1 0.70546875 0.51875 0.0078125 0.0140625
1 0.62109375 0.52734375 0.009375 0.0171875
1 0.59765625 0.521875 0.009375 0.0140625
1 0.5078125 0.5296875 0.009375 0.01875
1 0.4421875 0.52265625 0.009375 0.0171875
1 0.334375 0.53359375 0.0109375 0.0203125
1 0.24140625 0.52578125 0.0109375 0.01875
1 0.1078125 0.5375 0.0125 0.0234375
1 0.475 0.796875 0.0953125 0.146875
1 0.33046875 0.65078125 0.0421875 0.06875