1 0.821875 0.52109375 0.034375 0.05
1 0.6359375 0.47109375 0.01875 0.028125
1 0.29296875 0.440625 0.0078125 0.0140625
1 0.82265625 0.45859375 0.0078125 0.0125
1 0.73359375 0.446875 0.0078125 0.009375
1 0.653125 0.4359375 0.0046875 0.00625
1 0.7 0.43984375 0.0046875 0.0078125
1 0.63046875 0.4375 0.00625 0.0078125
1 0.5625 0.43046875 0.00625 0.0078125
1 0.23046875 0.44140625 0.00625 0.0109375
1 0.8796875 0.46171875 0.0078125 0.009375
1 0.58125 0.434375 0.0046875 0.00625
1 0.60546875 0.4328125 0.00625 0.00625
1 0.67578125 0.44140625 0.00625 0.0078125
1 0.7640625 0.44765625 0.0046875 0.00625
1 0.3171875 0.43515625 0.0046875 0.009375
1 0.303125 0.434375 0.0046875 0.0078125