1 0.7515625 0.6546875 0.0515625 0.0703125
1 0.659375 0.553125 0.0109375 0.01875
1 0.6875 0.55546875 0.009375 0.0171875
1 0.61875 0.55 0.0171875 0.0265625
1 0.7046875 0.55625 0.0078125 0.0140625
1 0.653125 0.584375 0.025 0.0421875
1 0.671875 0.5390625 0.0046875 0.0078125
0 0.56015625 0.52109375 0.0078125 0.0078125
1 0.68828125 0.54609375 0.00625 0.009375
1 0.64765625 0.53203125 0.003125 0.00625
1 0.659375 0.534375 0.003125 0.00625
0 0.55 0.5078125 0.0046875 0.0078125
0 0.55703125 0.5125 0.00625 0.009375