1 0.55703125 0.49140625 0.0109375 0.01875
1 0.46171875 0.5125 0.0125 0.025
1 0.5859375 0.484375 0.0078125 0.015625
1 0.4984375 0.50078125 0.0109375 0.0203125
1 0.6015625 0.4765625 0.0046875 0.009375
1 0.59453125 0.48046875 0.00625 0.0140625
1 0.5296875 0.471875 0.0046875 0.0078125
0 0.415625 0.49453125 0.0046875 0.0125
1 0.4703125 0.47890625 0.0046875 0.00625
1 0.60625 0.47265625 0.0046875 0.0078125
1 0.6015625 0.46953125 0.0046875 0.0078125
1 0.53671875 0.47109375 0.0046875 0.00625
0 0.3296875 0.51015625 0.00625 0.0140625
0 0.4359375 0.51796875 0.0078125 0.0203125
0 0.45078125 0.51875 0.015625 0.015625
0 0.43828125 0.5046875 0.0078125 0.0171875
0 0.45390625 0.48671875 0.0046875 0.009375
0 0.47578125 0.49296875 0.0078125 0.0140625
0 0.5203125 0.484375 0.0046875 0.0109375
0 0.54609375 0.47890625 0.0046875 0.009375