1 0.5578125 0.4953125 0.009375 0.01875
1 0.4609375 0.51015625 0.0109375 0.025
1 0.58671875 0.490625 0.00703125 0.015625
1 0.4984375 0.50078125 0.01015625 0.01953125
1 0.603125 0.48359375 0.0046875 0.00859375
1 0.5953125 0.48671875 0.00546875 0.01328125
1 0.53125 0.47421875 0.00390625 0.00703125
0 0.41640625 0.4890625 0.00390625 0.01171875
1 0.471875 0.4765625 0.00390625 0.00625
1 0.6078125 0.48046875 0.00390625 0.0078125
1 0.603125 0.4765625 0.0046875 0.00703125
1 0.53828125 0.4734375 0.00390625 0.00625
0 0.3296875 0.4984375 0.00546875 0.0140625
0 0.43515625 0.51328125 0.00703125 0.0203125
0 0.44921875 0.515625 0.0140625 0.01484375
0 0.43828125 0.5 0.00625 0.01640625
0 0.4546875 0.48359375 0.00390625 0.00859375
0 0.4765625 0.49140625 0.00625 0.01328125
0 0.52109375 0.4859375 0.00390625 0.01015625
0 0.54765625 0.48203125 0.00390625 0.009375