0 0.8734375 0.45703125 0.009375 0.0203125
0 0.4 0.4546875 0.01875 0.0421875
0 0.49453125 0.48984375 0.0265625 0.05
1 0.09296875 0.4703125 0.028125 0.0515625
1 0.18125 0.56875 0.0453125 0.0828125
1 0.1625 0.51484375 0.0359375 0.0640625
0 0.12890625 0.3671875 0.0078125 0.01875
1 0.85390625 0.4421875 0.0078125 0.01875
0 0.1609375 0.36015625 0.0078125 0.0140625
0 0.2015625 0.4078125 0.0171875 0.03125
0 0.625 0.590625 0.046875 0.0828125
0 0.30234375 0.359375 0.00625 0.0140625
0 0.2859375 0.425 0.01875 0.0375
1 0.11875 0.6640625 0.0578125 0.1140625
0 0.584375 0.39765625 0.0078125 0.01875
1 0.60390625 0.39140625 0.0078125 0.015625
0 0.23515625 0.3546875 0.0046875 0.015625
1 0.10078125 0.35859375 0.0078125 0.015625
1 0.33984375 0.35625 0.0078125 0.0125
0 0.14921875 0.3890625 0.0125 0.025
0 0.13671875 0.378125 0.0078125 0.021875
1 0.16328125 0.35 0.0078125 0.0125
1 0.4359375 0.36484375 0.0078125 0.0140625
1 0.24140625 0.34921875 0.00625 0.0125
0 0.19921875 0.35546875 0.00625 0.0140625
0 0.7453125 0.4296875 0.009375 0.01875
1 0.74453125 0.41796875 0.0078125 0.0171875
0 0.384375 0.36875 0.0078125 0.0171875
0 0.85234375 0.8734375 0.065625 0.1