1 0.44921875 0.52890625 0.0171875 0.0375
1 0.484375 0.51328125 0.0109375 0.02578125
1 0.4796875 0.4921875 0.003125 0.01328125
1 0.32890625 0.4984375 0.0046875 0.01953125
1 0.48125 0.5 0.0046875 0.01875
1 0.48359375 0.4875 0.00234375 0.0125
1 0.48046875 0.48359375 0.00234375 0.009375
1 0.478125 0.4796875 0.0015625 0.0078125
1 0.78828125 0.53203125 0.0078125 0.0140625
1 0.70625 0.50234375 0.00703125 0.00625
1 0.3265625 0.4875 0.00390625 0.0171875
1 0.4765625 0.47890625 0.0015625 0.00859375
1 0.475 0.47578125 0.0015625 0.00859375
1 0.48046875 0.47265625 0.00234375 0.00703125
1 0.49765625 0.47265625 0.0015625 0.00625
1 0.515625 0.4734375 0.0015625 0.00546875
1 0.528125 0.471875 0.0015625 0.00546875
1 0.54296875 0.46953125 0.00078125 0.00390625