1 0.225 0.39921875 0.03125 0.0515625
1 0.65078125 0.51796875 0.009375 0.0125
1 0.7296875 0.5578125 0.009375 0.0125
1 0.80078125 0.596875 0.0125 0.0140625
1 0.60078125 0.51015625 0.0140625 0.021875
1 0.89765625 0.65078125 0.0125 0.0140625
1 0.6390625 0.57109375 0.01875 0.0359375
1 0.72734375 0.55 0.009375 0.0109375
1 0.56484375 0.4703125 0.0078125 0.009375
1 0.63046875 0.50078125 0.0078125 0.009375
1 0.8625 0.62734375 0.009375 0.0109375
1 0.6015625 0.49921875 0.0125 0.0171875
1 0.3265625 0.353125 0.0046875 0.00625