0 0.759375 0.7609375 0.0703125 0.1078125
0 0.6484375 0.590625 0.0390625 0.059375
0 0.5375 0.5859375 0.0359375 0.0546875
0 0.48828125 0.57890625 0.0328125 0.05
0 0.440625 0.57734375 0.03125 0.046875
0 0.37890625 0.57421875 0.0296875 0.046875
0 0.4046875 0.52890625 0.0265625 0.0390625
0 0.3890625 0.5625 0.028125 0.0453125
0 0.29140625 0.57265625 0.028125 0.0453125
0 0.21171875 0.5515625 0.025 0.0375
0 0.17890625 0.67734375 0.0328125 0.065625
0 0.44296875 0.790625 0.075 0.1046875
0 0.17421875 0.709375 0.0390625 0.078125
0 0.74453125 0.596875 0.03125 0.0625
0 0.5890625 0.5421875 0.028125 0.0453125
0 0.678125 0.5328125 0.0296875 0.0484375
0 0.7109375 0.6109375 0.021875 0.04375
0 0.7328125 0.615625 0.01875 0.03125
0 0.80703125 0.6515625 0.0390625 0.0765625
0 0.8265625 0.65234375 0.0390625 0.0734375
0 0.9390625 0.6515625 0.0453125 0.0828125
0 0.79609375 0.4890625 0.021875 0.0375
0 0.159375 0.6546875 0.025 0.0578125
0 0.85546875 0.62421875 0.015625 0.021875
0 0.68203125 0.62734375 0.0109375 0.0125