1 0.39921875 0.5015625 0.0109375 0.0203125
1 0.34453125 0.50390625 0.0125 0.0234375
1 0.4609375 0.5015625 0.0109375 0.01875
1 0.5921875 0.503125 0.009375 0.0171875
1 0.52890625 0.4953125 0.00625 0.015625
1 0.60390625 0.503125 0.0078125 0.015625
1 0.31796875 0.48359375 0.00625 0.0109375
1 0.5171875 0.49375 0.00625 0.0125
1 0.3796875 0.48515625 0.00625 0.0125
1 0.54453125 0.5046875 0.0078125 0.015625
1 0.428125 0.4859375 0.00625 0.0125
1 0.56875 0.49609375 0.00625 0.0109375
1 0.5890625 0.4984375 0.00625 0.0140625
1 0.45859375 0.4890625 0.00625 0.0140625
1 0.5421875 0.49609375 0.00625 0.0125
1 0.509375 0.4921875 0.00625 0.0125
1 0.6703125 0.49609375 0.00625 0.0109375
1 0.54921875 0.4953125 0.00625 0.0125
1 0.86640625 0.52734375 0.009375 0.01875
1 0.69296875 0.496875 0.0046875 0.009375
1 0.49765625 0.48125 0.0046875 0.009375
1 0.48984375 0.490625 0.00625 0.0125
1 0.49375 0.49296875 0.0046875 0.009375