1 0.24765625 0.58359375 0.01484375 0.03984375
1 0.2765625 0.55234375 0.01875 0.04140625
1 0.2484375 0.5390625 0.01328125 0.03125
1 0.23984375 0.51484375 0.00390625 0.00859375
1 0.5390625 0.48671875 0.00234375 0.0078125
1 0.28203125 0.51015625 0.00234375 0.0078125
1 0.3265625 0.50625 0.00234375 0.00625
1 0.37109375 0.5 0.00234375 0.0078125
1 0.41171875 0.49765625 0.003125 0.0078125
1 0.44921875 0.49375 0.00234375 0.00703125
1 0.4828125 0.49140625 0.00234375 0.0078125
1 0.51484375 0.48828125 0.00234375 0.0078125
1 0.55859375 0.48515625 0.00234375 0.00703125