1 0.5453125 0.54375 0.01875 0.0375
1 0.646875 0.528125 0.0078125 0.01875
1 0.66484375 0.525 0.0078125 0.0171875
1 0.6171875 0.53125 0.0109375 0.025
1 0.35546875 0.4875 0.00625 0.0125
1 0.5484375 0.4953125 0.003125 0.0078125
1 0.5765625 0.5015625 0.00625 0.0109375
1 0.3921875 0.48828125 0.0046875 0.0109375
1 0.56171875 0.4984375 0.00625 0.009375
1 0.653125 0.515625 0.00625 0.0140625
1 0.41875 0.48828125 0.0046875 0.009375
1 0.54375 0.4953125 0.003125 0.00625
1 0.61875 0.509375 0.0046875 0.0125
1 0.66796875 0.52109375 0.0078125 0.015625
1 0.4359375 0.48828125 0.0046875 0.0078125
1 0.521875 0.4890625 0.003125 0.00625
1 0.45234375 0.48828125 0.0046875 0.0078125
1 0.47265625 0.48828125 0.0046875 0.0078125
1 0.509375 0.4890625 0.003125 0.00625
1 0.49296875 0.48828125 0.003125 0.00625
1 0.3328125 0.50703125 0.009375 0.015625