1 0.72265625 0.5109375 0.015625 0.0296875
1 0.71171875 0.4984375 0.0125 0.025
1 0.65625 0.48671875 0.0078125 0.0203125
1 0.76015625 0.50390625 0.0078125 0.015625
1 0.625 0.4703125 0.0078125 0.0125
1 0.89921875 0.57109375 0.0234375 0.04375
0 0.91484375 0.53671875 0.00625 0.0140625
1 0.88515625 0.54296875 0.0125 0.0234375
0 0.9046875 0.53515625 0.00625 0.0140625
1 0.59609375 0.4625 0.0046875 0.0125
1 0.571875 0.45078125 0.003125 0.0078125
1 0.58125 0.45546875 0.003125 0.0078125
1 0.559375 0.4484375 0.0015625 0.0046875
1 0.58671875 0.4578125 0.0046875 0.009375
1 0.5640625 0.44921875 0.0015625 0.00625
0 0.88984375 0.52734375 0.003125 0.0078125
1 0.66640625 0.48125 0.0046875 0.0140625
1 0.55625 0.446875 0.0015625 0.0046875
1 0.790625 0.53984375 0.0296875 0.0265625
1 0.790625 0.52265625 0.01875 0.015625
1 0.675 0.496875 0.015625 0.015625
1 0.6578125 0.490625 0.015625 0.0140625
0 0.88203125 0.52421875 0.0046875 0.009375
0 0.509375 0.44140625 0.0015625 0.00625
0 0.51171875 0.44140625 0.0015625 0.0046875
0 0.5140625 0.440625 0.0015625 0.0046875