1 0.7609375 0.590625 0.05 0.06875
1 0.66015625 0.534375 0.0203125 0.03125
1 0.6359375 0.51953125 0.0109375 0.0171875
1 0.92109375 0.5078125 0.0078125 0.0109375
1 0.88828125 0.50703125 0.0078125 0.0109375
1 0.859375 0.5046875 0.0078125 0.009375
1 0.6046875 0.50859375 0.00625 0.0125
1 0.590625 0.50390625 0.00625 0.009375
1 0.8359375 0.5046875 0.0078125 0.009375
1 0.93828125 0.51328125 0.00625 0.0140625
1 0.58046875 0.50078125 0.0046875 0.0078125
1 0.7890625 0.50390625 0.00625 0.0109375
1 0.75 0.503125 0.00625 0.009375
1 0.57265625 0.49921875 0.0046875 0.00625