1 0.2515625 0.4265625 0.03125 0.05
1 0.60625 0.5265625 0.0203125 0.040625
1 0.5546875 0.46796875 0.0078125 0.0125
1 0.6078125 0.4796875 0.0046875 0.009375
1 0.89609375 0.70703125 0.05 0.109375
1 0.64296875 0.48671875 0.0046875 0.0078125
1 0.62890625 0.48359375 0.0046875 0.00625
1 0.65546875 0.48984375 0.003125 0.00625
1 0.56953125 0.46171875 0.00625 0.0078125
1 0.66328125 0.49140625 0.003125 0.00625
1 0.6109375 0.47421875 0.003125 0.00625
1 0.54140625 0.45390625 0.0046875 0.009375
1 0.3375 0.3984375 0.00625 0.0125