1 0.696875 0.58671875 0.025 0.0359375
1 0.75625 0.60859375 0.0171875 0.025
1 0.5546875 0.4828125 0.0140625 0.025
1 0.740625 0.57890625 0.00625 0.0125
1 0.85859375 0.6609375 0.015625 0.01875
1 0.64609375 0.58671875 0.0375 0.05625
1 0.659375 0.53671875 0.0109375 0.0171875
1 0.69921875 0.76640625 0.1125 0.1515625
1 0.871875 0.66328125 0.0125 0.0140625
1 0.84375 0.6390625 0.009375 0.0125
1 0.76015625 0.5875 0.0078125 0.0125
1 0.63359375 0.50234375 0.00625 0.0078125
1 0.71171875 0.55390625 0.00625 0.0078125
1 0.64921875 0.50859375 0.0046875 0.009375
1 0.66796875 0.52421875 0.00625 0.0078125