1 0.63203125 0.478125 0.0046875 0.0125
1 0.59296875 0.49921875 0.01875 0.034375
1 0.54296875 0.4625 0.0046875 0.0140625
1 0.60703125 0.4828125 0.009375 0.01875
1 0.65 0.47890625 0.0046875 0.009375
1 0.2265625 0.48125 0.01875 0.040625
1 0.60390625 0.465625 0.0046875 0.0078125
1 0.58046875 0.46484375 0.0046875 0.009375
1 0.68671875 0.47890625 0.003125 0.00625
1 0.24453125 0.41953125 0.0046875 0.0109375
1 0.7125 0.48359375 0.003125 0.00625
1 0.6203125 0.46640625 0.003125 0.00625
1 0.67265625 0.4796875 0.003125 0.0078125
1 0.65703125 0.478125 0.0046875 0.009375
1 0.24921875 0.41953125 0.0046875 0.0109375
1 0.25390625 0.41875 0.0046875 0.0109375