1 0.7109375 0.5953125 0.015625 0.034375
1 0.6578125 0.6234375 0.0296875 0.0578125
1 0.5796875 0.5484375 0.015625 0.03125
1 0.43203125 0.52265625 0.0203125 0.034375
1 0.78984375 0.5984375 0.0125 0.0265625
1 0.865625 0.6125 0.009375 0.021875
1 0.6328125 0.55078125 0.0078125 0.0203125
1 0.69375 0.8390625 0.1046875 0.165625
1 0.428125 0.47890625 0.00625 0.0125
1 0.6109375 0.53203125 0.0046875 0.0125
1 0.57265625 0.51875 0.00625 0.0109375
1 0.5265625 0.5046875 0.00625 0.0125
1 0.4796875 0.49140625 0.00625 0.0109375
1 0.3796875 0.46875 0.0046875 0.0109375
0 0.73515625 0.57265625 0.00625 0.0171875
1 0.63515625 0.5421875 0.00625 0.015625
0 0.73671875 0.5546875 0.003125 0.0078125
0 0.7609375 0.5640625 0.003125 0.0078125
0 0.82265625 0.5796875 0.003125 0.0078125
0 0.80390625 0.571875 0.0015625 0.00625