1 0.61640625 0.47421875 0.0125 0.0203125
1 0.57890625 0.4625 0.009375 0.015625
1 0.684375 0.5140625 0.03125 0.046875
1 0.57109375 0.446875 0.003125 0.00625
1 0.7453125 0.46328125 0.00625 0.009375
1 0.53828125 0.45546875 0.009375 0.0140625
1 0.62109375 0.45234375 0.0046875 0.0078125
1 0.3125 0.4421875 0.0046875 0.00625
1 0.69453125 0.45703125 0.0046875 0.00625
1 0.1625 0.52890625 0.025 0.0453125
1 0.82265625 0.46640625 0.0046875 0.0078125
1 0.78828125 0.4640625 0.0046875 0.0078125
1 0.596875 0.45 0.0046875 0.0078125