1 0.43671875 0.50390625 0.00625 0.0125
1 0.4515625 0.4984375 0.00625 0.0125
1 0.41796875 0.5375 0.0125 0.0296875
1 0.4234375 0.51171875 0.0078125 0.015625
1 0.4171875 0.52109375 0.0109375 0.021875
1 0.31484375 0.5984375 0.0171875 0.0421875
1 0.41796875 0.490625 0.0046875 0.0078125
1 0.45390625 0.49140625 0.003125 0.0078125
1 0.43515625 0.490625 0.0046875 0.009375
1 0.39609375 0.49140625 0.0046875 0.0078125
1 0.36015625 0.4953125 0.003125 0.00625
1 0.32578125 0.5 0.0046875 0.00625
1 0.45546875 0.49453125 0.003125 0.0109375