1 0.38203125 0.52734375 0.009375 0.025
1 0.4796875 0.5 0.00390625 0.0109375
1 0.42421875 0.5125 0.00703125 0.01640625
1 0.4578125 0.50546875 0.00390625 0.0125
1 0.50546875 0.49453125 0.003125 0.01015625
1 0.4875 0.49296875 0.003125 0.0078125
1 0.3515625 0.50625 0.00390625 0.01015625
1 0.52734375 0.49140625 0.00234375 0.00859375
1 0.521875 0.490625 0.003125 0.0078125
1 0.41171875 0.5 0.00390625 0.009375
1 0.4578125 0.49609375 0.003125 0.009375
1 0.50546875 0.49140625 0.00234375 0.00859375
1 0.29453125 0.5640625 0.0078125 0.0328125