1 0.44765625 0.525 0.0203125 0.0390625
1 0.48359375 0.5125 0.0125 0.0265625
1 0.48046875 0.490625 0.0046875 0.0140625
1 0.3296875 0.48671875 0.00625 0.0203125
1 0.48125 0.4984375 0.00625 0.01875
1 0.484375 0.48671875 0.003125 0.0125
1 0.48203125 0.48203125 0.003125 0.009375
1 0.4796875 0.478125 0.0015625 0.0078125
1 0.78515625 0.55234375 0.009375 0.0140625
1 0.70546875 0.51640625 0.0078125 0.00625
1 0.328125 0.47578125 0.0046875 0.0171875
1 0.478125 0.47734375 0.0015625 0.009375
1 0.4765625 0.47421875 0.0015625 0.009375
1 0.4828125 0.47109375 0.003125 0.0078125
1 0.49921875 0.47265625 0.0015625 0.00625
1 0.5171875 0.47421875 0.0015625 0.00625
1 0.5296875 0.47421875 0.0015625 0.00625
1 0.5453125 0.47265625 0.0015625 0.0046875