1 0.41328125 0.53515625 0.015625 0.025
1 0.47890625 0.5078125 0.0125 0.0203125
1 0.58359375 0.478125 0.009375 0.015625
1 0.53203125 0.49140625 0.0109375 0.0171875
1 0.6453125 0.4625 0.009375 0.015625
1 0.69453125 0.44921875 0.00625 0.0109375
1 0.3890625 0.5453125 0.0140625 0.0265625
1 0.321875 0.6125 0.021875 0.0515625
1 0.61796875 0.453125 0.0046875 0.0078125
1 0.67421875 0.446875 0.00625 0.009375
1 0.68671875 0.4515625 0.00625 0.0125
1 0.65703125 0.4484375 0.0046875 0.0078125
1 0.63671875 0.45078125 0.0046875 0.0078125
1 0.6328125 0.446875 0.00625 0.009375
1 0.60390625 0.45234375 0.0046875 0.0078125
1 0.390625 0.5125 0.0046875 0.0078125
1 0.55703125 0.46328125 0.00625 0.0078125
1 0.6921875 0.4453125 0.00625 0.0109375
1 0.58359375 0.45859375 0.0046875 0.00625