1 0.69296875 0.653125 0.0578125 0.0796875
1 0.59453125 0.53359375 0.025 0.0375
1 0.60859375 0.5 0.0109375 0.0171875
1 0.5828125 0.49921875 0.0171875 0.025
1 0.67421875 0.528125 0.0078125 0.0125
1 0.578125 0.47578125 0.0078125 0.0125
1 0.6484375 0.515625 0.0078125 0.0140625
1 0.70703125 0.54453125 0.00625 0.009375
1 0.7140625 0.5453125 0.00625 0.0078125
1 0.6265625 0.5 0.00625 0.009375
1 0.5625 0.46171875 0.003125 0.00625
1 0.74765625 0.56171875 0.0046875 0.0078125
1 0.7625 0.57265625 0.00625 0.0078125
1 0.30078125 0.35 0.0046875 0.0078125
1 0.74140625 0.56328125 0.0046875 0.0078125
1 0.87265625 0.6359375 0.00625 0.009375
1 0.79609375 0.5890625 0.00625 0.0078125
1 0.6703125 0.521875 0.00625 0.0078125
1 0.80625 0.59140625 0.0046875 0.00625
1 0.259375 0.334375 0.0046875 0.0078125
1 0.778125 0.5734375 0.0046875 0.0078125
1 0.74453125 0.55546875 0.003125 0.00625
1 0.72734375 0.54609375 0.0046875 0.00625
1 0.76171875 0.5671875 0.0046875 0.0078125