1 0.61796875 0.51875 0.0109375 0.0234375
1 0.53359375 0.5171875 0.009375 0.0171875
1 0.41171875 0.5171875 0.00625 0.015625
1 0.734375 0.515625 0.0125 0.0234375
1 0.2890625 0.5421875 0.0140625 0.025
1 0.49921875 0.51171875 0.00625 0.0140625
1 0.3765625 0.528125 0.0078125 0.01875
1 0.79140625 0.484375 0.0046875 0.0125
1 0.5046875 0.50546875 0.0046875 0.0109375
1 0.52890625 0.50078125 0.0046875 0.009375
1 0.403125 0.5125 0.0046875 0.0125
1 0.746875 0.48515625 0.0046875 0.009375
1 0.6078125 0.4921875 0.003125 0.009375
1 0.56484375 0.496875 0.0046875 0.009375
1 0.70078125 0.4875 0.0046875 0.009375
1 0.37578125 0.51171875 0.003125 0.0109375
1 0.3375 0.51171875 0.003125 0.0109375
1 0.9296875 0.4671875 0.00625 0.009375
0 0.45078125 0.50625 0.003125 0.0109375
0 0.4578125 0.4984375 0.0015625 0.00625
0 0.4375 0.4984375 0.0015625 0.00625
0 0.415625 0.50078125 0.0015625 0.00625
0 0.38671875 0.5015625 0.0015625 0.00625