1 0.78359375 0.5171875 0.0140625 0.0234375
1 0.7234375 0.63671875 0.0671875 0.115625
1 0.6296875 0.47890625 0.009375 0.01875
1 0.67265625 0.4796875 0.0078125 0.0140625
1 0.79296875 0.50546875 0.0078125 0.015625
1 0.721875 0.52734375 0.025 0.0421875
1 0.54140625 0.46953125 0.0109375 0.0234375
1 0.74375 0.48828125 0.0046875 0.0109375
1 0.72109375 0.48125 0.0046875 0.009375
1 0.93203125 0.5203125 0.0046875 0.0078125
1 0.7046875 0.47890625 0.0046875 0.0078125
1 0.65390625 0.4703125 0.00625 0.009375
1 0.63984375 0.46171875 0.003125 0.00625
1 0.64765625 0.46640625 0.0046875 0.0078125
1 0.66640625 0.47421875 0.00625 0.0109375
1 0.853125 0.50625 0.00625 0.009375
1 0.6890625 0.471875 0.003125 0.00625
1 0.84609375 0.50234375 0.00625 0.0078125
1 0.89921875 0.51640625 0.0078125 0.0125
1 0.47734375 0.43828125 0.0046875 0.0125
1 0.9171875 0.5171875 0.0046875 0.0078125