0 0.21328125 0.54296875 0.0265625 0.04375
1 0.4125 0.4421875 0.0265625 0.040625
1 0.540625 0.4625 0.040625 0.0609375
0 0.24453125 0.45625 0.0125 0.0203125
0 0.28984375 0.43125 0.0109375 0.01875
0 0.2078125 0.6359375 0.0421875 0.06875
0 0.19453125 0.52109375 0.0203125 0.0328125
0 0.34375 0.4015625 0.009375 0.015625
0 0.3171875 0.415625 0.009375 0.0171875
0 0.1921875 0.5 0.015625 0.025
1 0.32109375 0.440625 0.0203125 0.03125
1 0.3421875 0.42109375 0.015625 0.0234375
0 0.3890625 0.38046875 0.0109375 0.015625
0 0.20546875 0.48515625 0.0125 0.0234375
1 0.36640625 0.4078125 0.0140625 0.021875
1 0.4171875 0.38203125 0.0140625 0.0203125
1 0.44296875 0.36953125 0.0109375 0.0171875
1 0.34453125 0.44453125 0.021875 0.0328125
1 0.46015625 0.35703125 0.009375 0.0125
0 0.40859375 0.36640625 0.0078125 0.0125
0 0.41953125 0.35703125 0.0078125 0.0125
1 0.95 0.65390625 0.1 0.1640625
0 0.409375 0.353125 0.0078125 0.009375
1 0.32421875 0.434375 0.015625 0.0234375
0 0.42890625 0.34921875 0.00625 0.009375
1 0.48671875 0.34140625 0.0078125 0.0125
1 0.43046875 0.3453125 0.00625 0.0078125
1 0.4703125 0.334375 0.00625 0.009375
1 0.48671875 0.334375 0.0078125 0.0109375