0 0.6765625 0.60390625 0.0421875 0.0625
0 0.62734375 0.53359375 0.01875 0.028125
0 0.6140625 0.51171875 0.0109375 0.0171875
1 0.55234375 0.47578125 0.0078125 0.0109375
0 0.28359375 0.42265625 0.0140625 0.0203125
1 0.58515625 0.48515625 0.00625 0.009375
1 0.603125 0.50078125 0.00625 0.0125
1 0.52578125 0.4703125 0.009375 0.015625
1 0.6203125 0.50390625 0.0078125 0.009375
1 0.63515625 0.50625 0.0046875 0.009375
1 0.74375 0.54609375 0.0078125 0.0078125
1 0.61953125 0.4953125 0.00625 0.0078125
1 0.60625 0.49140625 0.00625 0.0078125
1 0.64765625 0.509375 0.0078125 0.009375