1 0.7703125 0.628125 0.0359375 0.0546875
1 0.640625 0.54765625 0.00625 0.015625
1 0.684375 0.575 0.0171875 0.0296875
1 0.72734375 0.55625 0.00625 0.0109375
1 0.6140625 0.52890625 0.0046875 0.0078125
1 0.70546875 0.55078125 0.0046875 0.009375
1 0.609375 0.525 0.0046875 0.00625
1 0.62421875 0.53515625 0.0046875 0.0109375
1 0.6984375 0.54609375 0.0046875 0.00625
1 0.6109375 0.5265625 0.0046875 0.0078125
1 0.8171875 0.828125 0.1265625 0.175
1 0.67109375 0.53828125 0.003125 0.0046875
1 0.69296875 0.54375 0.0046875 0.00625
1 0.68203125 0.540625 0.003125 0.00625