1 0.6421875 0.41640625 0.021875 0.0390625
0 0.46171875 0.38671875 0.015625 0.03125
0 0.35546875 0.42109375 0.01875 0.0421875
1 0.68046875 0.39140625 0.015625 0.03125
0 0.5453125 0.36796875 0.0109375 0.025
0 0.6359375 0.3546875 0.009375 0.01875
0 0.60234375 0.35859375 0.0109375 0.0203125
1 0.7109375 0.37734375 0.0109375 0.0234375
1 0.74921875 0.365625 0.0109375 0.01875
1 0.765625 0.36328125 0.0078125 0.015625
0 0.18125 0.57578125 0.0453125 0.090625
0 0.6671875 0.35 0.0078125 0.015625
1 0.66328125 0.571875 0.040625 0.0859375
1 0.8734375 0.3734375 0.00625 0.0125
0 0.89375 0.37421875 0.0078125 0.0125
1 0.7875 0.3625 0.0078125 0.0140625
1 0.6046875 0.45234375 0.028125 0.053125
0 0.75078125 0.3484375 0.00625 0.0125
1 0.80390625 0.3625 0.00625 0.0125
1 0.82109375 0.36328125 0.0078125 0.0125
0 0.78125 0.3515625 0.0078125 0.0109375
1 0.9125 0.38359375 0.00625 0.0125
0 0.725 0.3484375 0.00625 0.0125
0 0.69609375 0.34921875 0.00625 0.0140625
1 0.73046875 0.37265625 0.0109375 0.0203125
0 0.809375 0.35625 0.00625 0.009375
1 0.85546875 0.36953125 0.0078125 0.0125
0 0.8515625 0.3640625 0.00625 0.009375