1 0.48046875 0.30546875 0.0625 0.071875
1 0.60546875 0.303125 0.0609375 0.078125
1 0.5984375 0.359375 0.0921875 0.096875
1 0.65625 0.30078125 0.0671875 0.1078125
1 0.75625 0.2953125 0.06875 0.10625
1 0.71484375 0.34765625 0.0734375 0.1203125
1 0.84375 0.32734375 0.08125 0.115625
1 0.79375 0.38125 0.0921875 0.1265625
0 0.90078125 0.3765625 0.0890625 0.1296875
0 0.853125 0.521875 0.090625 0.1609375
0 0.7125 0.4625 0.0875 0.140625
0 0.78984375 0.578125 0.109375 0.16875
0 0.39375 0.5671875 0.109375 0.121875
0 0.5015625 0.6046875 0.1140625 0.165625
0 0.54921875 0.48046875 0.109375 0.121875
0 0.5015625 0.34453125 0.0734375 0.0921875