0 0.27109375 0.521875 0.034375 0.0625
0 0.40234375 0.49453125 0.009375 0.0171875
1 0.75078125 0.5453125 0.0265625 0.0453125
1 0.59921875 0.49765625 0.0109375 0.0234375
1 0.55234375 0.4875 0.009375 0.0078125
1 0.51953125 0.47890625 0.003125 0.0109375
1 0.4546875 0.475 0.0046875 0.0078125
1 0.296875 0.47890625 0.0046875 0.00625
1 0.10234375 0.4859375 0.0046875 0.0125
0 0.17265625 0.4828125 0.0046875 0.015625
0 0.3078125 0.4765625 0.003125 0.009375
0 0.4296875 0.48359375 0.00625 0.015625
0 0.42265625 0.4796875 0.00625 0.00625