1 0.4875 0.3046875 0.0609375 0.06875
1 0.6125 0.30703125 0.0578125 0.0765625
1 0.603125 0.36328125 0.0890625 0.0953125
1 0.66328125 0.30625 0.0640625 0.10625
1 0.7625 0.3046875 0.0640625 0.1046875
1 0.7203125 0.35546875 0.0703125 0.11875
1 0.85 0.3390625 0.0765625 0.1140625
1 0.79765625 0.39140625 0.0890625 0.1234375
0 0.9046875 0.390625 0.084375 0.128125
0 0.85234375 0.534375 0.084375 0.159375
0 0.7140625 0.4703125 0.084375 0.1375
0 0.78671875 0.5875 0.1046875 0.1671875
0 0.3921875 0.56328125 0.10625 0.11875
0 0.4984375 0.6046875 0.109375 0.1625
0 0.55 0.48203125 0.10625 0.11875
0 0.50703125 0.34453125 0.071875 0.0890625