0 0.24609375 0.5875 0.0328125 0.059375
0 0.32578125 0.540625 0.015625 0.028125
1 0.65703125 0.54453125 0.0234375 0.040625
1 0.528125 0.5234375 0.0125 0.025
1 0.52265625 0.50703125 0.0078125 0.015625
1 0.55390625 0.5 0.00625 0.0125
1 0.46953125 0.51484375 0.009375 0.0171875
0 0.4265625 0.5125 0.00625 0.0125
0 0.4671875 0.50234375 0.00625 0.009375
0 0.44921875 0.5015625 0.003125 0.00625
0 0.46171875 0.50078125 0.003125 0.0078125
1 0.5109375 0.4953125 0.003125 0.0078125
1 0.55078125 0.49453125 0.003125 0.009375
0 0.33203125 0.5296875 0.00625 0.015625