0 0.33359375 0.4765625 0.0328125 0.0484375
1 0.5421875 0.51171875 0.0203125 0.0296875
1 0.41015625 0.475 0.0125 0.01875
0 0.27890625 0.453125 0.0171875 0.0296875
0 0.20859375 0.4390625 0.015625 0.0234375
1 0.2609375 0.44375 0.009375 0.015625
1 0.32265625 0.45703125 0.009375 0.0171875
0 0.1453125 0.43125 0.0078125 0.015625
0 0.19921875 0.43359375 0.0078125 0.0125
0 0.22265625 0.43359375 0.00625 0.009375
0 0.18515625 0.42734375 0.0046875 0.0078125
1 0.2859375 0.446875 0.0078125 0.0140625
1 0.29375 0.446875 0.0046875 0.009375