1 0.60859375 0.3421875 0.06796875 0.08515625
1 0.6703125 0.35078125 0.09296875 0.10234375
1 0.72578125 0.371875 0.10078125 0.0984375
1 0.79375 0.4546875 0.0859375 0.10625
1 0.721875 0.46328125 0.10078125 0.15234375
1 0.6078125 0.45 0.11484375 0.13125
0 0.38984375 0.3453125 0.09921875 0.1125
0 0.2609375 0.29765625 0.090625 0.0875
0 0.2203125 0.35234375 0.075 0.1453125
0 0.38203125 0.44296875 0.121875 0.13203125
0 0.34140625 0.49921875 0.1421875 0.15390625
0 0.58984375 0.54921875 0.13984375 0.15859375
0 0.7953125 0.55625 0.1203125 0.1921875
1 0.67578125 0.30390625 0.06953125 0.0703125