0 0.27578125 0.20703125 0.075 0.1296875
0 0.23046875 0.265625 0.1078125 0.1515625
0 0.39921875 0.2765625 0.06875 0.1375
0 0.353125 0.3359375 0.109375 0.1625
0 0.2734375 0.39921875 0.121875 0.1828125
0 0.1984375 0.4921875 0.15625 0.2171875
0 0.3625 0.56640625 0.1578125 0.2234375
0 0.48125 0.81875 0.1484375 0.2546875
1 0.51328125 0.33203125 0.0609375 0.1375
1 0.4640625 0.45546875 0.1078125 0.175
1 0.4984375 0.6203125 0.146875 0.21875
1 0.59765625 0.54921875 0.1140625 0.190625
1 0.59453125 0.440625 0.08125 0.1546875
1 0.7265625 0.52421875 0.1 0.1734375
1 0.765625 0.66171875 0.1515625 0.20625
1 0.6640625 0.7875 0.159375 0.2328125