0 0.21640625 0.3328125 0.0953125 0.165625
0 0.2453125 0.23515625 0.109375 0.096875
0 0.3953125 0.29296875 0.1171875 0.13125
0 0.371875 0.5125 0.1625 0.165625
0 0.4046875 0.4296875 0.1421875 0.15
1 0.68984375 0.21796875 0.078125 0.0875
1 0.61796875 0.27578125 0.0828125 0.1046875
1 0.690625 0.2859375 0.1015625 0.125
1 0.74765625 0.31171875 0.1140625 0.125
1 0.81953125 0.4140625 0.0953125 0.1203125
1 0.7484375 0.42734375 0.121875 0.16875
1 0.62890625 0.41953125 0.1296875 0.1515625
0 0.621875 0.56875 0.15625 0.178125
0 0.8265625 0.5578125 0.1328125 0.19375