0 0.33203125 0.49140625 0.0296875 0.046875
1 0.54296875 0.5078125 0.01875 0.0296875
1 0.40859375 0.48359375 0.0109375 0.01875
0 0.27578125 0.47265625 0.015625 0.028125
0 0.2046875 0.46484375 0.0140625 0.021875
1 0.25703125 0.46484375 0.0078125 0.0140625
1 0.31953125 0.47265625 0.0078125 0.0171875
0 0.140625 0.4625 0.00625 0.015625
0 0.19453125 0.46015625 0.0078125 0.0125
0 0.21796875 0.45859375 0.00625 0.009375
0 0.18046875 0.45546875 0.0046875 0.0078125
1 0.28203125 0.465625 0.00625 0.0140625
1 0.28984375 0.46484375 0.0046875 0.009375