1 0.5734375 0.3234375 0.084375 0.096875
1 0.6359375 0.31875 0.1125 0.11875
1 0.69453125 0.32734375 0.11875 0.1171875
1 0.778125 0.39453125 0.10625 0.121875
1 0.709375 0.41796875 0.1296875 0.1703125
1 0.5953125 0.42890625 0.1390625 0.1515625
0 0.36015625 0.371875 0.1203125 0.13125
0 0.22421875 0.3515625 0.10625 0.1046875
0 0.19609375 0.4140625 0.103125 0.1578125
0 0.37265625 0.46875 0.146875 0.1546875
0 0.34453125 0.53203125 0.1703125 0.1796875
0 0.5984375 0.5296875 0.1703125 0.184375
0 0.80078125 0.49375 0.1578125 0.2125
1 0.63125 0.271875 0.0828125 0.0828125