1 0.89765625 0.5375 0.053125 0.1015625
1 0.5984375 0.49765625 0.0125 0.028125
1 0.5453125 0.4875 0.00625 0.015625
1 0.49921875 0.4859375 0.003125 0.0109375
0 0.35234375 0.525 0.0140625 0.0296875
0 0.39453125 0.50703125 0.00625 0.01875
0 0.38828125 0.5 0.003125 0.009375
0 0.32890625 0.50859375 0.003125 0.009375
0 0.2671875 0.51796875 0.003125 0.009375
0 0.1953125 0.5296875 0.003125 0.0140625
0 0.10625 0.55 0.0046875 0.01875
1 0.34921875 0.50390625 0.003125 0.0078125
1 0.43046875 0.48984375 0.0046875 0.009375
1 0.25703125 0.51875 0.003125 0.009375