1 0.71015625 0.525 0.046875 0.0859375
1 0.675 0.48125 0.0171875 0.0265625
0 0.4265625 0.49921875 0.0203125 0.03125
0 0.26484375 0.53125 0.034375 0.0515625
1 0.60859375 0.47890625 0.0109375 0.0203125
0 0.4625 0.4953125 0.0078125 0.015625
0 0.46640625 0.49609375 0.0046875 0.0109375
0 0.54140625 0.48125 0.0046875 0.009375
0 0.578125 0.47578125 0.0046875 0.009375
0 0.575 0.475 0.003125 0.00625
1 0.571875 0.47890625 0.00625 0.0125
1 0.61875 0.4734375 0.00625 0.0125
1 0.653125 0.46953125 0.0046875 0.0109375
1 0.65546875 0.4671875 0.003125 0.0078125
1 0.621875 0.4703125 0.003125 0.0078125
0 0.56484375 0.47578125 0.003125 0.0078125