0 0.27734375 0.58984375 0.1359375 0.1421875
0 0.35078125 0.66640625 0.146875 0.1875
0 0.45390625 0.51015625 0.1265625 0.1390625
0 0.62578125 0.52890625 0.13125 0.175
0 0.75625 0.62734375 0.1390625 0.19375
0 0.653125 0.67578125 0.165625 0.2078125
0 0.88828125 0.43984375 0.115625 0.1640625
1 0.678125 0.37578125 0.1078125 0.1484375
1 0.75546875 0.43046875 0.10625 0.1515625
1 0.8421875 0.36328125 0.096875 0.14375
1 0.7453125 0.31015625 0.090625 0.1296875
1 0.6328125 0.3078125 0.09375 0.128125
1 0.575 0.30625 0.078125 0.096875
1 0.5578125 0.37734375 0.10625 0.115625
1 0.446875 0.28828125 0.0625 0.0671875