1 0.27421875 0.4328125 0.04375 0.06875
1 0.4921875 0.3484375 0.0296875 0.0484375
1 0.55859375 0.31171875 0.0203125 0.034375
1 0.6671875 0.284375 0.0140625 0.028125
1 0.73828125 0.27265625 0.009375 0.021875
1 0.83515625 0.26875 0.009375 0.0203125
1 0.88203125 0.26796875 0.009375 0.0203125
1 0.415625 0.28359375 0.0109375 0.0203125
1 0.28203125 0.309375 0.0125 0.0203125
1 0.1921875 0.3265625 0.0109375 0.021875
1 0.13984375 0.3390625 0.0109375 0.021875
1 0.11640625 0.34140625 0.009375 0.01875
1 0.07890625 0.35 0.0078125 0.0171875