1 0.4125 0.221875 0.009375 0.015625
1 0.36875 0.22109375 0.0109375 0.0171875
1 0.3734375 0.246875 0.015625 0.0234375
1 0.33359375 0.22265625 0.0109375 0.01875
1 0.31953125 0.2296875 0.0125 0.021875
1 0.50234375 0.28984375 0.01875 0.03125
1 0.5203125 0.3109375 0.0234375 0.0359375
1 0.265625 0.38984375 0.05625 0.0875
1 0.475 0.33046875 0.03125 0.0484375
1 0.446875 0.26640625 0.0171875 0.028125
1 0.43125 0.2203125 0.0078125 0.015625
1 0.47734375 0.221875 0.00625 0.0125
1 0.59609375 0.240625 0.00625 0.0109375
1 0.2390625 0.19140625 0.00625 0.009375
1 0.2921875 0.19375 0.0078125 0.0125
1 0.36015625 0.19765625 0.00625 0.0125
1 0.51484375 0.2265625 0.00625 0.0109375
1 0.56796875 0.2359375 0.00625 0.009375
1 0.6421875 0.25078125 0.00625 0.009375
1 0.70625 0.26484375 0.00625 0.0109375
1 0.73203125 0.27265625 0.0046875 0.009375
1 0.75 0.27734375 0.0046875 0.0078125
1 0.69609375 0.303125 0.009375 0.0125