1 0.7328125 0.6125 0.040625 0.08125
1 0.6234375 0.55546875 0.01953125 0.04140625
1 0.62734375 0.5375 0.009375 0.03046875
1 0.6421875 0.5296875 0.01015625 0.02109375
1 0.66328125 0.521875 0.00703125 0.01484375
1 0.65078125 0.51484375 0.0046875 0.0125
1 0.61640625 0.51171875 0.00390625 0.01015625
1 0.47265625 0.5109375 0.00390625 0.01015625
1 0.3796875 0.51015625 0.00390625 0.009375
1 0.4125 0.51171875 0.003125 0.009375
1 0.56015625 0.51171875 0.003125 0.009375
1 0.51015625 0.5125 0.00390625 0.009375