1 0.18046875 0.32734375 0.003125 0.009375
1 0.15703125 0.33046875 0.0046875 0.0109375
1 0.23984375 0.33046875 0.0046875 0.0109375
1 0.10703125 0.3359375 0.003125 0.0109375
1 0.38203125 0.33828125 0.0046875 0.0109375
1 0.18359375 0.33203125 0.003125 0.0109375
1 0.12734375 0.3390625 0.0046875 0.0109375
1 0.315625 0.33359375 0.003125 0.0109375
1 0.446875 0.3453125 0.0046875 0.0109375
1 0.4859375 0.35234375 0.0046875 0.0109375
1 0.51796875 0.36171875 0.00625 0.0140625
1 0.553125 0.37578125 0.0078125 0.0171875
1 0.6015625 0.41328125 0.015625 0.0296875
1 0.6828125 0.471875 0.0234375 0.0453125
1 0.1890625 0.32421875 0.003125 0.009375
1 0.1921875 0.321875 0.003125 0.009375