1 0.20859375 0.434375 0.034375 0.075
1 0.15078125 0.390625 0.0296875 0.0515625
1 0.146875 0.3140625 0.0109375 0.0234375
1 0.221875 0.290625 0.009375 0.0203125
1 0.25859375 0.2765625 0.009375 0.01875
1 0.3296875 0.259375 0.00625 0.015625
1 0.38125 0.2484375 0.00625 0.0140625
1 0.64453125 0.27890625 0.0125 0.0171875
1 0.0765625 0.33984375 0.0125 0.0265625
1 0.45078125 0.2390625 0.0046875 0.0140625
1 0.48828125 0.234375 0.00625 0.0125
1 0.5484375 0.22890625 0.0046875 0.0125
1 0.10234375 0.29765625 0.00625 0.015625
1 0.14609375 0.24296875 0.0046875 0.0140625
1 0.18828125 0.2765625 0.00625 0.0140625
1 0.62890625 0.22421875 0.00625 0.0109375
1 0.659375 0.2234375 0.0046875 0.0109375
1 0.6796875 0.221875 0.003125 0.0109375
1 0.69609375 0.22109375 0.003125 0.0109375