1 0.165625 0.3765625 0.009375 0.0171875
1 0.81484375 0.3953125 0.00625 0.0125
1 0.4796875 0.34453125 0.0046875 0.009375
1 0.7453125 0.371875 0.003125 0.0078125
1 0.765625 0.38046875 0.00625 0.009375
1 0.42109375 0.3484375 0.00625 0.0125
1 0.90625 0.4328125 0.0078125 0.0140625
1 0.2515625 0.36015625 0.0078125 0.0125
1 0.87421875 0.41796875 0.00625 0.0140625
1 0.79140625 0.3890625 0.00625 0.0109375
1 0.10859375 0.375 0.0078125 0.0140625
1 0.9 0.4453125 0.009375 0.0203125
1 0.8484375 0.40859375 0.00625 0.0140625
1 0.0625 0.38046875 0.0078125 0.0140625
1 0.1796875 0.3671875 0.0078125 0.0140625
1 0.9296875 0.44765625 0.009375 0.0171875
1 0.8921875 0.42578125 0.0078125 0.0140625
1 0.31796875 0.35546875 0.0078125 0.0125
1 0.83125 0.4328125 0.0125 0.0234375
1 0.73828125 0.43125 0.0171875 0.0328125
1 0.7796875 0.425 0.0140625 0.0265625
1 0.7109375 0.453125 0.021875 0.04375
1 0.6671875 0.49140625 0.03125 0.0625
1 0.67421875 0.571875 0.05 0.0984375