1 0.09296875 0.49921875 0.0203125 0.03125
1 0.146875 0.42734375 0.0078125 0.0140625
1 0.20234375 0.43984375 0.0109375 0.01875
1 0.22734375 0.4078125 0.00625 0.0109375
1 0.2640625 0.4 0.00625 0.009375
1 0.30234375 0.4171875 0.009375 0.015625
1 0.34296875 0.3921875 0.0046875 0.009375
1 0.403125 0.403125 0.0078125 0.0140625
1 0.49921875 0.3984375 0.009375 0.0125
1 0.47109375 0.3859375 0.0046875 0.0078125
1 0.61796875 0.40390625 0.0078125 0.0140625
1 0.7578125 0.425 0.009375 0.015625
1 0.53671875 0.38203125 0.003125 0.00625
1 0.55859375 0.38125 0.003125 0.0078125
1 0.62578125 0.384375 0.0015625 0.0046875
1 0.64140625 0.384375 0.0015625 0.0046875
1 0.65859375 0.38515625 0.0015625 0.0046875
1 0.64453125 0.38359375 0.0015625 0.0046875
1 0.7515625 0.40078125 0.003125 0.00625