1 0.8453125 0.659375 0.0359375 0.065625
1 0.825 0.60859375 0.01875 0.03125
1 0.75859375 0.5875 0.00625 0.015625
1 0.7546875 0.5953125 0.0125 0.021875
1 0.66484375 0.61484375 0.0234375 0.0375
1 0.5796875 0.5984375 0.0140625 0.0265625
1 0.47421875 0.5859375 0.0140625 0.0234375
1 0.38125 0.57265625 0.009375 0.01875
1 0.803125 0.58359375 0.0046875 0.0140625
1 0.8578125 0.57578125 0.0046875 0.0109375
1 0.92109375 0.57109375 0.003125 0.0109375
1 0.29921875 0.5625 0.0078125 0.01875
1 0.21015625 0.55078125 0.0078125 0.0171875