1 0.53359375 0.25625 0.00625 0.015625
1 0.5390625 0.2578125 0.00625 0.015625
1 0.5453125 0.26015625 0.00625 0.015625
1 0.5234375 0.26484375 0.0078125 0.0171875
1 0.48828125 0.27109375 0.0078125 0.01875
1 0.42578125 0.27890625 0.0078125 0.01875
1 0.3734375 0.2875 0.009375 0.0203125
1 0.33671875 0.29375 0.0078125 0.01875
1 0.30703125 0.29921875 0.009375 0.0203125
1 0.246875 0.315625 0.0109375 0.0234375
1 0.19140625 0.3328125 0.0109375 0.0234375
1 0.1359375 0.35859375 0.0125 0.0296875
1 0.1015625 0.3828125 0.015625 0.0359375
1 0.1359375 0.3875 0.0171875 0.040625
1 0.17734375 0.39609375 0.025 0.046875
1 0.23125 0.4265625 0.0359375 0.065625
1 0.23203125 0.53828125 0.053125 0.115625
1 0.36328125 0.2625 0.003125 0.0109375
1 0.32265625 0.26875 0.003125 0.009375
1 0.403125 0.25703125 0.0046875 0.009375
1 0.4984375 0.25703125 0.0046875 0.0125
1 0.4734375 0.25859375 0.0046875 0.0109375
1 0.46328125 0.25390625 0.003125 0.0109375
1 0.45 0.25625 0.0046875 0.0109375
1 0.45546875 0.2578125 0.0046875 0.0125