1 0.4625 0.26796875 0.009375 0.0140625
1 0.3765625 0.28828125 0.009375 0.015625
1 0.7328125 0.178125 0.0140625 0.021875
1 0.40625 0.30234375 0.0140625 0.0234375
1 0.4625 0.271875 0.009375 0.015625
1 0.42578125 0.2859375 0.009375 0.0171875
1 0.45390625 0.27734375 0.0109375 0.01875
1 0.403125 0.3125 0.0171875 0.028125
1 0.39296875 0.3 0.0109375 0.0203125
1 0.4359375 0.30234375 0.015625 0.025
1 0.28203125 0.3640625 0.0203125 0.0328125
1 0.4203125 0.3015625 0.015625 0.025
1 0.35234375 0.32890625 0.0171875 0.0296875
1 0.26171875 0.39765625 0.028125 0.0453125
1 0.30234375 0.44609375 0.0453125 0.0703125
1 0.46875 0.25859375 0.00625 0.0125
1 0.471875 0.25546875 0.0046875 0.009375