1 0.12265625 0.39921875 0.0140625 0.025
1 0.1546875 0.371875 0.009375 0.01875
1 0.17265625 0.35859375 0.009375 0.0171875
1 0.240625 0.40703125 0.0296875 0.046875
1 0.35703125 0.35859375 0.0296875 0.04375
1 0.46171875 0.31015625 0.0234375 0.034375
1 0.4828125 0.27421875 0.0125 0.021875
1 0.51171875 0.2484375 0.0109375 0.01875
1 0.5796875 0.2203125 0.0078125 0.0125
1 0.3125 0.29140625 0.0109375 0.015625
1 0.30546875 0.28984375 0.0078125 0.015625
1 0.63203125 0.20234375 0.00625 0.0109375
1 0.68515625 0.184375 0.00625 0.009375