1 0.18671875 0.46328125 0.0546875 0.1
1 0.16484375 0.3703125 0.0296875 0.0578125
1 0.1140625 0.3484375 0.0203125 0.040625
1 0.134375 0.328125 0.015625 0.028125
1 0.1953125 0.31484375 0.0125 0.0234375
1 0.265625 0.3046875 0.0109375 0.021875
1 0.32890625 0.29921875 0.009375 0.01875
1 0.4140625 0.29296875 0.0109375 0.01875
1 0.490625 0.290625 0.009375 0.01875
1 0.5859375 0.2921875 0.009375 0.01875
1 0.6828125 0.3 0.009375 0.0171875
1 0.78359375 0.31015625 0.0109375 0.021875
1 0.92265625 0.3375 0.0109375 0.0203125