1 0.74921875 0.75546875 0.075 0.1625
1 0.60390625 0.44140625 0.0203125 0.0421875
1 0.53671875 0.390625 0.0109375 0.0234375
1 0.50234375 0.37109375 0.0078125 0.01875
1 0.4828125 0.36015625 0.00625 0.015625
1 0.47109375 0.35234375 0.0046875 0.0140625
1 0.45859375 0.34765625 0.0046875 0.0125
1 0.4375 0.34375 0.003125 0.0109375
1 0.0578125 0.3875 0.0046875 0.015625
1 0.1421875 0.365625 0.0046875 0.0125
1 0.19375 0.353125 0.003125 0.0109375
1 0.21640625 0.346875 0.003125 0.009375
1 0.2328125 0.340625 0.003125 0.009375
1 0.4078125 0.34140625 0.0046875 0.009375
1 0.3828125 0.3375 0.003125 0.0109375
1 0.3875 0.3390625 0.003125 0.009375