1 0.5671875 0.33984375 0.0046875 0.0078125
1 0.3078125 0.35546875 0.00625 0.0109375
1 0.5875 0.340625 0.0046875 0.0078125
1 0.9140625 0.36640625 0.0046875 0.0109375
1 0.9015625 0.36796875 0.00625 0.0109375
1 0.48125 0.34453125 0.00625 0.0109375
1 0.5359375 0.34140625 0.0046875 0.0078125
1 0.84921875 0.3765625 0.009375 0.015625
1 0.3390625 0.35078125 0.00625 0.0109375
1 0.50859375 0.34296875 0.0046875 0.009375
1 0.27109375 0.359375 0.00625 0.0109375
1 0.88828125 0.37109375 0.00625 0.0125
1 0.22421875 0.36953125 0.00625 0.009375
1 0.8625 0.371875 0.00625 0.0125
1 0.85234375 0.38515625 0.009375 0.01875
1 0.03828125 0.41875 0.0078125 0.0125
1 0.18203125 0.37734375 0.00625 0.0109375
1 0.0859375 0.4046875 0.00625 0.0109375
1 0.128125 0.3921875 0.00625 0.0109375
1 0.83828125 0.39140625 0.0125 0.021875
1 0.746875 0.390625 0.0140625 0.025
1 0.61640625 0.39375 0.01875 0.03125
1 0.68203125 0.38828125 0.015625 0.0265625
1 0.8 0.39296875 0.0140625 0.025
1 0.52578125 0.40625 0.0203125 0.0375
1 0.603125 0.434375 0.03125 0.05
1 0.80859375 0.51015625 0.0453125 0.078125