1 0.26015625 0.6359375 0.0578125 0.125
1 0.11796875 0.51015625 0.01875 0.0359375
1 0.096875 0.48359375 0.00625 0.0140625
1 0.178125 0.48203125 0.0046875 0.0125
1 0.23984375 0.48359375 0.0046875 0.0109375
1 0.28359375 0.50078125 0.0171875 0.03125
1 0.315625 0.484375 0.00625 0.0109375
1 0.37265625 0.48671875 0.00625 0.0125
1 0.38359375 0.4921875 0.009375 0.0203125
1 0.403125 0.48828125 0.0078125 0.0171875
1 0.4375 0.48515625 0.0046875 0.0125
1 0.528125 0.49296875 0.0078125 0.01875
1 0.5328125 0.490625 0.00625 0.0140625
1 0.54765625 0.48984375 0.0046875 0.0140625
1 0.56953125 0.5 0.0140625 0.025
1 0.6125 0.490625 0.0046875 0.0125
1 0.65078125 0.4921875 0.0046875 0.0109375
1 0.7078125 0.5171875 0.015625 0.03125
1 0.85625 0.5046875 0.0078125 0.0125
1 0.8578125 0.52890625 0.015625 0.03125
1 0.9078125 0.5109375 0.0078125 0.015625
1 0.934375 0.51484375 0.0046875 0.0140625
1 0.8265625 0.621875 0.0484375 0.096875
1 0.93125 0.528125 0.0109375 0.0234375
1 0.48359375 0.48671875 0.003125 0.009375
1 0.5796875 0.4890625 0.003125 0.0078125
1 0.73984375 0.4984375 0.003125 0.009375