1 0.4640625 0.32578125 0.0046875 0.0140625
1 0.81171875 0.30703125 0.0078125 0.0171875
1 0.39453125 0.3421875 0.0046875 0.0125
1 0.52734375 0.31640625 0.00625 0.0140625
1 0.890625 0.30078125 0.0046875 0.0140625
1 0.83671875 0.3 0.0046875 0.0125
1 0.59453125 0.31171875 0.0078125 0.0171875
1 0.81328125 0.31953125 0.0109375 0.021875
1 0.6640625 0.3109375 0.009375 0.0203125
1 0.70859375 0.3203125 0.0125 0.0234375
1 0.76484375 0.34765625 0.015625 0.034375
1 0.90390625 0.353125 0.0125 0.03125
1 0.85390625 0.44453125 0.0296875 0.0703125