1 0.35078125 0.35625 0.01875 0.040625
1 0.4453125 0.30703125 0.0109375 0.0265625
1 0.4875 0.29296875 0.0078125 0.021875
1 0.534375 0.28203125 0.00625 0.01875
1 0.56796875 0.278125 0.00625 0.0171875
1 0.609375 0.27421875 0.00625 0.0171875
1 0.6515625 0.27109375 0.00625 0.0171875
1 0.68984375 0.26640625 0.0046875 0.0140625
1 0.71640625 0.2625 0.0046875 0.0125
1 0.72421875 0.2609375 0.0046875 0.009375
1 0.16953125 0.3265625 0.0046875 0.015625
1 0.10234375 0.3390625 0.0046875 0.0109375
1 0.1140625 0.3375 0.0046875 0.0125
1 0.13125 0.33203125 0.00625 0.0125
1 0.1921875 0.31953125 0.00625 0.0125
1 0.175 0.3234375 0.0046875 0.0125