1 0.29296875 0.44609375 0.0375 0.059375
1 0.3328125 0.38828125 0.0265625 0.0421875
1 0.30859375 0.3609375 0.0171875 0.0265625
1 0.33984375 0.3640625 0.021875 0.0328125
1 0.24140625 0.37421875 0.015625 0.025
1 0.16875 0.39609375 0.0109375 0.0203125
1 0.14765625 0.3984375 0.009375 0.0171875
1 0.1296875 0.4015625 0.0078125 0.0140625
1 0.12734375 0.4 0.0078125 0.0140625
1 0.13203125 0.38984375 0.00625 0.0109375
1 0.13359375 0.38515625 0.00625 0.0125
1 0.140625 0.38203125 0.0078125 0.0140625
1 0.14375 0.38046875 0.00625 0.0125
1 0.7421875 0.24609375 0.01875 0.0296875
1 0.0796875 0.4140625 0.0046875 0.009375
1 0.09453125 0.4046875 0.0078125 0.0125
1 0.11171875 0.39453125 0.0078125 0.0140625