1 0.4 0.275 0.0078125 0.0125
1 0.390625 0.2671875 0.00625 0.0109375
1 0.4484375 0.2828125 0.00625 0.0078125
1 0.1671875 0.21640625 0.00625 0.0125
1 0.33203125 0.24921875 0.0078125 0.0125
1 0.46328125 0.3015625 0.009375 0.0140625
1 0.42578125 0.27734375 0.00625 0.0109375
1 0.2109375 0.221875 0.00625 0.0125
1 0.2453125 0.23515625 0.009375 0.0140625
1 0.55390625 0.34609375 0.009375 0.015625
1 0.325 0.2546875 0.0078125 0.0140625
1 0.1796875 0.22265625 0.00625 0.0140625
1 0.63203125 0.39765625 0.009375 0.0171875
1 0.71875 0.46171875 0.0125 0.0203125
1 0.77265625 0.521875 0.01875 0.03125
1 0.828125 0.6140625 0.028125 0.0484375
1 0.46640625 0.2859375 0.0046875 0.009375
1 0.4625 0.28203125 0.003125 0.0078125