1 0.0765625 0.37109375 0.009375 0.0203125
1 0.12421875 0.35390625 0.0078125 0.01875
1 0.171875 0.33515625 0.0078125 0.01875
1 0.19296875 0.325 0.00625 0.01875
1 0.18515625 0.32421875 0.00625 0.0171875
1 0.18046875 0.3234375 0.00625 0.0140625
1 0.19375 0.31484375 0.0046875 0.0125
1 0.2796875 0.4 0.0296875 0.053125
1 0.4140625 0.340625 0.0234375 0.0390625
1 0.53828125 0.30703125 0.015625 0.0328125
1 0.6390625 0.28828125 0.015625 0.0328125
1 0.77578125 0.278125 0.0140625 0.028125
1 0.89921875 0.27734375 0.0125 0.0265625
1 0.225 0.30546875 0.0046875 0.009375
1 0.25859375 0.29453125 0.0046875 0.009375
1 0.29375 0.2859375 0.003125 0.009375
1 0.32421875 0.27734375 0.0046875 0.009375
1 0.34921875 0.27265625 0.0046875 0.009375