1 0.765625 0.79296875 0.0875 0.15
1 0.57734375 0.434375 0.0203125 0.034375
1 0.5484375 0.390625 0.0109375 0.021875
1 0.51875 0.371875 0.009375 0.0171875
1 0.49453125 0.359375 0.009375 0.015625
1 0.48125 0.35078125 0.0078125 0.015625
1 0.509375 0.35859375 0.0078125 0.0140625
1 0.52734375 0.3625 0.00625 0.0125
1 0.52421875 0.35625 0.0046875 0.009375
1 0.5171875 0.35078125 0.0046875 0.009375
1 0.5125 0.346875 0.0046875 0.0109375
1 0.5046875 0.3421875 0.0046875 0.0078125
1 0.49921875 0.33828125 0.0046875 0.009375
1 0.49609375 0.33515625 0.0046875 0.0078125
1 0.49296875 0.33359375 0.003125 0.0078125