1 0.25234375 0.2796875 0.0046875 0.0109375
1 0.315625 0.290625 0.0046875 0.0109375
1 0.3765625 0.3015625 0.003125 0.009375
1 0.41484375 0.3125 0.0046875 0.0109375
1 0.4453125 0.321875 0.0046875 0.0125
1 0.47890625 0.3359375 0.00625 0.0140625
1 0.52265625 0.3625 0.009375 0.0203125
1 0.57578125 0.39296875 0.0140625 0.0265625
1 0.7640625 0.5421875 0.021875 0.053125
1 0.09375 0.2671875 0.003125 0.0109375
1 0.1265625 0.27109375 0.0046875 0.0109375
1 0.0984375 0.25859375 0.0015625 0.00625
1 0.1140625 0.265625 0.003125 0.0078125
1 0.18046875 0.2734375 0.0015625 0.009375
1 0.1171875 0.26328125 0.0015625 0.00625
1 0.115625 0.26015625 0.003125 0.0078125
1 0.14140625 0.26171875 0.0015625 0.00625