1 0.90078125 0.821875 0.046875 0.075
1 0.55703125 0.4515625 0.028125 0.0515625
1 0.5 0.39765625 0.0140625 0.028125
1 0.4859375 0.375 0.009375 0.01875
1 0.4765625 0.36796875 0.00625 0.0125
1 0.440625 0.3640625 0.0078125 0.0140625
1 0.403125 0.3640625 0.00625 0.0125
1 0.3671875 0.365625 0.00625 0.0109375
1 0.33515625 0.3640625 0.0046875 0.009375
1 0.33828125 0.365625 0.0046875 0.009375
1 0.340625 0.3625 0.0046875 0.009375
1 0.34375 0.36640625 0.00625 0.0109375
1 0.35703125 0.35703125 0.003125 0.0078125
1 0.3609375 0.3546875 0.003125 0.00625
1 0.03515625 0.43671875 0.00625 0.0140625
1 0.0515625 0.42109375 0.00625 0.0109375
1 0.0609375 0.42578125 0.00625 0.0125
1 0.0671875 0.41875 0.00625 0.0109375
1 0.0734375 0.41875 0.00625 0.0109375
1 0.371875 0.353125 0.003125 0.0046875
1 0.3796875 0.3515625 0.0015625 0.0046875
1 0.35390625 0.3578125 0.003125 0.0078125
1 0.24609375 0.36796875 0.0046875 0.0125
1 0.24140625 0.36875 0.0046875 0.0125