1 0.17265625 0.2875 0.0109375 0.0234375
1 0.21171875 0.271875 0.00625 0.01875
1 0.23203125 0.2640625 0.0078125 0.015625
1 0.28203125 0.33125 0.0234375 0.04375
1 0.4078125 0.32109375 0.0234375 0.040625
1 0.521875 0.30703125 0.01875 0.03125
1 0.55390625 0.2796875 0.009375 0.0203125
1 0.58828125 0.2640625 0.0078125 0.01875
1 0.6625 0.25859375 0.0046875 0.0109375
1 0.38671875 0.24375 0.0078125 0.0140625
1 0.3796875 0.23984375 0.00625 0.015625
1 0.7171875 0.2578125 0.0046875 0.0109375
1 0.77421875 0.25703125 0.0046875 0.009375