1 0.6578125 0.81953125 0.1046875 0.1703125
1 0.6171875 0.4765625 0.028125 0.0453125
1 0.56875 0.4078125 0.015625 0.025
1 0.5421875 0.378125 0.0109375 0.01875
1 0.5265625 0.36171875 0.009375 0.0171875
1 0.51796875 0.35078125 0.0078125 0.0140625
1 0.5078125 0.3421875 0.00625 0.0125
1 0.4890625 0.33203125 0.00625 0.0109375
1 0.1140625 0.25625 0.0078125 0.015625
1 0.2015625 0.26171875 0.00625 0.0125
1 0.25390625 0.265625 0.0046875 0.0109375
1 0.278125 0.26640625 0.0046875 0.009375
1 0.2953125 0.265625 0.0046875 0.009375
1 0.46171875 0.3203125 0.00625 0.009375
1 0.4390625 0.30859375 0.00625 0.0109375
1 0.44296875 0.3125 0.0046875 0.009375