1 0.35625 0.35078125 0.01796875 0.040625
1 0.45234375 0.30546875 0.01015625 0.0265625
1 0.49453125 0.29296875 0.0078125 0.02109375
1 0.5421875 0.28359375 0.00625 0.01796875
1 0.57578125 0.28046875 0.00625 0.01640625
1 0.6171875 0.278125 0.00625 0.01640625
1 0.659375 0.2765625 0.00546875 0.01640625
1 0.69765625 0.2734375 0.0046875 0.0140625
1 0.72421875 0.2703125 0.0046875 0.01171875
1 0.7328125 0.26875 0.00390625 0.00859375
1 0.17578125 0.31484375 0.0046875 0.015625
1 0.10859375 0.325 0.00390625 0.0109375
1 0.1203125 0.32421875 0.00390625 0.01171875
1 0.1375 0.31953125 0.00625 0.0125
1 0.1984375 0.30859375 0.00625 0.0125
1 0.18125 0.3125 0.0046875 0.0125