1 0.91171875 0.50625 0.021875 0.04375
1 0.725 0.39453125 0.0140625 0.03125
1 0.5703125 0.3421875 0.009375 0.021875
1 0.54609375 0.3203125 0.00625 0.015625
1 0.5890625 0.32265625 0.0046875 0.0109375
1 0.48203125 0.32421875 0.0078125 0.01875
1 0.49140625 0.315625 0.00625 0.0140625
1 0.384375 0.31953125 0.00625 0.015625
1 0.41640625 0.3109375 0.00625 0.0125
1 0.29453125 0.31953125 0.0078125 0.0140625
1 0.24140625 0.3203125 0.0046875 0.0140625
1 0.246875 0.31484375 0.0046875 0.0125
1 0.29296875 0.30859375 0.003125 0.009375
1 0.62265625 0.3234375 0.0046875 0.0109375
1 0.61484375 0.3171875 0.003125 0.00625
1 0.3484375 0.309375 0.00625 0.0109375