1 0.0734375 0.3296875 0.00625 0.0109375
1 0.1796875 0.3125 0.00625 0.0125
1 0.196875 0.30859375 0.00625 0.0125
1 0.1484375 0.31484375 0.00625 0.0125
1 0.16015625 0.3140625 0.0046875 0.0109375
1 0.2015625 0.31328125 0.0078125 0.0140625
1 0.1359375 0.3375 0.0078125 0.0171875
1 0.175 0.321875 0.0078125 0.015625
1 0.11484375 0.35078125 0.0109375 0.01875
1 0.146875 0.35 0.0109375 0.021875
1 0.19921875 0.3453125 0.0140625 0.0265625
1 0.23359375 0.3640625 0.0203125 0.0375
1 0.215625 0.40859375 0.0265625 0.053125