1 0.1671875 0.41484375 0.0046875 0.009375
1 0.14609375 0.42265625 0.00625 0.0078125
1 0.0390625 0.4703125 0.00625 0.0109375
1 0.22578125 0.3953125 0.00625 0.0078125
1 0.46171875 0.346875 0.00625 0.009375
1 0.13046875 0.43125 0.00625 0.009375
1 0.15078125 0.4234375 0.00625 0.009375
1 0.47265625 0.35546875 0.0078125 0.0125
1 0.5 0.37265625 0.0125 0.01875
1 0.5640625 0.41484375 0.025 0.040625
1 0.52734375 0.35234375 0.009375 0.0140625
1 0.53359375 0.353125 0.0078125 0.0140625
1 0.53828125 0.35234375 0.0078125 0.0140625