1 0.28046875 0.425 0.034375 0.06875
1 0.3625 0.34140625 0.01796875 0.0390625
1 0.38984375 0.3171875 0.0140625 0.03125
1 0.41484375 0.2921875 0.009375 0.02421875
1 0.44921875 0.275 0.0078125 0.01875
1 0.50234375 0.26953125 0.00625 0.01875
1 0.56015625 0.2625 0.00625 0.01640625
1 0.5890625 0.25 0.00390625 0.0140625
1 0.62265625 0.24140625 0.0046875 0.0125
1 0.40390625 0.253125 0.00390625 0.0140625
1 0.690625 0.23203125 0.0046875 0.01015625
1 0.7421875 0.225 0.00390625 0.009375
1 0.48359375 0.2390625 0.00390625 0.00859375