1 0.2765625 0.43671875 0.0375 0.0703125
1 0.3546875 0.3484375 0.0203125 0.040625
1 0.38046875 0.3234375 0.015625 0.03125
1 0.40390625 0.296875 0.0109375 0.025
1 0.4375 0.278125 0.009375 0.01875
1 0.490625 0.26953125 0.0078125 0.01875
1 0.54765625 0.259375 0.0078125 0.0171875
1 0.57578125 0.2453125 0.0046875 0.0140625
1 0.60859375 0.23515625 0.0046875 0.0125
1 0.39140625 0.25859375 0.0046875 0.0140625
1 0.6765625 0.22265625 0.0046875 0.0109375
1 0.72734375 0.2125 0.0046875 0.009375
1 0.4703125 0.240625 0.0046875 0.009375