1 0.81015625 0.703125 0.065625 0.121875
1 0.6296875 0.47265625 0.028125 0.05
1 0.51484375 0.4015625 0.015625 0.03125
1 0.41796875 0.36484375 0.0109375 0.0234375
1 0.34375 0.3484375 0.009375 0.0203125
1 0.2890625 0.3390625 0.0078125 0.0171875
1 0.24453125 0.33359375 0.009375 0.015625
1 0.21015625 0.32890625 0.0078125 0.015625
1 0.20234375 0.31875 0.00625 0.0125
1 0.1828125 0.32421875 0.0078125 0.0140625
1 0.18671875 0.321875 0.00625 0.0140625
1 0.21953125 0.315625 0.00625 0.0109375
1 0.24375 0.3140625 0.0046875 0.009375
1 0.27109375 0.3125 0.0046875 0.0109375
1 0.31171875 0.31328125 0.0046875 0.009375
1 0.31796875 0.30625 0.003125 0.0078125
1 0.328125 0.30859375 0.003125 0.0078125
1 0.33359375 0.309375 0.003125 0.0078125
1 0.33671875 0.3109375 0.003125 0.0078125
1 0.3390625 0.31328125 0.003125 0.0078125
1 0.3 0.3046875 0.003125 0.00625