1 0.13046875 0.35625 0.0078125 0.01796875
1 0.21875 0.3296875 0.00625 0.01640625
1 0.2984375 0.3078125 0.0046875 0.01328125
1 0.2828125 0.35078125 0.01328125 0.03125
1 0.3265625 0.32421875 0.009375 0.02265625
1 0.36640625 0.30703125 0.00703125 0.01875
1 0.3921875 0.296875 0.00546875 0.01640625
1 0.425 0.2875 0.00625 0.0140625
1 0.4671875 0.27421875 0.00546875 0.0125
1 0.2015625 0.40703125 0.01875 0.04609375
1 0.4546875 0.278125 0.00390625 0.0125
1 0.3609375 0.2921875 0.00546875 0.0140625
1 0.39296875 0.28515625 0.003125 0.01015625