1 0.1859375 0.5234375 0.04375 0.0953125
1 0.14609375 0.43671875 0.0234375 0.05625
1 0.0921875 0.425 0.015625 0.0390625
1 0.1078125 0.40078125 0.0125 0.028125
1 0.165625 0.3765625 0.009375 0.021875
1 0.2328125 0.353125 0.0078125 0.0203125
1 0.29296875 0.33515625 0.0078125 0.01875
1 0.3765625 0.3125 0.0078125 0.01875
1 0.45078125 0.29609375 0.0078125 0.0171875
1 0.54453125 0.2796875 0.0078125 0.01875
1 0.64140625 0.26953125 0.00625 0.0171875
1 0.74140625 0.259375 0.0078125 0.021875
1 0.884375 0.26015625 0.0078125 0.01875