1 0.871875 0.36796875 0.009375 0.015625
1 0.8921875 0.36953125 0.00625 0.0109375
1 0.78359375 0.33984375 0.00625 0.0109375
1 0.91171875 0.3765625 0.009375 0.015625
1 0.12734375 0.27421875 0.0078125 0.015625
1 0.75859375 0.33828125 0.009375 0.0171875
1 0.40234375 0.2734375 0.0078125 0.0125
1 0.71875 0.32578125 0.0078125 0.0109375
1 0.8171875 0.3546875 0.0109375 0.0171875
1 0.6375 0.30703125 0.009375 0.0140625
1 0.69140625 0.32265625 0.009375 0.015625
1 0.47109375 0.28203125 0.0078125 0.015625
1 0.1953125 0.27109375 0.0078125 0.015625
1 0.621875 0.30703125 0.0109375 0.015625
1 0.54375 0.29375 0.0109375 0.0171875
1 0.1453125 0.34296875 0.028125 0.053125
1 0.23125 0.27109375 0.00625 0.0109375
1 0.2734375 0.26875 0.00625 0.0109375
1 0.9296875 0.38125 0.0046875 0.009375
1 0.93984375 0.38515625 0.00625 0.0109375