1 0.09375 0.5203125 0.01796875 0.03046875
1 0.14375 0.44609375 0.0078125 0.01328125
1 0.19921875 0.45546875 0.01015625 0.01875
1 0.22265625 0.421875 0.00625 0.0109375
1 0.259375 0.4125 0.00546875 0.009375
1 0.2984375 0.42734375 0.009375 0.01484375
1 0.3375 0.40078125 0.0046875 0.00859375
1 0.3984375 0.40859375 0.00703125 0.01328125
1 0.49375 0.3984375 0.009375 0.01171875
1 0.46484375 0.3875 0.00390625 0.0078125
1 0.6125 0.39765625 0.0078125 0.01328125
1 0.75390625 0.41171875 0.0078125 0.015625
1 0.53046875 0.38046875 0.00234375 0.00546875
1 0.55234375 0.378125 0.003125 0.00703125
1 0.61953125 0.378125 0.0015625 0.00390625
1 0.63515625 0.37734375 0.0015625 0.00390625
1 0.65234375 0.37734375 0.0015625 0.0046875
1 0.63828125 0.3765625 0.0015625 0.00390625
1 0.74609375 0.3875 0.00234375 0.00625