1 0.08515625 0.509375 0.0390625 0.0671875
1 0.07265625 0.4703125 0.025 0.0390625
1 0.13515625 0.45390625 0.009375 0.01875
1 0.13984375 0.45546875 0.0109375 0.0203125
1 0.14609375 0.45390625 0.0078125 0.0171875
1 0.1796875 0.4625 0.0140625 0.0234375
1 0.1765625 0.45234375 0.00625 0.0125
1 0.28359375 0.4734375 0.015625 0.0234375
1 0.415625 0.4875 0.0140625 0.021875
1 0.6515625 0.55625 0.03125 0.0484375
1 0.6078125 0.525 0.01875 0.03125
1 0.48359375 0.4921875 0.0109375 0.01875
1 0.49765625 0.48984375 0.0078125 0.015625
1 0.209375 0.4546875 0.00625 0.0109375
1 0.2453125 0.45859375 0.0046875 0.009375
1 0.3421875 0.46484375 0.003125 0.0078125
1 0.4390625 0.4765625 0.0046875 0.009375
1 0.465625 0.48203125 0.00625 0.0109375
1 0.4890625 0.484375 0.0078125 0.0140625