1 0.909375 0.5421875 0.01796875 0.04296875
1 0.73359375 0.41484375 0.0109375 0.0296875
1 0.58359375 0.34921875 0.0078125 0.02109375
1 0.56171875 0.325 0.00546875 0.01484375
1 0.60390625 0.33125 0.00390625 0.0109375
1 0.49765625 0.3234375 0.00625 0.01796875
1 0.5078125 0.315625 0.0046875 0.01328125
1 0.40078125 0.31015625 0.00546875 0.015625
1 0.4328125 0.3046875 0.0046875 0.01171875
1 0.3109375 0.30234375 0.00625 0.0140625
1 0.2578125 0.2984375 0.00390625 0.01328125
1 0.2640625 0.29375 0.003125 0.01171875
1 0.31015625 0.29140625 0.003125 0.00859375
1 0.6375 0.33515625 0.003125 0.01015625
1 0.63046875 0.328125 0.00234375 0.00625
1 0.365625 0.296875 0.0046875 0.0109375