1 0.19453125 0.63515625 0.0453125 0.0765625
1 0.2203125 0.490625 0.01875 0.0328125
1 0.246875 0.43125 0.009375 0.015625
1 0.30546875 0.40078125 0.00625 0.009375
1 0.09921875 0.45078125 0.0046875 0.0078125
1 0.103125 0.43671875 0.003125 0.003125
1 0.153125 0.43359375 0.003125 0.0046875
1 0.175 0.4234375 0.003125 0.003125
1 0.15 0.42734375 0.003125 0.0046875
1 0.2109375 0.40859375 0.0015625 0.0046875
1 0.2484375 0.403125 0.0015625 0.0046875
1 0.290625 0.39765625 0.003125 0.003125
1 0.31796875 0.3953125 0.003125 0.00625
1 0.08671875 0.4453125 0.0015625 0.0078125