1 0.26484375 0.40703125 0.05625 0.0890625
1 0.3390625 0.32578125 0.03125 0.05
1 0.3921875 0.29375 0.01875 0.0328125
1 0.44609375 0.28125 0.0140625 0.025
1 0.50390625 0.27890625 0.0125 0.021875
1 0.53125 0.27890625 0.0109375 0.0203125
1 0.51328125 0.271875 0.0078125 0.0171875
1 0.47578125 0.25703125 0.0078125 0.015625
1 0.48671875 0.26328125 0.009375 0.01875
1 0.49453125 0.25703125 0.0078125 0.0140625
1 0.5125 0.2578125 0.0078125 0.0140625
1 0.5390625 0.259375 0.0078125 0.0125
1 0.553125 0.26171875 0.00625 0.0109375