0 0.3640625 0.34453125 0.0296875 0.0625
0 0.41875 0.2484375 0.0171875 0.0359375
0 0.44140625 0.20546875 0.0125 0.025
0 0.453125 0.18046875 0.0078125 0.01875
0 0.46171875 0.165625 0.0078125 0.015625
0 0.4671875 0.15546875 0.00625 0.0140625
0 0.4703125 0.146875 0.0046875 0.0125
1 0.70546875 0.28984375 0.03125 0.0640625
1 0.61796875 0.21484375 0.0171875 0.0375
1 0.5828125 0.1796875 0.0140625 0.028125
1 0.5625 0.159375 0.0078125 0.021875
1 0.55078125 0.14921875 0.0078125 0.01875
1 0.5421875 0.140625 0.00625 0.0140625
1 0.53515625 0.134375 0.003125 0.0109375
1 0.53046875 0.12890625 0.0046875 0.0109375