0 0.18203125 0.86640625 0.1390625 0.225
0 0.2578125 0.359375 0.0390625 0.059375
0 0.55 0.29375 0.0359375 0.0609375
0 0.08125 0.37265625 0.0296875 0.046875
0 0.04375 0.35390625 0.0234375 0.0375
0 0.07890625 0.31953125 0.01875 0.0296875
0 0.140625 0.28984375 0.0140625 0.025
0 0.22734375 0.253125 0.0125 0.021875
0 0.325 0.21875 0.0109375 0.01875
0 0.6359375 0.146875 0.0109375 0.021875
0 0.53046875 0.16875 0.009375 0.0203125
0 0.42109375 0.1921875 0.009375 0.0171875
0 0.7515625 0.12890625 0.0140625 0.025
0 0.84375 0.19140625 0.034375 0.0546875
1 0.0359375 0.31171875 0.0171875 0.0265625
1 0.15390625 0.26875 0.0109375 0.0203125
1 0.2890625 0.22109375 0.009375 0.01875
1 0.5453125 0.15859375 0.0109375 0.01875
1 0.41015625 0.18828125 0.009375 0.01875
1 0.67421875 0.1296875 0.0125 0.021875
1 0.83984375 0.10078125 0.0140625 0.025