0 0.31328125 0.33125 0.0296875 0.046875
0 0.35390625 0.2703125 0.01875 0.0328125
0 0.37265625 0.23828125 0.0125 0.0234375
0 0.38359375 0.21640625 0.009375 0.01875
0 0.38984375 0.20078125 0.0078125 0.0140625
0 0.39453125 0.190625 0.00625 0.0109375
0 0.39921875 0.18359375 0.0046875 0.009375
0 0.4015625 0.1765625 0.0046875 0.0078125
0 0.403125 0.16953125 0.003125 0.0078125
1 0.55546875 0.25625 0.028125 0.0484375
1 0.51015625 0.21796875 0.01875 0.03125
1 0.4890625 0.1984375 0.0125 0.021875
1 0.47578125 0.18359375 0.009375 0.01875
1 0.4671875 0.1734375 0.00625 0.0140625
1 0.4609375 0.16796875 0.0046875 0.0109375
1 0.45546875 0.1625 0.0046875 0.009375
1 0.4515625 0.15625 0.0046875 0.0078125