0 0.18359375 0.42734375 0.0625 0.1
0 0.378125 0.275 0.0265625 0.0484375
0 0.44296875 0.22890625 0.0171875 0.0328125
0 0.47578125 0.20390625 0.0125 0.0234375
0 0.49453125 0.1890625 0.009375 0.0203125
0 0.50703125 0.1765625 0.009375 0.015625
0 0.51484375 0.16796875 0.00625 0.0125
1 0.68828125 0.446875 0.05625 0.1046875
1 0.62734375 0.27734375 0.0265625 0.0484375
1 0.609375 0.23125 0.01875 0.0328125
1 0.5984375 0.20390625 0.0109375 0.0234375
1 0.5921875 0.18828125 0.0109375 0.01875
1 0.58984375 0.17734375 0.0078125 0.015625