0 0.08828125 0.62734375 0.1171875 0.196875
0 0.4390625 0.41328125 0.0671875 0.1109375
1 0.3296875 0.26640625 0.040625 0.0640625
1 0.15 0.2015625 0.0265625 0.0453125
1 0.14921875 0.16640625 0.01875 0.0328125
0 0.5015625 0.234375 0.0234375 0.04375
0 0.7390625 0.2734375 0.025 0.046875
0 0.36328125 0.1953125 0.01875 0.0359375
0 0.3296875 0.17421875 0.0140625 0.0296875
0 0.3546875 0.1578125 0.0125 0.0234375
0 0.4046875 0.1546875 0.0109375 0.0203125
0 0.48125 0.15234375 0.0078125 0.0171875
0 0.571875 0.15625 0.0078125 0.0171875
0 0.66328125 0.165625 0.0078125 0.015625
0 0.76875 0.18359375 0.009375 0.0171875
0 0.8734375 0.2 0.0109375 0.0203125
1 0.91953125 0.19765625 0.0109375 0.01875
1 0.7875 0.1796875 0.0078125 0.0171875
1 0.65390625 0.16015625 0.0078125 0.015625
1 0.5390625 0.146875 0.0078125 0.0171875
1 0.415625 0.1421875 0.009375 0.01875
1 0.315625 0.13984375 0.0109375 0.021875
1 0.22578125 0.1484375 0.0140625 0.025