0 0.1671875 0.8078125 0.1453125 0.225
0 0.51640625 0.26640625 0.0359375 0.059375
0 0.22578125 0.33046875 0.0375 0.059375
0 0.04140625 0.34140625 0.0296875 0.0484375
0 0.03359375 0.28984375 0.0171875 0.0296875
0 0.096875 0.26015625 0.0140625 0.025
0 0.18671875 0.22421875 0.0140625 0.0203125
0 0.28671875 0.19140625 0.0109375 0.0203125
0 0.3828125 0.16484375 0.009375 0.0203125
0 0.49296875 0.1453125 0.009375 0.0171875
0 0.59609375 0.125 0.0109375 0.0203125
0 0.70859375 0.10859375 0.0125 0.0234375
0 0.796875 0.1703125 0.0296875 0.0515625
0 0.82265625 0.10390625 0.015625 0.0296875
1 0.11015625 0.2390625 0.0109375 0.0203125
1 0.25 0.19375 0.0109375 0.021875
1 0.37265625 0.16328125 0.009375 0.0203125
1 0.5078125 0.134375 0.009375 0.01875
1 0.63515625 0.1078125 0.009375 0.0203125
1 0.7921875 0.08359375 0.0109375 0.0234375