0 0.40546875 0.39296875 0.0453125 0.0875
0 0.4734375 0.259375 0.0203125 0.04375
0 0.496875 0.2171875 0.0140625 0.0296875
0 0.509375 0.19453125 0.009375 0.0203125
0 0.5171875 0.1828125 0.0078125 0.0171875
0 0.521875 0.17109375 0.0046875 0.0140625
1 0.87421875 0.39453125 0.0515625 0.090625
1 0.71328125 0.25703125 0.021875 0.0453125
1 0.66015625 0.2140625 0.0140625 0.03125
1 0.63125 0.19140625 0.0109375 0.021875
1 0.615625 0.1796875 0.009375 0.0171875
1 0.60390625 0.1734375 0.0078125 0.0140625
1 0.7421875 0.16328125 0.0078125 0.015625