0 0.4078125 0.3328125 0.040625 0.071875
0 0.4859375 0.24609375 0.021875 0.0390625
0 0.51796875 0.2109375 0.0140625 0.0265625
0 0.534375 0.190625 0.0109375 0.021875
0 0.54453125 0.1765625 0.0078125 0.015625
0 0.5515625 0.1671875 0.00625 0.0125
0 0.55546875 0.16171875 0.00625 0.0109375
1 0.77734375 0.35625 0.0453125 0.075
1 0.69921875 0.26171875 0.0234375 0.0421875
1 0.66484375 0.21875 0.015625 0.028125
1 0.6484375 0.196875 0.0109375 0.021875
1 0.6375 0.18359375 0.0078125 0.0171875
1 0.63046875 0.17109375 0.00625 0.0140625
1 0.625 0.16484375 0.0046875 0.009375