0 0.175 0.68515625 0.10625 0.175
0 0.4109375 0.434375 0.0578125 0.09375
0 0.40625 0.27734375 0.0203125 0.040625
0 0.634375 0.2546875 0.021875 0.0453125
0 0.26171875 0.275 0.0171875 0.034375
0 0.22109375 0.26484375 0.015625 0.0296875
0 0.23828125 0.24453125 0.0125 0.0234375
0 0.284375 0.2296875 0.0109375 0.0203125
0 0.35703125 0.209375 0.009375 0.0171875
0 0.44453125 0.19140625 0.0078125 0.0171875
0 0.5328125 0.178125 0.00625 0.015625
0 0.63515625 0.171875 0.0078125 0.015625
0 0.734375 0.1609375 0.0078125 0.0171875
0 0.84296875 0.15859375 0.009375 0.0203125
0 0.8828125 0.2109375 0.021875 0.04375
1 0.2578125 0.34375 0.0296875 0.059375
1 0.0578125 0.3359375 0.025 0.0453125
1 0.10859375 0.26796875 0.0125 0.025
1 0.19375 0.23671875 0.009375 0.0203125
1 0.29140625 0.21640625 0.00625 0.015625
1 0.4109375 0.19140625 0.00625 0.015625
1 0.52265625 0.1765625 0.0046875 0.015625
1 0.65078125 0.16328125 0.0078125 0.0171875
1 0.775 0.15078125 0.009375 0.01875
1 0.04453125 0.30625 0.009375 0.0265625