0 0.278125 0.54765625 0.0859375 0.1234375
0 0.25546875 0.33984375 0.0296875 0.046875
0 0.48984375 0.27109375 0.0296875 0.0484375
0 0.72265625 0.1796875 0.028125 0.0453125
0 0.8015625 0.134375 0.0234375 0.034375
0 0.765625 0.121875 0.0171875 0.0296875
0 0.66953125 0.13359375 0.0140625 0.021875
0 0.56875 0.15546875 0.0125 0.0203125
0 0.475 0.1796875 0.0109375 0.01875
0 0.2875 0.23671875 0.0109375 0.0171875
0 0.19921875 0.271875 0.0125 0.0203125
0 0.09921875 0.36796875 0.0265625 0.040625
0 0.053125 0.3625 0.021875 0.034375
0 0.0734375 0.3359375 0.01875 0.028125
0 0.1234375 0.30859375 0.0140625 0.0234375
1 0.86875 0.28515625 0.0609375 0.0953125
1 0.0953125 0.45625 0.0484375 0.0703125
1 0.02421875 0.3359375 0.0140625 0.021875
1 0.12890625 0.29140625 0.0109375 0.01875
1 0.253125 0.24296875 0.0078125 0.015625
1 0.36484375 0.20546875 0.0078125 0.0171875
1 0.4890625 0.17109375 0.0109375 0.0171875
1 0.6046875 0.13671875 0.0125 0.0203125
1 0.74609375 0.1046875 0.0140625 0.0234375
0 0.375 0.20625 0.009375 0.0171875