1 0.67890625 0.296875 0.0265625 0.0546875
1 0.62578125 0.2328125 0.015625 0.034375
1 0.60234375 0.20234375 0.0109375 0.0234375
1 0.5890625 0.18203125 0.0078125 0.01875
1 0.58046875 0.16953125 0.00625 0.0171875
1 0.57578125 0.1609375 0.0046875 0.0125
1 0.57109375 0.15390625 0.0046875 0.0125
1 0.56796875 0.14921875 0.003125 0.009375
0 0.38046875 0.3 0.0234375 0.0515625
0 0.4421875 0.23828125 0.0140625 0.03125
0 0.46953125 0.2078125 0.0109375 0.0234375
0 0.48515625 0.1875 0.0078125 0.01875
0 0.4953125 0.1734375 0.00625 0.015625
0 0.50234375 0.16484375 0.0046875 0.0125
0 0.5078125 0.15703125 0.003125 0.0125