0 0.39296875 0.50625 0.059375 0.11875
0 0.465625 0.29140625 0.025 0.05
0 0.4859375 0.22421875 0.015625 0.0328125
0 0.4953125 0.19296875 0.0109375 0.0234375
0 0.5 0.178125 0.0078125 0.01875
0 0.50390625 0.16796875 0.00625 0.0140625
1 0.74296875 0.25390625 0.028125 0.053125
1 0.6625 0.20078125 0.015625 0.034375
1 0.62421875 0.17578125 0.0125 0.0234375
1 0.60390625 0.16328125 0.0078125 0.01875
1 0.5890625 0.153125 0.0078125 0.015625
1 0.5796875 0.15 0.00625 0.0125
1 0.57265625 0.14609375 0.0046875 0.009375
1 0.6765625 0.12421875 0.0078125 0.0125