1 0.78046875 0.52734375 0.103125 0.1703125
1 0.58515625 0.26640625 0.034375 0.059375
1 0.54296875 0.21328125 0.0203125 0.0375
1 0.521875 0.18671875 0.0125 0.021875
1 0.51015625 0.17109375 0.0109375 0.021875
1 0.50234375 0.159375 0.0078125 0.015625
1 0.496875 0.1515625 0.0078125 0.0125
0 0.3 0.3453125 0.034375 0.059375
0 0.365625 0.2625 0.021875 0.0390625
0 0.39296875 0.221875 0.015625 0.0265625
0 0.40859375 0.19921875 0.0125 0.01875
0 0.41796875 0.18359375 0.0109375 0.015625
0 0.42421875 0.171875 0.0078125 0.0109375
0 0.42890625 0.1640625 0.0078125 0.0125
0 0.43359375 0.159375 0.00625 0.0125