1 0.8046875 0.68984375 0.1578125 0.240625
1 0.2234375 0.37890625 0.0921875 0.1265625
1 0.15390625 0.25390625 0.0546875 0.078125
1 0.22734375 0.20625 0.0359375 0.0546875
1 0.28515625 0.1859375 0.028125 0.040625
1 0.3671875 0.175 0.0203125 0.03125
1 0.42109375 0.171875 0.0171875 0.025
1 0.4484375 0.16953125 0.015625 0.025
1 0.53203125 0.175 0.0125 0.01875
0 0.1625 0.140625 0.0234375 0.0328125
0 0.2515625 0.14453125 0.01875 0.028125
0 0.3046875 0.1453125 0.0140625 0.021875
0 0.375 0.15 0.0109375 0.01875
0 0.41015625 0.1515625 0.0109375 0.0171875
0 0.44140625 0.153125 0.009375 0.0171875
0 0.46328125 0.15390625 0.009375 0.0140625
1 0.54375 0.171875 0.009375 0.0171875
1 0.55703125 0.16953125 0.0078125 0.0140625
1 0.590625 0.17109375 0.0078125 0.0109375
1 0.6203125 0.1734375 0.0078125 0.0125
1 0.6484375 0.17578125 0.009375 0.0125
1 0.66171875 0.17578125 0.00625 0.0109375
1 0.69375 0.175 0.00625 0.0109375
1 0.2140625 0.11328125 0.0078125 0.0109375
1 0.26328125 0.12265625 0.00625 0.0109375
1 0.284375 0.121875 0.00625 0.0109375
1 0.325 0.1265625 0.00625 0.009375
1 0.340625 0.1328125 0.00625 0.0125
1 0.37578125 0.1328125 0.0046875 0.0078125
1 0.40859375 0.13828125 0.003125 0.00625
1 0.421875 0.13828125 0.003125 0.00625
1 0.453125 0.14609375 0.0046875 0.0078125
1 0.51875 0.153125 0.0046875 0.0078125
1 0.571875 0.15625 0.003125 0.00625
1 0.590625 0.159375 0.003125 0.00625
1 0.6 0.1609375 0.003125 0.00625
1 0.6078125 0.16328125 0.0046875 0.0078125
1 0.62421875 0.16640625 0.00625 0.0109375
1 0.64609375 0.16796875 0.00625 0.0109375
1 0.75078125 0.184375 0.00625 0.009375
1 0.8015625 0.19296875 0.00625 0.0109375
1 0.840625 0.1984375 0.00625 0.0125
1 0.85234375 0.19921875 0.00625 0.009375
1 0.85859375 0.1984375 0.00625 0.0109375
1 0.8640625 0.19921875 0.00625 0.0109375
0 0.83515625 0.19375 0.0046875 0.009375
0 0.8140625 0.190625 0.00625 0.0078125
0 0.80625 0.190625 0.00625 0.009375
0 0.7953125 0.1890625 0.00625 0.009375
0 0.78203125 0.1875 0.00625 0.009375
0 0.70859375 0.17578125 0.00625 0.0078125
0 0.7484375 0.18203125 0.0046875 0.009375
0 0.671875 0.17109375 0.00625 0.009375
0 0.6390625 0.165625 0.0046875 0.0078125
0 0.64296875 0.16640625 0.00625 0.009375
0 0.62109375 0.1640625 0.0046875 0.0078125
0 0.57890625 0.1609375 0.009375 0.0140625
0 0.55859375 0.16171875 0.0078125 0.0125
0 0.546875 0.15625 0.0078125 0.0125
0 0.53203125 0.15859375 0.0078125 0.0125
0 0.50546875 0.15234375 0.00625 0.0109375
0 0.5 0.15625 0.0078125 0.0125
0 0.40390625 0.1421875 0.00625 0.0109375
0 0.39296875 0.134375 0.0046875 0.0078125
0 0.33203125 0.1328125 0.0078125 0.0125
0 0.2703125 0.12734375 0.009375 0.0140625
0 0.2484375 0.1171875 0.0078125 0.009375
0 0.9015625 0.203125 0.0046875 0.0078125
0 0.9421875 0.20859375 0.00625 0.0078125