1 0.8859375 0.49375 0.0671875 0.0796875
1 0.7796875 0.43515625 0.03125 0.0375
1 0.728125 0.4265625 0.01875 0.0265625
1 0.6328125 0.4359375 0.0109375 0.0171875
1 0.55546875 0.45078125 0.0109375 0.015625
1 0.64765625 0.41484375 0.00625 0.0109375
1 0.7234375 0.39375 0.00625 0.0109375
1 0.59375 0.428125 0.00625 0.009375
1 0.56171875 0.4375 0.00625 0.009375
1 0.578125 0.4296875 0.0046875 0.0078125
1 0.6109375 0.41875 0.0046875 0.0078125
1 0.490625 0.465625 0.0078125 0.0140625
1 0.43046875 0.4828125 0.00625 0.0109375
1 0.17578125 0.56875 0.0109375 0.015625
1 0.2546875 0.540625 0.009375 0.0140625
1 0.309375 0.521875 0.0078125 0.0109375
1 0.37109375 0.5015625 0.0078125 0.0109375
1 0.77734375 0.375 0.00625 0.0109375
1 0.80234375 0.36640625 0.00625 0.009375
1 0.8171875 0.36015625 0.00625 0.009375
1 0.82890625 0.3546875 0.00625 0.0109375
1 0.84765625 0.3484375 0.00625 0.0078125
1 0.86953125 0.34140625 0.00625 0.0078125
0 0.44609375 0.59453125 0.046875 0.065625
0 0.515625 0.51796875 0.028125 0.0375
0 0.5453125 0.48359375 0.0171875 0.028125
0 0.53125 0.47421875 0.0140625 0.0203125
0 0.48515625 0.47890625 0.0109375 0.0171875
0 0.19296875 0.56875 0.0125 0.0171875
0 0.28125 0.53671875 0.009375 0.0140625
0 0.33515625 0.5171875 0.009375 0.0125
0 0.3796875 0.50390625 0.009375 0.0140625
0 0.43125 0.48984375 0.009375 0.0140625
0 0.88984375 0.33203125 0.0046875 0.00625
0 0.853125 0.34375 0.0046875 0.00625
0 0.74765625 0.3796875 0.0046875 0.0078125
0 0.7671875 0.37109375 0.0046875 0.0078125
0 0.703125 0.3953125 0.00625 0.0078125
0 0.6671875 0.40703125 0.00625 0.009375
0 0.62890625 0.41484375 0.0046875 0.0078125
0 0.634375 0.41484375 0.00625 0.0078125
0 0.63828125 0.4109375 0.0046875 0.009375
0 0.65078125 0.40703125 0.003125 0.00625
0 0.67421875 0.39609375 0.0046875 0.0046875
0 0.725 0.3875 0.00625 0.0078125
0 0.78125 0.3671875 0.0046875 0.0078125
0 0.66171875 0.403125 0.003125 0.00625
0 0.66484375 0.40078125 0.003125 0.00625
0 0.66640625 0.3984375 0.003125 0.00625
0 0.66796875 0.39609375 0.003125 0.0046875
0 0.6515625 0.4 0.0015625 0.003125
0 0.64140625 0.40390625 0.003125 0.0046875
0 0.5421875 0.434375 0.003125 0.0046875
0 0.35234375 0.4984375 0.003125 0.0046875
0 0.31953125 0.50859375 0.003125 0.0046875
0 0.2734375 0.525 0.003125 0.0046875
0 0.215625 0.54453125 0.003125 0.0046875
0 0.14765625 0.56796875 0.0046875 0.00625
0 0.0984375 0.58359375 0.0046875 0.0078125
0 0.08046875 0.6171875 0.0046875 0.0046875
1 0.11015625 0.58046875 0.00625 0.0078125
1 0.16640625 0.5625 0.003125 0.00625
1 0.2484375 0.53359375 0.0046875 0.0078125
1 0.30625 0.51484375 0.003125 0.00625
1 0.34375 0.50234375 0.003125 0.00625
1 0.3671875 0.49375 0.003125 0.0046875
1 0.434375 0.4703125 0.003125 0.0046875
1 0.453125 0.4640625 0.003125 0.0046875
1 0.4953125 0.44921875 0.003125 0.0046875
1 0.5328125 0.4375 0.0015625 0.003125
1 0.55078125 0.43203125 0.003125 0.0046875
1 0.60625 0.41484375 0.003125 0.0046875
1 0.6171875 0.4109375 0.003125 0.0046875
1 0.62109375 0.4140625 0.0046875 0.0078125
1 0.625 0.409375 0.003125 0.0046875
1 0.62890625 0.4078125 0.003125 0.0046875
1 0.63359375 0.4078125 0.003125 0.00625
1 0.5953125 0.4234375 0.0046875 0.0078125
1 0.5640625 0.43515625 0.0046875 0.0078125
0 0.66015625 0.39921875 0.003125 0.0046875
0 0.56484375 0.42734375 0.0015625 0.003125
0 0.521875 0.440625 0.0015625 0.003125
0 0.49921875 0.44765625 0.0015625 0.003125
0 0.428125 0.471875 0.0015625 0.003125
0 0.40546875 0.4796875 0.003125 0.0046875
0 0.384375 0.4875 0.003125 0.0046875
0 0.37421875 0.490625 0.0015625 0.003125
1 0.3921875 0.4859375 0.003125 0.0046875
1 0.478125 0.45546875 0.003125 0.0046875
1 0.51328125 0.44453125 0.0015625 0.003125
1 0.56875 0.4265625 0.0015625 0.003125
1 0.58671875 0.4203125 0.0015625 0.003125
1 0.58984375 0.41953125 0.0015625 0.003125