0 0.1625 0.4796875 0.0140625 0.0203125
0 0.25234375 0.4703125 0.0109375 0.015625
0 0.3359375 0.46484375 0.009375 0.0140625
0 0.43125 0.4625 0.0078125 0.0125
0 0.51484375 0.4546875 0.0046875 0.0078125
0 0.51796875 0.4515625 0.0046875 0.0078125
0 0.53515625 0.45 0.003125 0.0078125
0 0.5640625 0.44921875 0.003125 0.0078125
0 0.609375 0.4484375 0.003125 0.00625
0 0.65859375 0.44921875 0.003125 0.0078125
0 0.70859375 0.45 0.003125 0.0078125
0 0.7703125 0.453125 0.0046875 0.00625
0 0.8265625 0.45546875 0.0046875 0.009375
0 0.86875 0.45859375 0.0046875 0.0109375
0 0.9171875 0.46171875 0.0046875 0.0109375
1 0.590625 0.57578125 0.040625 0.0640625
1 0.38671875 0.525 0.0265625 0.040625
1 0.28828125 0.5 0.01875 0.028125
1 0.56953125 0.46640625 0.0078125 0.0140625
1 0.6046875 0.4625 0.0078125 0.0125
1 0.59609375 0.4578125 0.00625 0.0125
1 0.58671875 0.45546875 0.00625 0.0109375
1 0.64765625 0.4515625 0.0046875 0.0078125
1 0.69453125 0.45234375 0.0046875 0.009375
1 0.74765625 0.4546875 0.0046875 0.0078125
1 0.7921875 0.4578125 0.0046875 0.009375
1 0.8953125 0.4671875 0.00625 0.0125
0 0.06484375 0.503125 0.0046875 0.0078125
1 0.8203125 0.4625 0.00625 0.009375