1 0.42734375 0.60703125 0.121875 0.2015625
1 0.23359375 0.33203125 0.0578125 0.0875
1 0.384375 0.25546875 0.03125 0.05
1 0.5140625 0.2296875 0.0234375 0.040625
1 0.68828125 0.203125 0.015625 0.028125
1 0.7921875 0.1890625 0.0109375 0.021875
1 0.85859375 0.18125 0.0109375 0.0203125
0 0.3359375 0.209375 0.01875 0.03125
0 0.5421875 0.19140625 0.0140625 0.0234375
0 0.66640625 0.18203125 0.0109375 0.01875
0 0.73828125 0.17578125 0.009375 0.0171875
0 0.79921875 0.17265625 0.0078125 0.015625
0 0.09140625 0.2390625 0.0171875 0.03125
0 0.840625 0.16875 0.0078125 0.0140625
0 0.88515625 0.1671875 0.0078125 0.0125
0 0.92265625 0.16328125 0.0078125 0.0109375
1 0.91484375 0.175 0.009375 0.0171875
1 0.94375 0.17109375 0.0078125 0.0140625