0 0.13828125 0.6140625 0.1171875 0.165625
0 0.6859375 0.5453125 0.0640625 0.0921875
0 0.91328125 0.51875 0.0515625 0.0671875
0 0.87421875 0.434375 0.025 0.03125
0 0.79453125 0.403125 0.0140625 0.021875
0 0.73203125 0.38515625 0.0109375 0.0171875
0 0.6828125 0.3734375 0.0078125 0.0140625
0 0.61796875 0.3625 0.0078125 0.0140625
1 0.93828125 0.42109375 0.015625 0.0203125
1 0.83046875 0.396875 0.0125 0.0171875
1 0.7453125 0.3796875 0.0078125 0.0125
1 0.671875 0.36640625 0.0078125 0.0125
1 0.46640625 0.33515625 0.0046875 0.009375
1 0.40390625 0.325 0.00625 0.0109375
1 0.375 0.31875 0.00625 0.009375
1 0.384375 0.3171875 0.0046875 0.009375
0 0.44375 0.33671875 0.0078125 0.015625
0 0.3453125 0.32109375 0.0078125 0.0140625
0 0.30390625 0.31171875 0.0078125 0.0125
0 0.30078125 0.3046875 0.00625 0.0109375
0 0.28515625 0.30546875 0.0078125 0.0125
0 0.53203125 0.34921875 0.0078125 0.015625
0 0.846875 0.38203125 0.0046875 0.00625
0 0.81328125 0.3765625 0.003125 0.00625
1 0.65 0.3515625 0.0046875 0.0078125
1 0.709375 0.3609375 0.003125 0.00625
1 0.753125 0.36796875 0.003125 0.0078125
1 0.78515625 0.3734375 0.0046875 0.00625
1 0.82109375 0.37890625 0.003125 0.00625
1 0.8578125 0.384375 0.0046875 0.0078125
1 0.89453125 0.3890625 0.003125 0.0078125
1 0.93046875 0.39453125 0.003125 0.0078125
0 0.34140625 0.309375 0.0046875 0.0078125
0 0.3703125 0.3109375 0.00625 0.009375
1 0.61328125 0.35625 0.00625 0.0125
0 0.31484375 0.29921875 0.003125 0.00625
0 0.31875 0.30078125 0.0046875 0.0078125
0 0.3234375 0.3 0.003125 0.0046875
1 0.3640625 0.30625 0.003125 0.0078125
1 0.36640625 0.30625 0.003125 0.0078125
1 0.41484375 0.31953125 0.0046875 0.0078125
1 0.40859375 0.31484375 0.003125 0.0078125
1 0.38359375 0.31015625 0.003125 0.0078125