0 0.40859375 0.54140625 0.0265625 0.0421875
0 0.4484375 0.49765625 0.015625 0.025
0 0.46796875 0.4765625 0.009375 0.0171875
0 0.47578125 0.46796875 0.0078125 0.0125
0 0.48359375 0.4609375 0.0078125 0.0125
1 0.8390625 0.590625 0.0703125 0.0890625
1 0.6515625 0.49921875 0.0234375 0.0359375
1 0.6109375 0.4796875 0.015625 0.025
1 0.58671875 0.46640625 0.0125 0.01875
1 0.56953125 0.459375 0.009375 0.015625
1 0.559375 0.45390625 0.0078125 0.0125
0 0.4953125 0.45078125 0.0046875 0.0078125
0 0.50546875 0.4484375 0.0046875 0.0078125
1 0.91328125 0.40078125 0.0078125 0.0078125
1 0.86640625 0.40390625 0.00625 0.009375
1 0.815625 0.409375 0.00625 0.0078125
0 0.89609375 0.39921875 0.00625 0.0078125
0 0.4921875 0.453125 0.003125 0.009375
1 0.55390625 0.45078125 0.0046875 0.0109375
0 0.5234375 0.44453125 0.003125 0.00625
0 0.53984375 0.440625 0.003125 0.00625
0 0.565625 0.43671875 0.003125 0.00625
0 0.63359375 0.42734375 0.003125 0.00625
0 0.70625 0.41953125 0.003125 0.00625
0 0.7515625 0.41484375 0.003125 0.00625
0 0.79296875 0.409375 0.0046875 0.0078125
0 0.84609375 0.40390625 0.0046875 0.0078125
1 0.76328125 0.4140625 0.0046875 0.0078125
1 0.73125 0.41796875 0.0046875 0.0078125
1 0.7 0.42109375 0.0046875 0.0078125
1 0.6671875 0.425 0.0046875 0.0078125
1 0.6359375 0.428125 0.003125 0.00625
1 0.6 0.43359375 0.003125 0.00625
1 0.5765625 0.4359375 0.003125 0.00625
1 0.5640625 0.4390625 0.0046875 0.0078125
1 0.55546875 0.44140625 0.003125 0.0078125
1 0.55390625 0.44375 0.0046875 0.009375
1 0.35859375 0.446875 0.0046875 0.0078125