1 0.8375 0.5421875 0.0640625 0.08125
1 0.64140625 0.47109375 0.01875 0.028125
1 0.61328125 0.4546875 0.0140625 0.0203125
1 0.59921875 0.44765625 0.0109375 0.0171875
1 0.63046875 0.43828125 0.009375 0.0140625
1 0.68828125 0.425 0.009375 0.0140625
1 0.7859375 0.409375 0.0109375 0.0140625
1 0.92109375 0.38984375 0.00625 0.0125
0 0.87265625 0.390625 0.009375 0.0140625
0 0.76484375 0.4078125 0.0078125 0.0125
0 0.634375 0.43125 0.0078125 0.0125
0 0.57578125 0.44296875 0.0078125 0.0140625
0 0.52265625 0.45625 0.0078125 0.0140625
0 0.49140625 0.4671875 0.0109375 0.0171875
0 0.47421875 0.48125 0.0125 0.0203125
0 0.44453125 0.5109375 0.0203125 0.0296875
0 0.365625 0.61953125 0.0484375 0.075
0 0.68671875 0.42109375 0.0078125 0.0125