1 0.8265625 0.56484375 0.1265625 0.1703125
1 0.12421875 0.37109375 0.0875 0.13125
1 0.26171875 0.17109375 0.021875 0.0328125
1 0.38515625 0.17734375 0.0171875 0.025
1 0.53203125 0.1859375 0.0125 0.01875
1 0.61484375 0.19296875 0.0109375 0.0171875
1 0.66171875 0.196875 0.009375 0.015625
1 0.68984375 0.19921875 0.0078125 0.0140625
1 0.71640625 0.2015625 0.0078125 0.0125
0 0.7109375 0.19375 0.00625 0.0078125
0 0.6859375 0.190625 0.00625 0.0109375
0 0.66015625 0.1890625 0.0078125 0.0125
0 0.62109375 0.18515625 0.00625 0.0140625
0 0.57421875 0.18125 0.009375 0.015625
0 0.50546875 0.17421875 0.0109375 0.0171875
0 0.40390625 0.1640625 0.0140625 0.0203125
0 0.2578125 0.15078125 0.0125 0.0234375
1 0.7390625 0.2015625 0.00625 0.0109375
1 0.75859375 0.203125 0.00625 0.0109375
1 0.77578125 0.2046875 0.00625 0.0109375
0 0.74765625 0.196875 0.00625 0.009375