0 0.290625 0.56171875 0.0546875 0.0734375
0 0.45078125 0.4890625 0.0171875 0.0265625
0 0.475 0.47890625 0.0125 0.01875
0 0.5046875 0.47421875 0.009375 0.015625
0 0.540625 0.4734375 0.0078125 0.0125
0 0.56953125 0.475 0.00625 0.0109375
0 0.6109375 0.48046875 0.0078125 0.0109375
1 0.85234375 0.83203125 0.0671875 0.1296875
1 0.66484375 0.584375 0.0359375 0.0515625
1 0.61328125 0.51953125 0.015625 0.0265625
1 0.61015625 0.503125 0.0109375 0.01875
1 0.60703125 0.49375 0.0078125 0.0140625
1 0.61796875 0.4890625 0.0078125 0.0125
1 0.6359375 0.48828125 0.0078125 0.0125
0 0.665625 0.4890625 0.00625 0.0109375
0 0.721875 0.4984375 0.00625 0.009375
0 0.77578125 0.50859375 0.00625 0.009375
0 0.8484375 0.5203125 0.00625 0.009375
1 0.92890625 0.53828125 0.0109375 0.015625
1 0.8546875 0.52578125 0.0078125 0.0125
1 0.78984375 0.5140625 0.0078125 0.0109375
1 0.7359375 0.50390625 0.0078125 0.0109375
1 0.6734375 0.49375 0.00625 0.0109375