1 0.284375 0.51953125 0.115625 0.1765625
1 0.93125 0.2265625 0.0109375 0.01875
1 0.8671875 0.21875 0.009375 0.0171875
1 0.77890625 0.20546875 0.00625 0.0125
1 0.74921875 0.20078125 0.00625 0.0109375
1 0.7171875 0.19453125 0.0046875 0.009375
1 0.68203125 0.18984375 0.00625 0.009375
0 0.8546875 0.21171875 0.00625 0.0109375
0 0.80859375 0.2046875 0.0046875 0.0109375
0 0.92109375 0.21953125 0.00625 0.0109375
0 0.76484375 0.196875 0.0046875 0.0109375
0 0.7265625 0.19140625 0.0046875 0.009375
0 0.71640625 0.18671875 0.0046875 0.0078125
0 0.709375 0.1875 0.0046875 0.0078125
0 0.7015625 0.18828125 0.003125 0.0078125
0 0.6984375 0.18671875 0.003125 0.0078125
0 0.690625 0.1828125 0.003125 0.00625
1 0.67109375 0.18203125 0.0046875 0.0078125
1 0.659375 0.18125 0.0046875 0.0078125
0 0.6609375 0.18046875 0.003125 0.0078125
1 0.65234375 0.1796875 0.0046875 0.0078125
1 0.6484375 0.18515625 0.0046875 0.009375
1 0.64296875 0.18203125 0.0046875 0.0078125
1 0.634375 0.18203125 0.0046875 0.009375
1 0.6265625 0.17734375 0.0046875 0.0078125
0 0.625 0.1765625 0.0015625 0.00625
0 0.58671875 0.17265625 0.003125 0.00625
1 0.59453125 0.175 0.0046875 0.0078125
1 0.5609375 0.171875 0.003125 0.0078125
0 0.55078125 0.1703125 0.003125 0.00625
1 0.54140625 0.1703125 0.003125 0.0078125
1 0.51796875 0.1703125 0.0046875 0.0078125
0 0.521875 0.16796875 0.003125 0.0078125
0 0.4984375 0.16796875 0.003125 0.0078125
1 0.49453125 0.16875 0.003125 0.0078125
0 0.47578125 0.16640625 0.0046875 0.00625
0 0.4546875 0.16484375 0.003125 0.00625
1 0.45625 0.165625 0.0046875 0.009375
0 0.421875 0.1625 0.003125 0.00625
1 0.41796875 0.16171875 0.0046875 0.009375
1 0.38671875 0.16015625 0.0046875 0.0078125
0 0.3765625 0.15859375 0.0046875 0.0078125
0 0.33984375 0.15625 0.0046875 0.0078125
1 0.35078125 0.15625 0.003125 0.0078125
1 0.3234375 0.15546875 0.0046875 0.009375
1 0.3140625 0.15703125 0.00625 0.0109375
1 0.30703125 0.15703125 0.00625 0.0125
0 0.27890625 0.15234375 0.0046875 0.0078125
1 0.26953125 0.15625 0.0078125 0.0125
0 0.26015625 0.15234375 0.0046875 0.0078125
0 0.25625 0.15234375 0.00625 0.0078125
0 0.2484375 0.15234375 0.00625 0.009375
0 0.2375 0.1515625 0.00625 0.009375
1 0.209375 0.1515625 0.0078125 0.0125
0 0.1984375 0.14921875 0.00625 0.009375
0 0.14375 0.14375 0.00625 0.0109375
1 0.13046875 0.1421875 0.009375 0.0125