0 0.2453125 0.6453125 0.05 0.075
0 0.084375 0.55 0.0125 0.0171875
0 0.11015625 0.5421875 0.009375 0.0140625
0 0.0953125 0.54140625 0.0078125 0.0109375
0 0.08984375 0.540625 0.00625 0.0109375
0 0.1109375 0.5328125 0.0078125 0.0109375
0 0.146875 0.5234375 0.0078125 0.0109375
0 0.20390625 0.509375 0.0046875 0.0078125
0 0.25703125 0.49765625 0.00625 0.0078125
0 0.30546875 0.48671875 0.0046875 0.0078125
0 0.35546875 0.47578125 0.0046875 0.0078125
0 0.39140625 0.46875 0.0046875 0.0078125
0 0.41640625 0.46484375 0.0046875 0.0078125
0 0.44140625 0.46015625 0.0046875 0.0078125
0 0.4796875 0.453125 0.003125 0.0078125
0 0.55 0.4375 0.0046875 0.0078125
0 0.625 0.421875 0.00625 0.009375
0 0.75234375 0.3953125 0.0046875 0.0078125
0 0.81875 0.38046875 0.00625 0.009375
1 0.6046875 0.50859375 0.028125 0.0421875
1 0.4421875 0.51953125 0.025 0.034375
1 0.30234375 0.5453125 0.0234375 0.03125
1 0.10546875 0.590625 0.0296875 0.0359375
1 0.09765625 0.55390625 0.015625 0.01875
1 0.1890625 0.528125 0.0109375 0.015625
1 0.2203125 0.51875 0.009375 0.0125
1 0.2046875 0.51953125 0.009375 0.0125
1 0.1875 0.51953125 0.0078125 0.0109375
1 0.2015625 0.51171875 0.00625 0.009375
1 0.178125 0.51953125 0.0078125 0.0125
1 0.24765625 0.5015625 0.00625 0.009375
1 0.29375 0.490625 0.00625 0.009375
1 0.3375 0.48046875 0.00625 0.009375
1 0.3703125 0.475 0.00625 0.009375
1 0.3890625 0.47265625 0.00625 0.0109375
1 0.43046875 0.46484375 0.00625 0.0109375
1 0.48203125 0.45390625 0.00625 0.009375
1 0.57890625 0.4328125 0.00625 0.009375
1 0.665625 0.415625 0.00625 0.0109375
1 0.73046875 0.40234375 0.00625 0.009375
1 0.778125 0.3921875 0.00625 0.009375
1 0.8890625 0.36796875 0.0078125 0.0109375
0 0.1578125 0.871875 0.0875 0.1671875
1 0.91953125 0.534375 0.0765625 0.0921875
0 0.86953125 0.36953125 0.00625 0.009375