0 0.2609375 0.65 0.0828125 0.1375
0 0.65546875 0.47890625 0.0484375 0.0703125
0 0.72265625 0.42265625 0.0328125 0.05
0 0.6046875 0.4015625 0.021875 0.034375
0 0.49765625 0.38671875 0.015625 0.0265625
0 0.428125 0.38125 0.0125 0.0203125
0 0.40390625 0.3734375 0.009375 0.015625
0 0.4265625 0.36484375 0.009375 0.015625
0 0.4609375 0.35703125 0.00625 0.0125
0 0.50859375 0.35078125 0.00625 0.0109375
0 0.57578125 0.3453125 0.00625 0.009375
1 0.78515625 0.371875 0.021875 0.0296875
1 0.64375 0.3671875 0.0140625 0.0234375
1 0.55078125 0.36484375 0.0125 0.01875
1 0.6953125 0.33984375 0.0078125 0.0125
1 0.71875 0.33515625 0.0078125 0.0125
1 0.70703125 0.33359375 0.00625 0.0109375
1 0.90234375 0.3171875 0.0078125 0.0109375
0 0.8796875 0.31484375 0.0046875 0.0078125
1 0.85390625 0.31875 0.00625 0.009375
0 0.81171875 0.31953125 0.0046875 0.00625
1 0.796875 0.321875 0.0078125 0.009375
1 0.74765625 0.32578125 0.00625 0.0078125
0 0.75703125 0.32265625 0.0046875 0.00625
0 0.640625 0.33125 0.003125 0.00625
0 0.63125 0.33671875 0.0046875 0.0078125
1 0.69453125 0.33203125 0.00625 0.009375
0 0.6640625 0.3296875 0.003125 0.00625
0 0.628125 0.334375 0.003125 0.0078125
0 0.7078125 0.32578125 0.003125 0.0046875