1 0.53125 0.37734375 0.0625 0.1046875
1 0.22890625 0.2078125 0.0171875 0.0296875
1 0.41171875 0.19765625 0.0140625 0.0265625
1 0.515625 0.184375 0.0109375 0.0203125
1 0.6453125 0.165625 0.009375 0.01875
1 0.72265625 0.1578125 0.009375 0.0171875
1 0.7671875 0.153125 0.00625 0.0125
1 0.79453125 0.1515625 0.00625 0.0109375
1 0.82109375 0.146875 0.00625 0.0109375
0 0.140625 0.19296875 0.0125 0.021875
0 0.26875 0.1890625 0.0125 0.0234375
0 0.390625 0.18125 0.0109375 0.01875
0 0.51640625 0.16875 0.009375 0.0171875
0 0.60859375 0.16015625 0.0078125 0.015625
0 0.67421875 0.15390625 0.00625 0.0125
0 0.71796875 0.15 0.0046875 0.0109375
0 0.75703125 0.14609375 0.0046875 0.0125
0 0.78203125 0.14296875 0.0046875 0.0125
0 0.80859375 0.13984375 0.0046875 0.0109375