0 0.25859375 0.6453125 0.0796875 0.1375
0 0.65625 0.48125 0.0484375 0.0703125
0 0.72421875 0.4265625 0.03125 0.05
0 0.60625 0.403125 0.021875 0.034375
0 0.5 0.38671875 0.015625 0.0265625
0 0.4296875 0.38046875 0.0125 0.0203125
0 0.40625 0.371875 0.009375 0.015625
0 0.42890625 0.3640625 0.009375 0.015625
0 0.46328125 0.35625 0.00625 0.0125
0 0.5109375 0.35078125 0.00625 0.0109375
0 0.578125 0.34609375 0.00625 0.009375
1 0.7875 0.37734375 0.0203125 0.0296875
1 0.64609375 0.3703125 0.0140625 0.0234375
1 0.553125 0.365625 0.0125 0.01875
1 0.69765625 0.34296875 0.0078125 0.0125
1 0.721875 0.3390625 0.0078125 0.0125
1 0.71015625 0.3375 0.00625 0.0109375
1 0.90546875 0.32421875 0.0078125 0.0109375
0 0.8828125 0.321875 0.0046875 0.0078125
1 0.85703125 0.325 0.00625 0.009375
0 0.81484375 0.325 0.0046875 0.00625
1 0.8 0.32734375 0.0078125 0.009375
1 0.75078125 0.3296875 0.00625 0.0078125
0 0.76015625 0.32734375 0.0046875 0.00625
0 0.64375 0.334375 0.003125 0.00625
0 0.63359375 0.3390625 0.0046875 0.0078125
1 0.696875 0.33515625 0.00625 0.009375
0 0.6671875 0.33203125 0.003125 0.00625
0 0.63125 0.33671875 0.003125 0.0078125
0 0.7109375 0.3296875 0.003125 0.0046875