0 0.12578125 0.334375 0.025 0.0359375
0 0.14296875 0.28671875 0.0125 0.01875
0 0.15703125 0.2921875 0.0125 0.021875
0 0.17109375 0.30390625 0.01875 0.028125
1 0.08203125 0.4703125 0.0640625 0.0875
1 0.2671875 0.65078125 0.140625 0.1953125
1 0.27421875 0.32734375 0.034375 0.0515625
1 0.36484375 0.27578125 0.025 0.040625
1 0.39140625 0.2453125 0.0203125 0.0328125
1 0.33828125 0.24765625 0.015625 0.025
1 0.2734375 0.25078125 0.0109375 0.0203125
1 0.23828125 0.253125 0.0109375 0.0171875
1 0.22109375 0.2546875 0.009375 0.015625
1 0.21015625 0.25546875 0.0078125 0.0140625