0 0.35546875 0.54375 0.034375 0.053125
0 0.53515625 0.509375 0.0171875 0.03125
0 0.68203125 0.50390625 0.0125 0.0234375
0 0.76796875 0.50390625 0.0109375 0.0203125
0 0.8640625 0.50859375 0.0109375 0.0171875
1 0.896875 0.55 0.0296875 0.0359375
1 0.82734375 0.571875 0.03125 0.0484375
1 0.83984375 0.659375 0.0578125 0.0875
1 0.81640625 0.48515625 0.0046875 0.0078125
1 0.87578125 0.49140625 0.0046875 0.0078125
1 0.91796875 0.49140625 0.0046875 0.0078125
1 0.86171875 0.4859375 0.003125 0.0078125
0 0.8671875 0.490625 0.0046875 0.0078125
0 0.840625 0.4828125 0.003125 0.00625
0 0.7921875 0.4828125 0.0046875 0.0078125
0 0.78046875 0.47734375 0.003125 0.00625
1 0.796875 0.48046875 0.003125 0.0078125
1 0.7359375 0.47578125 0.0046875 0.0078125
0 0.740625 0.47734375 0.0046875 0.0078125
1 0.70625 0.47109375 0.003125 0.00625
1 0.6734375 0.46875 0.003125 0.00625
0 0.65390625 0.46640625 0.003125 0.00625
0 0.64296875 0.46484375 0.003125 0.0046875
0 0.63203125 0.46328125 0.003125 0.00625
0 0.6296875 0.4640625 0.003125 0.00625
0 0.6890625 0.47109375 0.003125 0.00625
1 0.69140625 0.4703125 0.003125 0.0078125
0 0.89140625 0.4890625 0.0046875 0.0078125
0 0.72109375 0.471875 0.003125 0.00625
0 0.65703125 0.46640625 0.003125 0.00625
0 0.6828125 0.46796875 0.003125 0.0078125
1 0.68046875 0.46796875 0.003125 0.0078125
1 0.73359375 0.4734375 0.0046875 0.0078125