0 0.2671875 0.52421875 0.0265625 0.0390625
0 0.22578125 0.4953125 0.015625 0.0265625
0 0.25 0.48046875 0.0109375 0.0171875
0 0.3015625 0.46875 0.0078125 0.0140625
0 0.85546875 0.48046875 0.009375 0.0125
0 0.77265625 0.47421875 0.0078125 0.0125
0 0.7015625 0.4703125 0.00625 0.0109375
0 0.61796875 0.465625 0.0046875 0.009375
1 0.85625 0.57734375 0.0453125 0.0546875
1 0.81328125 0.48671875 0.0125 0.0171875
1 0.7296875 0.47890625 0.0078125 0.0140625
1 0.6078125 0.52734375 0.0234375 0.0359375
1 0.63125 0.471875 0.0078125 0.0125
1 0.46796875 0.4984375 0.0109375 0.0234375
1 0.55 0.4703125 0.0078125 0.0140625
1 0.47890625 0.47109375 0.00625 0.0140625
0 0.384375 0.46640625 0.0078125 0.0125
0 0.46171875 0.46328125 0.0046875 0.0109375
0 0.534375 0.4640625 0.0046875 0.0109375