0 0.16875 0.49765625 0.0140625 0.0203125
0 0.3203125 0.484375 0.009375 0.0171875
0 0.221875 0.66015625 0.0703125 0.0984375
1 0.225 0.48359375 0.009375 0.015625
1 0.3375 0.475 0.00625 0.0125
1 0.3953125 0.47109375 0.0046875 0.0109375
0 0.4140625 0.47578125 0.00625 0.0140625
0 0.4640625 0.471875 0.00625 0.0109375
1 0.47109375 0.4671875 0.0046875 0.0109375
0 0.4890625 0.4921875 0.0125 0.0203125
0 0.5140625 0.4703125 0.00625 0.0109375
0 0.528125 0.48359375 0.0109375 0.0171875
0 0.5578125 0.48046875 0.0078125 0.0125
0 0.57109375 0.475 0.0078125 0.0140625
1 0.53984375 0.465625 0.0046875 0.009375
1 0.546875 0.46015625 0.0046875 0.0078125
1 0.5953125 0.46484375 0.00625 0.0109375
1 0.65390625 0.46875 0.00625 0.0125
1 0.67578125 0.4734375 0.00625 0.0140625
1 0.6890625 0.48046875 0.009375 0.015625
1 0.678125 0.4875 0.009375 0.01875
1 0.665625 0.4984375 0.0140625 0.0234375
1 0.6796875 0.525 0.0203125 0.034375
1 0.81953125 0.596875 0.0484375 0.0640625
0 0.39140625 0.55546875 0.03125 0.046875
0 0.43984375 0.51796875 0.0203125 0.0328125
0 0.559375 0.4703125 0.0078125 0.0125
0 0.06953125 0.47265625 0.0046875 0.0078125
1 0.103125 0.4734375 0.00625 0.009375
0 0.16796875 0.46953125 0.0046875 0.0078125
1 0.20390625 0.46953125 0.0046875 0.009375
0 0.23046875 0.46640625 0.003125 0.00625
1 0.25546875 0.4671875 0.003125 0.0078125
0 0.28515625 0.46484375 0.003125 0.00625
1 0.31171875 0.46328125 0.0046875 0.0078125
0 0.33125 0.46171875 0.003125 0.0046875
1 0.3578125 0.4609375 0.003125 0.00625
0 0.3671875 0.46015625 0.0015625 0.0046875
0 0.39609375 0.459375 0.003125 0.0046875
1 0.3984375 0.459375 0.003125 0.00625
0 0.4203125 0.45859375 0.003125 0.003125
1 0.42421875 0.45859375 0.003125 0.0046875
0 0.4421875 0.45703125 0.0015625 0.0046875
1 0.44453125 0.45703125 0.0015625 0.0046875
1 0.46640625 0.45703125 0.0015625 0.0046875
0 0.46953125 0.45625 0.0015625 0.0046875
1 0.490625 0.45625 0.003125 0.0046875
0 0.49453125 0.45546875 0.003125 0.0046875
1 0.50859375 0.45625 0.0015625 0.00625
0 0.5125 0.45625 0.0015625 0.0046875
1 0.51953125 0.45859375 0.0046875 0.00625
1 0.52421875 0.4578125 0.003125 0.00625
0 0.53203125 0.45625 0.003125 0.0046875
0 0.5578125 0.45703125 0.0015625 0.0046875
0 0.56015625 0.45703125 0.0015625 0.00625
0 0.5625 0.45703125 0.0015625 0.00625
0 0.56484375 0.4578125 0.003125 0.00625
0 0.57734375 0.45859375 0.003125 0.00625
1 0.58984375 0.46015625 0.0046875 0.0078125
0 0.60625 0.45859375 0.0046875 0.0078125
1 0.64296875 0.46171875 0.0046875 0.009375
0 0.64453125 0.45859375 0.003125 0.0078125
0 0.68671875 0.459375 0.0046875 0.00625
1 0.7078125 0.4625 0.0046875 0.009375
0 0.71875 0.46015625 0.003125 0.0078125
0 0.72421875 0.46015625 0.003125 0.00625
0 0.73203125 0.45703125 0.0015625 0.00625
0 0.753125 0.4578125 0.003125 0.0046875
1 0.75859375 0.46328125 0.0046875 0.0078125
1 0.77109375 0.45859375 0.003125 0.00625
1 0.77421875 0.45703125 0.003125 0.0078125
1 0.77734375 0.459375 0.003125 0.0078125
0 0.78046875 0.45703125 0.003125 0.0046875
1 0.78828125 0.46171875 0.0046875 0.009375
1 0.79765625 0.4578125 0.003125 0.00625
0 0.815625 0.45703125 0.003125 0.0046875
1 0.83515625 0.4578125 0.003125 0.00625
0 0.8671875 0.45859375 0.003125 0.00625
1 0.87421875 0.45859375 0.003125 0.0078125
0 0.90859375 0.45859375 0.003125 0.00625
1 0.925 0.459375 0.0046875 0.0078125
0 0.934375 0.459375 0.003125 0.00625
0 0.55078125 0.45546875 0.0015625 0.0046875
0 0.721875 0.4578125 0.003125 0.0046875