0 0.346875 0.59921875 0.04375 0.0625
0 0.31875 0.53203125 0.01875 0.0296875
0 0.30078125 0.51171875 0.0125 0.0171875
0 0.29453125 0.50390625 0.00625 0.0125
0 0.28984375 0.49921875 0.00625 0.0109375
1 0.63125 0.4953125 0.028125 0.0421875
1 0.459375 0.48359375 0.0140625 0.021875
1 0.40234375 0.48125 0.009375 0.015625
1 0.3796875 0.48125 0.0078125 0.0140625
1 0.36640625 0.48046875 0.00625 0.0109375
1 0.34609375 0.47890625 0.00625 0.009375
1 0.33828125 0.47890625 0.00625 0.009375
1 0.334375 0.478125 0.003125 0.00625
1 0.86640625 0.36640625 0.0046875 0.0078125
1 0.8109375 0.37890625 0.0046875 0.0078125
1 0.8359375 0.37265625 0.0046875 0.0078125
1 0.803125 0.37890625 0.0046875 0.00625
1 0.76328125 0.38828125 0.003125 0.0078125
1 0.71875 0.39609375 0.0046875 0.0078125
1 0.69140625 0.4015625 0.003125 0.0078125
1 0.59765625 0.41875 0.003125 0.00625
1 0.63125 0.4125 0.003125 0.00625
1 0.54609375 0.42734375 0.003125 0.00625
1 0.52734375 0.43125 0.003125 0.00625
1 0.50390625 0.43515625 0.003125 0.00625
0 0.778125 0.38359375 0.003125 0.00625
0 0.73125 0.39296875 0.0046875 0.0078125
0 0.71171875 0.396875 0.003125 0.00625
0 0.521875 0.43203125 0.0015625 0.0046875
0 0.290625 0.484375 0.003125 0.00625
0 0.30390625 0.48046875 0.003125 0.0046875
0 0.3171875 0.4765625 0.003125 0.0046875
1 0.33828125 0.47265625 0.003125 0.0046875
1 0.34765625 0.46953125 0.003125 0.0046875
1 0.365625 0.46484375 0.003125 0.0046875
1 0.39375 0.459375 0.003125 0.0046875
1 0.415625 0.4546875 0.003125 0.0046875
1 0.43828125 0.44921875 0.003125 0.0046875
1 0.45859375 0.4453125 0.003125 0.0046875
1 0.4765625 0.440625 0.003125 0.00625
0 0.471875 0.44140625 0.003125 0.0046875
0 0.44453125 0.446875 0.003125 0.0046875
0 0.49609375 0.4375 0.0015625 0.0046875
0 0.54375 0.42734375 0.003125 0.0046875
1 0.56953125 0.42421875 0.003125 0.00625
0 0.58515625 0.41953125 0.003125 0.0046875
0 0.60546875 0.415625 0.003125 0.0046875
0 0.6265625 0.41171875 0.003125 0.0046875
0 0.65078125 0.40703125 0.003125 0.00625
0 0.6546875 0.40625 0.003125 0.0046875
0 0.66171875 0.40390625 0.003125 0.003125
1 0.66484375 0.40625 0.0046875 0.0078125
1 0.67421875 0.4015625 0.003125 0.0046875
1 0.69921875 0.39765625 0.003125 0.00625
1 0.70546875 0.39609375 0.003125 0.0046875
1 0.725 0.39296875 0.003125 0.00625
0 0.7078125 0.39609375 0.003125 0.00625
1 0.74921875 0.3890625 0.003125 0.0046875
1 0.7953125 0.38046875 0.003125 0.00625
0 0.79140625 0.38125 0.003125 0.00625
0 0.76796875 0.38515625 0.003125 0.0046875
0 0.80625 0.378125 0.003125 0.00625
0 0.8140625 0.3765625 0.003125 0.00625
1 0.846875 0.3703125 0.0046875 0.00625
1 0.88203125 0.3640625 0.00625 0.0078125
1 0.8953125 0.3609375 0.0046875 0.00625
0 0.91484375 0.3578125 0.003125 0.00625