0 0.88828125 0.38359375 0.0125 0.0171875
0 0.7421875 0.4125 0.009375 0.015625
0 0.6359375 0.434375 0.0109375 0.01875
0 0.5375 0.459375 0.0109375 0.0171875
0 0.43515625 0.4890625 0.0125 0.0203125
0 0.3546875 0.5234375 0.01875 0.028125
0 0.2703125 0.57734375 0.0328125 0.0453125
0 0.1609375 0.721875 0.0734375 0.10625
1 0.634375 0.525 0.034375 0.0546875
1 0.5359375 0.4984375 0.0203125 0.034375
1 0.5625 0.4703125 0.015625 0.025
1 0.659375 0.44375 0.0140625 0.021875
1 0.76953125 0.41796875 0.0140625 0.021875