0 0.171875 0.4515625 0.015625 0.021875
0 0.32421875 0.459375 0.0109375 0.0171875
0 0.20234375 0.61953125 0.0828125 0.10625
1 0.2296875 0.4453125 0.0125 0.015625
1 0.34296875 0.453125 0.0078125 0.0140625
1 0.4 0.45703125 0.00625 0.0109375
0 0.41875 0.4640625 0.009375 0.0140625
0 0.46796875 0.46640625 0.0078125 0.0125
1 0.47578125 0.46328125 0.00625 0.0109375
0 0.490625 0.490625 0.0140625 0.021875
0 0.51796875 0.47265625 0.0078125 0.0125
0 0.53046875 0.4875 0.0125 0.01875
0 0.56015625 0.48828125 0.009375 0.0140625
0 0.5734375 0.48515625 0.0109375 0.0140625
1 0.54453125 0.47109375 0.00625 0.009375
1 0.5515625 0.4671875 0.0046875 0.0078125
1 0.59921875 0.47890625 0.0078125 0.0109375
1 0.65703125 0.490625 0.0078125 0.0125
1 0.678125 0.49765625 0.009375 0.0140625
1 0.68984375 0.50625 0.0109375 0.0171875
1 0.678125 0.5125 0.0125 0.01875
1 0.66484375 0.521875 0.0171875 0.025
1 0.67421875 0.55 0.0234375 0.0359375
1 0.803125 0.63984375 0.05625 0.0703125
0 0.38515625 0.53984375 0.0375 0.05
0 0.4375 0.509375 0.0234375 0.034375
0 0.56328125 0.47890625 0.009375 0.0140625
0 0.07734375 0.41328125 0.00625 0.0078125
1 0.1109375 0.41875 0.0078125 0.009375
0 0.17578125 0.4234375 0.0046875 0.0078125
1 0.2109375 0.42890625 0.00625 0.009375
0 0.2375 0.42890625 0.003125 0.00625
1 0.2625 0.4328125 0.003125 0.0078125
0 0.2921875 0.43515625 0.003125 0.00625
1 0.31875 0.4375 0.0046875 0.0078125
0 0.33828125 0.43828125 0.003125 0.0046875
1 0.36484375 0.4421875 0.0046875 0.00625
0 0.37421875 0.4421875 0.003125 0.0046875
0 0.40234375 0.4453125 0.003125 0.0046875
1 0.4046875 0.4453125 0.003125 0.00625
0 0.4265625 0.44765625 0.003125 0.003125
1 0.43046875 0.4484375 0.003125 0.0046875
0 0.4484375 0.44921875 0.0015625 0.0046875
1 0.45078125 0.45 0.003125 0.0046875
1 0.47265625 0.45234375 0.003125 0.0046875
0 0.47578125 0.45234375 0.0015625 0.0046875
1 0.496875 0.45546875 0.003125 0.0046875
0 0.50078125 0.4546875 0.003125 0.0046875
1 0.51484375 0.45859375 0.003125 0.00625
0 0.51875 0.45859375 0.0015625 0.0046875
1 0.525 0.46171875 0.0046875 0.00625
1 0.5296875 0.4609375 0.003125 0.00625
0 0.5375 0.4609375 0.003125 0.0046875
0 0.56328125 0.465625 0.003125 0.0046875
0 0.565625 0.465625 0.003125 0.00625
0 0.56796875 0.46640625 0.003125 0.00625
0 0.5703125 0.4671875 0.003125 0.00625
0 0.58203125 0.46953125 0.0046875 0.00625
1 0.59453125 0.47265625 0.00625 0.0078125
0 0.6109375 0.4734375 0.0046875 0.0078125
1 0.646875 0.48125 0.00625 0.009375
0 0.64921875 0.47890625 0.0046875 0.0078125
0 0.690625 0.4859375 0.0046875 0.00625
1 0.7109375 0.49140625 0.00625 0.009375
0 0.72265625 0.490625 0.003125 0.0078125
0 0.72734375 0.49140625 0.0046875 0.00625
0 0.7359375 0.48984375 0.003125 0.00625
0 0.75703125 0.49375 0.003125 0.0046875
1 0.7609375 0.5 0.0046875 0.0078125
1 0.77421875 0.496875 0.003125 0.00625
1 0.778125 0.49609375 0.003125 0.0078125
1 0.78046875 0.49765625 0.0046875 0.0078125
0 0.784375 0.49609375 0.003125 0.0046875
1 0.790625 0.50234375 0.00625 0.009375
1 0.80078125 0.49921875 0.003125 0.00625
0 0.81875 0.5015625 0.003125 0.0046875
1 0.83828125 0.50546875 0.003125 0.00625
0 0.86953125 0.51015625 0.003125 0.00625
1 0.8765625 0.5109375 0.0046875 0.0078125
0 0.9109375 0.51640625 0.0046875 0.00625
1 0.9265625 0.51953125 0.0046875 0.0078125
0 0.9359375 0.5203125 0.003125 0.00625
0 0.55625 0.46328125 0.0015625 0.0046875
0 0.72578125 0.4890625 0.003125 0.0046875