0 0.90859375 0.26953125 0.015625 0.025
0 0.75390625 0.23359375 0.0140625 0.0203125
0 0.66015625 0.21171875 0.0109375 0.0171875
0 0.5828125 0.19296875 0.009375 0.015625
0 0.51328125 0.1765625 0.009375 0.0140625
0 0.46015625 0.165625 0.009375 0.0140625
0 0.4109375 0.1546875 0.00625 0.0109375
1 0.3890625 0.15546875 0.009375 0.0140625
1 0.43125 0.165625 0.009375 0.015625
1 0.49375 0.18125 0.0109375 0.0171875
1 0.54765625 0.19453125 0.0109375 0.01875
1 0.64453125 0.21875 0.015625 0.0234375
1 0.7984375 0.25859375 0.01875 0.028125
1 0.30625 0.6109375 0.153125 0.2328125
1 0.3421875 0.14453125 0.0078125 0.0125
0 0.365625 0.1453125 0.0078125 0.0125
0 0.3328125 0.13828125 0.00625 0.0109375
1 0.296875 0.134375 0.009375 0.0125
1 0.2765625 0.1296875 0.009375 0.0140625
0 0.2609375 0.12421875 0.0078125 0.0109375
1 0.23125 0.1203125 0.009375 0.0140625
0 0.21875 0.11640625 0.009375 0.0109375
1 0.17109375 0.10859375 0.0109375 0.0140625