0 0.1171875 0.53984375 0.015625 0.021875
0 0.26875 0.50703125 0.009375 0.015625
0 0.296875 0.62265625 0.046875 0.0703125
0 0.359375 0.48671875 0.00625 0.0125
0 0.38125 0.546875 0.025 0.0390625
0 0.40859375 0.515625 0.015625 0.0296875
0 0.43984375 0.490625 0.0125 0.01875
0 0.471875 0.47890625 0.009375 0.0171875
0 0.496875 0.471875 0.0078125 0.0140625
0 0.453125 0.46953125 0.00625 0.0109375
0 0.5078125 0.465625 0.00625 0.0125
0 0.40390625 0.47734375 0.0078125 0.0125
1 0.71171875 0.521875 0.0296875 0.0453125
1 0.6109375 0.49296875 0.0140625 0.0265625
1 0.59609375 0.4734375 0.009375 0.01875
1 0.60625 0.46484375 0.0078125 0.015625
1 0.6125 0.45703125 0.00625 0.015625
1 0.58046875 0.453125 0.00625 0.0109375
1 0.60078125 0.45390625 0.0078125 0.0125
1 0.475 0.46328125 0.00625 0.0109375
1 0.52734375 0.45546875 0.0046875 0.0109375
0 0.071875 0.51796875 0.0046875 0.0078125
1 0.11640625 0.51171875 0.00625 0.0109375
0 0.14453125 0.50546875 0.0046875 0.0078125
1 0.1625 0.5203125 0.0109375 0.0171875
1 0.175 0.50234375 0.00625 0.009375
0 0.20546875 0.49609375 0.0046875 0.0078125
1 0.2375 0.49140625 0.0046875 0.0078125
0 0.25703125 0.48671875 0.0046875 0.0078125
1 0.275 0.496875 0.00625 0.0125
1 0.28671875 0.4828125 0.0046875 0.0078125
0 0.29453125 0.48046875 0.003125 0.00625
1 0.32734375 0.47578125 0.003125 0.00625
1 0.3359375 0.4859375 0.00625 0.0125
0 0.32421875 0.47578125 0.003125 0.00625
0 0.35 0.47109375 0.003125 0.00625
0 0.371875 0.46796875 0.003125 0.00625
0 0.3984375 0.46328125 0.003125 0.0046875
0 0.425 0.46015625 0.003125 0.00625
0 0.44296875 0.4578125 0.003125 0.0046875
0 0.46171875 0.45390625 0.003125 0.00625
0 0.48046875 0.45234375 0.003125 0.00625
0 0.4875 0.45234375 0.003125 0.00625
0 0.4953125 0.46484375 0.0046875 0.0125
0 0.48984375 0.453125 0.003125 0.0078125
0 0.4921875 0.45234375 0.003125 0.0078125
0 0.4953125 0.453125 0.003125 0.00625
0 0.50703125 0.4515625 0.003125 0.0078125
0 0.534375 0.44921875 0.003125 0.0078125
0 0.56953125 0.44453125 0.003125 0.00625
0 0.60859375 0.44140625 0.0046875 0.00625
0 0.63671875 0.4375 0.003125 0.0078125
0 0.6390625 0.43515625 0.003125 0.00625
0 0.64140625 0.43515625 0.003125 0.0078125
0 0.6484375 0.4328125 0.003125 0.00625
0 0.66640625 0.43125 0.003125 0.00625
0 0.68984375 0.42734375 0.0015625 0.0046875
0 0.71875 0.42421875 0.0015625 0.00625
0 0.759375 0.41953125 0.003125 0.00625
0 0.82890625 0.4125 0.003125 0.0078125
0 0.846875 0.41015625 0.003125 0.00625
0 0.87265625 0.40625 0.003125 0.00625
0 0.9125 0.40234375 0.003125 0.00625
1 0.8796875 0.4078125 0.003125 0.00625
1 0.86015625 0.41015625 0.0046875 0.0078125
1 0.84140625 0.41328125 0.0046875 0.0078125
1 0.80390625 0.41640625 0.0046875 0.0078125
1 0.69609375 0.43125 0.0046875 0.009375
1 0.68203125 0.43046875 0.003125 0.0078125
1 0.67109375 0.43515625 0.0046875 0.0078125
1 0.62734375 0.43984375 0.0046875 0.009375
1 0.5203125 0.45234375 0.003125 0.0078125
1 0.47890625 0.45703125 0.003125 0.0078125
1 0.45078125 0.45859375 0.0015625 0.00625
1 0.453125 0.46015625 0.003125 0.0078125
1 0.45546875 0.45703125 0.003125 0.0078125
1 0.4390625 0.45859375 0.003125 0.00625
1 0.42109375 0.46015625 0.003125 0.0078125
1 0.40859375 0.47265625 0.0046875 0.0109375
1 0.396875 0.4640625 0.003125 0.00625
1 0.37578125 0.4671875 0.003125 0.00625
1 0.35390625 0.47109375 0.003125 0.00625
1 0.56953125 0.44609375 0.0046875 0.009375
1 0.68828125 0.4296875 0.0046875 0.0078125