0 0.36796875 0.6078125 0.0453125 0.0640625
0 0.43515625 0.51484375 0.021875 0.0296875
0 0.45234375 0.4890625 0.0125 0.0203125
0 0.4625 0.4734375 0.009375 0.0140625
0 0.4671875 0.46640625 0.0078125 0.0125
0 0.471875 0.4609375 0.00625 0.0109375
0 0.47890625 0.4546875 0.0046875 0.0078125
0 0.48203125 0.45234375 0.0046875 0.0078125
0 0.490625 0.4484375 0.0046875 0.0078125
0 0.8875 0.35546875 0.00625 0.009375
0 0.83515625 0.36640625 0.0046875 0.00625
0 0.7484375 0.3859375 0.0046875 0.00625
0 0.79296875 0.37578125 0.00625 0.0078125
0 0.7125 0.39296875 0.0046875 0.00625
0 0.67265625 0.4015625 0.003125 0.00625
1 0.671875 0.490625 0.03125 0.0453125
1 0.60078125 0.46796875 0.0171875 0.0265625
1 0.5765625 0.46015625 0.0140625 0.021875
1 0.54609375 0.45 0.009375 0.0140625
1 0.53828125 0.44765625 0.00625 0.0109375
1 0.53359375 0.4453125 0.00625 0.0078125
1 0.53359375 0.4390625 0.0046875 0.0078125
1 0.54375 0.434375 0.003125 0.00625
1 0.5546875 0.43125 0.003125 0.00625
1 0.9015625 0.35625 0.0078125 0.009375
1 0.84609375 0.36640625 0.00625 0.0078125
1 0.80859375 0.37421875 0.00625 0.0078125
1 0.76640625 0.38203125 0.0046875 0.0078125
1 0.72265625 0.39140625 0.0046875 0.0078125
1 0.69453125 0.3984375 0.0046875 0.00625
1 0.66640625 0.4046875 0.003125 0.00625
1 0.63671875 0.41171875 0.0046875 0.00625
1 0.609375 0.4171875 0.0046875 0.0078125
1 0.57578125 0.425 0.0046875 0.0078125
0 0.50546875 0.44296875 0.003125 0.00625
0 0.52109375 0.43828125 0.003125 0.00625
1 0.53515625 0.4375 0.0046875 0.0078125