1 0.0375 0.37890625 0.015625 0.01875
1 0.1578125 0.34453125 0.009375 0.0171875
1 0.25625 0.31796875 0.0109375 0.015625
1 0.35234375 0.29375 0.009375 0.0171875
1 0.43046875 0.278125 0.009375 0.015625
1 0.49375 0.2671875 0.0109375 0.0171875
1 0.56640625 0.25546875 0.0140625 0.0203125
1 0.68671875 0.22890625 0.0171875 0.025
0 0.77890625 0.228125 0.028125 0.034375
0 0.7640625 0.509375 0.11875 0.159375
0 0.58828125 0.27421875 0.01875 0.0296875
0 0.44375 0.29765625 0.015625 0.025
0 0.38984375 0.30078125 0.0125 0.0203125
0 0.3140625 0.31171875 0.0109375 0.01875
0 0.2171875 0.33671875 0.0125 0.01875
0 0.1125 0.365625 0.0109375 0.01875