0 0.2546875 0.62109375 0.078125 0.128125
0 0.79140625 0.5671875 0.071875 0.10625
0 0.9265625 0.37109375 0.0078125 0.015625
0 0.7796875 0.37265625 0.0109375 0.01875
0 0.67265625 0.37421875 0.009375 0.01875
0 0.515625 0.37421875 0.009375 0.01875
0 0.40390625 0.371875 0.0109375 0.0171875
0 0.3328125 0.37109375 0.0078125 0.015625
1 0.8078125 0.36328125 0.0078125 0.015625
1 0.68828125 0.3671875 0.0078125 0.015625
1 0.56640625 0.3671875 0.0078125 0.015625
1 0.484375 0.36640625 0.009375 0.015625
1 0.3765625 0.3640625 0.0078125 0.0140625
0 0.27578125 0.3671875 0.0078125 0.0140625
0 0.2453125 0.365625 0.0078125 0.0125
0 0.28515625 0.3578125 0.00625 0.0078125
0 0.31875 0.35625 0.0046875 0.009375
0 0.3515625 0.35625 0.0046875 0.009375
0 0.39609375 0.3546875 0.0046875 0.009375
1 0.32578125 0.3609375 0.00625 0.0109375
1 0.36171875 0.35703125 0.0046875 0.009375
1 0.41328125 0.35625 0.00625 0.009375
1 0.45390625 0.35546875 0.0046875 0.009375
1 0.5421875 0.35234375 0.0046875 0.009375
1 0.6234375 0.35078125 0.0046875 0.0109375
0 0.60703125 0.35078125 0.0046875 0.009375
0 0.66640625 0.35 0.003125 0.0078125
0 0.72890625 0.3484375 0.0046875 0.0078125
1 0.68828125 0.3515625 0.0046875 0.009375
1 0.76015625 0.35 0.0046875 0.0078125
1 0.8078125 0.34921875 0.0046875 0.009375
1 0.87421875 0.34765625 0.0046875 0.009375
0 0.8375 0.346875 0.0046875 0.0078125
0 0.78046875 0.3484375 0.00625 0.00625
0 0.8984375 0.34609375 0.0046875 0.0078125
1 0.3296875 0.3640625 0.00625 0.0125
0 0.24609375 0.36171875 0.0078125 0.0109375
0 0.53359375 0.35078125 0.0046875 0.0078125