0 0.271875 0.62265625 0.0640625 0.1
0 0.5453125 0.54140625 0.025 0.0421875
0 0.68515625 0.53515625 0.021875 0.0296875
0 0.778125 0.53671875 0.021875 0.0265625
0 0.84609375 0.53828125 0.0171875 0.021875
0 0.8984375 0.5390625 0.015625 0.0203125
0 0.9046875 0.53359375 0.0109375 0.0171875
0 0.86640625 0.521875 0.0109375 0.015625
0 0.815625 0.509375 0.009375 0.0125
0 0.7671875 0.5 0.0078125 0.0125
0 0.72890625 0.49453125 0.00625 0.009375
0 0.6875 0.48828125 0.00625 0.009375
0 0.634375 0.48046875 0.00625 0.009375
0 0.58125 0.475 0.00625 0.009375
0 0.51015625 0.465625 0.0046875 0.0078125
1 0.91015625 0.61015625 0.0328125 0.0484375
1 0.571875 0.471875 0.0046875 0.0078125
1 0.6203125 0.4765625 0.00625 0.009375
1 0.6671875 0.48359375 0.00625 0.0078125
1 0.70703125 0.4890625 0.00625 0.0078125
1 0.7609375 0.49765625 0.00625 0.009375
1 0.821875 0.50703125 0.00625 0.0109375
1 0.890625 0.51796875 0.009375 0.0125
1 0.9390625 0.51640625 0.003125 0.0046875
1 0.909375 0.51171875 0.0046875 0.00625
1 0.86953125 0.50625 0.003125 0.00625
1 0.84296875 0.503125 0.003125 0.0046875
1 0.70078125 0.48359375 0.003125 0.00625
1 0.653125 0.47734375 0.0046875 0.00625
0 0.88359375 0.509375 0.003125 0.0046875
0 0.62890625 0.4734375 0.003125 0.0046875
1 0.59921875 0.46953125 0.003125 0.0046875
0 0.58671875 0.46875 0.0015625 0.003125
1 0.56875 0.46640625 0.003125 0.00625
1 0.83359375 0.50078125 0.0046875 0.00625
0 0.4671875 0.46015625 0.003125 0.00625
1 0.5109375 0.45859375 0.003125 0.0046875
0 0.53984375 0.46015625 0.003125 0.00625
0 0.67265625 0.48046875 0.003125 0.0046875
0 0.71171875 0.48515625 0.0015625 0.0046875
1 0.73515625 0.4890625 0.003125 0.0046875
0 0.77890625 0.49453125 0.003125 0.00625
1 0.78671875 0.496875 0.0015625 0.0046875
0 0.8046875 0.4984375 0.003125 0.0046875
1 0.81484375 0.5 0.003125 0.0046875
1 0.82109375 0.4984375 0.0015625 0.0046875
0 0.56015625 0.46484375 0.0015625 0.0046875
1 0.49921875 0.45625 0.0015625 0.003125
1 0.5375 0.4625 0.0015625 0.0046875
0 0.74375 0.48984375 0.0015625 0.003125