1 0.5859375 0.43125 0.09375 0.1453125
0 0.31875 0.2078125 0.0078125 0.0125
0 0.4015625 0.18046875 0.0078125 0.0125
0 0.48125 0.153125 0.00625 0.0125
0 0.53671875 0.13671875 0.0078125 0.0125
0 0.59140625 0.11796875 0.00625 0.0109375
1 0.440625 0.171875 0.009375 0.015625
1 0.5046875 0.15078125 0.009375 0.0140625
1 0.5625 0.13125 0.009375 0.0140625
1 0.61484375 0.1140625 0.0078125 0.0140625
1 0.378125 0.19296875 0.009375 0.015625
1 0.2796875 0.22421875 0.0109375 0.0171875
1 0.12109375 0.2765625 0.0109375 0.01875
0 0.20234375 0.24453125 0.0109375 0.015625
1 0.66171875 0.0984375 0.009375 0.0140625
0 0.675 0.0921875 0.00625 0.009375