0 0.33984375 0.603125 0.0484375 0.0671875
0 0.184375 0.5546875 0.0265625 0.0359375
0 0.11953125 0.5453125 0.021875 0.0265625
0 0.1328125 0.53125 0.015625 0.0203125
0 0.18203125 0.5140625 0.0109375 0.0171875
0 0.26875 0.49453125 0.009375 0.0140625
0 0.3453125 0.4796875 0.0078125 0.0125
0 0.41640625 0.46796875 0.0046875 0.0109375
0 0.49140625 0.45546875 0.0046875 0.0109375
0 0.56015625 0.446875 0.0046875 0.0109375
0 0.61484375 0.44140625 0.00625 0.0125
0 0.6734375 0.434375 0.00625 0.0109375
0 0.74609375 0.425 0.0078125 0.0125
0 0.8484375 0.41015625 0.0078125 0.0125
0 0.32265625 0.5625 0.0328125 0.046875
1 0.2984375 0.49765625 0.0109375 0.0171875
1 0.29296875 0.50703125 0.0125 0.021875
1 0.3546875 0.50546875 0.0140625 0.0234375
1 0.3625 0.4828125 0.009375 0.0140625
1 0.428125 0.4703125 0.009375 0.0140625
1 0.465625 0.50234375 0.0171875 0.028125
1 0.49921875 0.459375 0.0078125 0.0125
1 0.5796875 0.45078125 0.009375 0.0140625
1 0.6140625 0.4984375 0.0234375 0.0359375
1 0.63828125 0.4453125 0.009375 0.015625
1 0.73671875 0.434375 0.009375 0.0171875
1 0.8203125 0.42109375 0.0109375 0.0171875
1 0.809375 0.52421875 0.0390625 0.0609375