0 0.91171875 0.54375 0.0078125 0.0125
0 0.8453125 0.528125 0.00625 0.0109375
1 0.84765625 0.5328125 0.009375 0.0140625
0 0.7875 0.515625 0.0078125 0.0109375
0 0.71171875 0.50078125 0.00625 0.009375
0 0.653125 0.48984375 0.00625 0.009375
0 0.6171875 0.4859375 0.0078125 0.0125
0 0.57265625 0.48203125 0.009375 0.0140625
0 0.53984375 0.48046875 0.009375 0.015625
0 0.49453125 0.4828125 0.0125 0.0203125
0 0.43515625 0.49921875 0.021875 0.034375
0 0.36171875 0.534375 0.0359375 0.05625
0 0.09296875 0.38125 0.0046875 0.0078125
0 0.13046875 0.3890625 0.00625 0.009375
0 0.1421875 0.3921875 0.00625 0.009375
0 0.146875 0.39453125 0.0078125 0.0109375
0 0.1390625 0.396875 0.009375 0.0140625
0 0.11875 0.3984375 0.0109375 0.015625
0 0.10234375 0.40078125 0.015625 0.01875
1 0.76015625 0.51484375 0.009375 0.0140625
1 0.70546875 0.50546875 0.009375 0.0140625
1 0.67421875 0.503125 0.009375 0.015625
1 0.6484375 0.51015625 0.0109375 0.01875
1 0.63828125 0.52265625 0.015625 0.025
1 0.6734375 0.575 0.0328125 0.046875