1 0.47109375 0.7328125 0.1703125 0.2578125
1 0.10546875 0.5125 0.0796875 0.1109375
1 0.14609375 0.3890625 0.04375 0.0609375
1 0.35390625 0.28359375 0.0296875 0.0421875
1 0.459375 0.2375 0.021875 0.034375
1 0.51484375 0.2046875 0.01875 0.0296875
1 0.484375 0.2015625 0.0140625 0.0234375
1 0.446875 0.19609375 0.0109375 0.01875
1 0.42734375 0.1953125 0.009375 0.015625
1 0.4171875 0.1953125 0.009375 0.0140625
0 0.33984375 0.2234375 0.00625 0.0140625
0 0.33984375 0.2328125 0.0125 0.01875
0 0.3328125 0.24765625 0.015625 0.0234375
0 0.28046875 0.27421875 0.01875 0.028125
0 0.16875 0.31875 0.0234375 0.034375