0 0.16875 0.48046875 0.0140625 0.021875
0 0.32109375 0.475 0.009375 0.0171875
0 0.2140625 0.6453125 0.075 0.1015625
1 0.22578125 0.46875 0.0109375 0.015625
1 0.3390625 0.46640625 0.0078125 0.0125
1 0.396875 0.465625 0.00625 0.0109375
0 0.415625 0.471875 0.0078125 0.0140625
0 0.465625 0.46953125 0.0078125 0.0109375
1 0.47265625 0.465625 0.0046875 0.0109375
0 0.48984375 0.4921875 0.0125 0.021875
0 0.515625 0.47109375 0.0078125 0.0109375
0 0.52890625 0.48515625 0.0109375 0.01875
0 0.559375 0.48359375 0.009375 0.0125
0 0.571875 0.47890625 0.009375 0.0140625
1 0.5421875 0.4671875 0.00625 0.009375
1 0.5484375 0.4625 0.0046875 0.0078125
1 0.596875 0.4703125 0.0078125 0.0109375
1 0.65546875 0.47734375 0.0078125 0.0125
1 0.67734375 0.4828125 0.0078125 0.0140625
1 0.68984375 0.48984375 0.009375 0.015625
1 0.67890625 0.496875 0.0109375 0.01875
1 0.665625 0.50703125 0.0140625 0.0234375
1 0.678125 0.534375 0.021875 0.034375
1 0.8140625 0.61328125 0.0515625 0.0671875
0 0.3890625 0.54921875 0.0328125 0.0484375
0 0.4390625 0.51484375 0.021875 0.034375
0 0.5609375 0.4734375 0.0078125 0.0125
0 0.071875 0.45 0.00625 0.0078125
1 0.10546875 0.453125 0.0078125 0.009375
0 0.1703125 0.45234375 0.0046875 0.0078125
1 0.20546875 0.45390625 0.00625 0.009375
0 0.2328125 0.45234375 0.003125 0.00625
1 0.25703125 0.45390625 0.003125 0.0078125
0 0.2875 0.453125 0.003125 0.00625
1 0.3140625 0.45390625 0.0046875 0.0078125
0 0.33359375 0.45234375 0.003125 0.0046875
1 0.36015625 0.45390625 0.003125 0.00625
0 0.36953125 0.453125 0.0015625 0.0046875
0 0.39765625 0.45390625 0.003125 0.0046875
1 0.4 0.45390625 0.003125 0.00625
0 0.42265625 0.45390625 0.003125 0.003125
1 0.4265625 0.4546875 0.003125 0.0046875
0 0.44453125 0.45390625 0.0015625 0.0046875
1 0.446875 0.4546875 0.0015625 0.0046875
1 0.46875 0.4546875 0.0015625 0.0046875
0 0.471875 0.4546875 0.0015625 0.0046875
1 0.49296875 0.45625 0.003125 0.0046875
0 0.496875 0.4546875 0.003125 0.0046875
1 0.5109375 0.45703125 0.0015625 0.00625
0 0.51484375 0.45703125 0.0015625 0.0046875
1 0.521875 0.46015625 0.0046875 0.00625
1 0.5265625 0.45859375 0.003125 0.00625
0 0.534375 0.4578125 0.003125 0.0046875
0 0.56015625 0.46015625 0.0015625 0.0046875
0 0.5625 0.46015625 0.0015625 0.00625
0 0.56484375 0.46015625 0.0015625 0.00625
0 0.5671875 0.46171875 0.003125 0.00625
0 0.5796875 0.4625 0.003125 0.00625
1 0.59140625 0.46484375 0.00625 0.0078125
0 0.60859375 0.4640625 0.0046875 0.0078125
1 0.64453125 0.46875 0.00625 0.009375
0 0.646875 0.465625 0.0046875 0.0078125
0 0.68828125 0.46953125 0.0046875 0.00625
1 0.709375 0.4734375 0.00625 0.009375
0 0.7203125 0.47109375 0.003125 0.0078125
0 0.72578125 0.471875 0.003125 0.00625
0 0.734375 0.46953125 0.0015625 0.00625
0 0.75546875 0.47109375 0.003125 0.0046875
1 0.76015625 0.47734375 0.0046875 0.0078125
1 0.7734375 0.47265625 0.003125 0.00625
1 0.7765625 0.471875 0.003125 0.0078125
1 0.77890625 0.4734375 0.003125 0.0078125
0 0.7828125 0.471875 0.003125 0.0046875
1 0.78984375 0.47734375 0.0046875 0.009375
1 0.8 0.4734375 0.003125 0.00625
0 0.81796875 0.4734375 0.003125 0.0046875
1 0.8375 0.47578125 0.003125 0.00625
0 0.86953125 0.47734375 0.003125 0.00625
1 0.8765625 0.478125 0.003125 0.0078125
0 0.9109375 0.48046875 0.003125 0.00625
1 0.9265625 0.48203125 0.0046875 0.0078125
0 0.9359375 0.48203125 0.003125 0.00625
0 0.553125 0.45859375 0.0015625 0.0046875
0 0.72421875 0.46953125 0.003125 0.0046875