0 0.17109375 0.615625 0.0609375 0.08125
0 0.3921875 0.528125 0.025 0.0390625
0 0.45390625 0.4984375 0.0140625 0.0265625
0 0.53046875 0.4890625 0.0109375 0.0203125
0 0.55625 0.48046875 0.009375 0.0171875
0 0.5546875 0.46171875 0.003125 0.0078125
0 0.58359375 0.46015625 0.003125 0.0078125
0 0.57421875 0.47578125 0.0078125 0.0140625
0 0.58515625 0.47109375 0.00625 0.0125
0 0.603125 0.4671875 0.0046875 0.0109375
0 0.6171875 0.46015625 0.003125 0.0078125
0 0.62421875 0.465625 0.0046875 0.009375
0 0.64296875 0.46484375 0.0046875 0.0078125
0 0.646875 0.46171875 0.003125 0.0078125
0 0.653125 0.46328125 0.0046875 0.0078125
1 0.6359375 0.45859375 0.003125 0.0078125
1 0.696875 0.48515625 0.009375 0.015625
1 0.69375 0.471875 0.00625 0.0109375
1 0.68359375 0.4765625 0.0078125 0.0140625
1 0.71015625 0.46953125 0.00625 0.0109375
1 0.715625 0.46328125 0.0046875 0.0078125
1 0.725 0.46875 0.0046875 0.009375
1 0.72109375 0.49765625 0.0140625 0.021875
1 0.67265625 0.515625 0.0171875 0.0296875
1 0.69765625 0.546875 0.0265625 0.04375
1 0.78828125 0.67578125 0.0703125 0.103125
1 0.309375 0.4640625 0.0046875 0.0109375
1 0.39140625 0.4625 0.0046875 0.009375
0 0.2953125 0.4671875 0.0078125 0.0125
0 0.39765625 0.465625 0.0046875 0.0109375
1 0.0875 0.46484375 0.0109375 0.0125
1 0.2328125 0.4640625 0.0078125 0.0109375
0 0.07734375 0.46953125 0.0109375 0.0140625
0 0.18515625 0.46875 0.009375 0.0125
0 0.44921875 0.46328125 0.0046875 0.0109375
0 0.50703125 0.46171875 0.0046875 0.009375
1 0.45234375 0.46015625 0.003125 0.009375
1 0.50546875 0.459375 0.003125 0.0078125
0 0.10390625 0.45625 0.0046875 0.0078125
1 0.11953125 0.45859375 0.00625 0.009375
0 0.20546875 0.45546875 0.0046875 0.00625
1 0.22421875 0.45625 0.0046875 0.0078125
0 0.2796875 0.4546875 0.003125 0.00625
1 0.3015625 0.45546875 0.003125 0.0078125
0 0.33125 0.4546875 0.003125 0.00625
1 0.35390625 0.45546875 0.003125 0.0078125
0 0.378125 0.45390625 0.003125 0.0046875
1 0.40234375 0.4546875 0.003125 0.00625
0 0.41171875 0.45390625 0.003125 0.0046875
1 0.43046875 0.4546875 0.0015625 0.00625
0 0.44453125 0.45390625 0.0015625 0.0046875
1 0.46484375 0.45390625 0.0015625 0.0046875
1 0.4953125 0.45390625 0.003125 0.0046875
0 0.49921875 0.453125 0.0015625 0.003125
1 0.52421875 0.453125 0.0015625 0.0046875
1 0.53828125 0.4578125 0.003125 0.0078125
1 0.54375 0.453125 0.0015625 0.0046875
1 0.57734375 0.453125 0.0015625 0.0046875
1 0.5875 0.45859375 0.003125 0.0078125
1 0.5984375 0.453125 0.0015625 0.0046875
0 0.6015625 0.453125 0.0015625 0.003125
1 0.61328125 0.45390625 0.003125 0.0046875
1 0.621875 0.45546875 0.003125 0.00625
1 0.6265625 0.4546875 0.003125 0.0046875
1 0.64296875 0.45703125 0.003125 0.00625
0 0.64921875 0.4546875 0.003125 0.003125
0 0.66875 0.45703125 0.0015625 0.0046875
1 0.67578125 0.4609375 0.003125 0.00625
0 0.6921875 0.4578125 0.003125 0.00625
0 0.7234375 0.45859375 0.003125 0.0046875
0 0.759375 0.46015625 0.003125 0.0046875
1 0.77109375 0.4609375 0.0046875 0.0078125
0 0.78828125 0.4609375 0.003125 0.00625
0 0.7953125 0.4609375 0.003125 0.0046875
0 0.7984375 0.4609375 0.0015625 0.0046875
0 0.81484375 0.46015625 0.003125 0.0046875
1 0.81640625 0.46328125 0.0046875 0.0078125
0 0.83671875 0.4609375 0.003125 0.0046875
1 0.846875 0.4640625 0.0046875 0.00625
1 0.85234375 0.4640625 0.003125 0.0046875
0 0.86640625 0.46171875 0.003125 0.0046875
1 0.8796875 0.4625 0.003125 0.00625
0 0.90234375 0.46328125 0.003125 0.0046875
1 0.91640625 0.4640625 0.003125 0.0046875
1 0.71875 0.459375 0.003125 0.00625
0 0.55703125 0.45234375 0.0015625 0.0046875
1 0.56015625 0.45234375 0.0015625 0.00625
1 0.6765625 0.4578125 0.003125 0.00625
0 0.475 0.453125 0.0015625 0.0046875
0 0.5203125 0.453125 0.0015625 0.003125
0 0.659375 0.45625 0.0015625 0.0046875
0 0.53984375 0.45234375 0.0015625 0.003125
0 0.57890625 0.453125 0.0015625 0.003125
0 0.61796875 0.453125 0.0015625 0.003125
0 0.63359375 0.4546875 0.0015625 0.003125
0 0.6546875 0.45625 0.0015625 0.003125
0 0.65625 0.45625 0.0015625 0.003125
0 0.6578125 0.45625 0.0015625 0.003125
1 0.85390625 0.4609375 0.0015625 0.0046875
0 0.8015625 0.46015625 0.003125 0.00625