1 0.2953125 0.6875 0.140625 0.2140625
1 0.603125 0.153125 0.009375 0.015625
1 0.68359375 0.1359375 0.009375 0.015625
1 0.50625 0.1734375 0.0078125 0.0125
1 0.3953125 0.19765625 0.009375 0.0125
1 0.290625 0.22109375 0.0078125 0.0125
1 0.2421875 0.2328125 0.00625 0.0109375
0 0.61328125 0.14609375 0.00625 0.0125
0 0.41015625 0.190625 0.00625 0.0109375
0 0.33515625 0.2078125 0.00625 0.009375
0 0.30625 0.2140625 0.00625 0.009375
0 0.29765625 0.2140625 0.0046875 0.0078125
1 0.17578125 0.24296875 0.00625 0.0078125
1 0.12734375 0.2546875 0.0078125 0.009375
1 0.225 0.23515625 0.00625 0.0109375
1 0.215625 0.23359375 0.0046875 0.0078125
0 0.21171875 0.23203125 0.0046875 0.0078125
0 0.16171875 0.2453125 0.0046875 0.0078125
0 0.2609375 0.22109375 0.0046875 0.0078125
0 0.28515625 0.21640625 0.0046875 0.0078125
0 0.50859375 0.16953125 0.00625 0.0125
0 0.7140625 0.12421875 0.00625 0.0125
1 0.7859375 0.11171875 0.009375 0.0171875