0 0.2421875 0.61484375 0.06875 0.13125
0 0.65703125 0.50078125 0.0421875 0.065625
0 0.73125 0.45390625 0.028125 0.046875
0 0.6171875 0.4171875 0.01875 0.0328125
0 0.5140625 0.3875 0.0140625 0.025
0 0.4453125 0.37265625 0.0109375 0.01875
0 0.42265625 0.3609375 0.0078125 0.015625
0 0.44609375 0.35625 0.0078125 0.015625
0 0.48125 0.353125 0.00625 0.0125
0 0.52890625 0.35390625 0.0046875 0.0109375
0 0.59609375 0.35703125 0.0046875 0.009375
1 0.8 0.41328125 0.01875 0.028125
1 0.6609375 0.3890625 0.0125 0.0234375
1 0.56953125 0.3734375 0.0109375 0.01875
1 0.715625 0.36875 0.0078125 0.0125
1 0.73984375 0.3671875 0.00625 0.0125
1 0.728125 0.3640625 0.00625 0.0109375
1 0.92421875 0.375 0.00625 0.0109375
0 0.9015625 0.36953125 0.0046875 0.0078125
1 0.87578125 0.36953125 0.0046875 0.009375
0 0.83359375 0.3640625 0.0046875 0.00625
1 0.81875 0.36484375 0.00625 0.009375
1 0.76953125 0.36171875 0.0046875 0.0078125
0 0.77890625 0.36015625 0.0046875 0.00625
0 0.6625 0.353125 0.003125 0.00625
0 0.65234375 0.35625 0.0046875 0.0078125
1 0.715625 0.3609375 0.00625 0.009375
0 0.6859375 0.35390625 0.003125 0.00625
0 0.65 0.35390625 0.003125 0.0078125
0 0.7296875 0.35625 0.003125 0.0046875