1 0.38125 0.63359375 0.115625 0.215625
1 0.203125 0.3796875 0.04375 0.0875
1 0.440625 0.27109375 0.0296875 0.053125
1 0.596875 0.22421875 0.0234375 0.0375
1 0.77421875 0.2 0.0203125 0.0328125
0 0.09140625 0.28125 0.03125 0.0484375
0 0.3203125 0.23671875 0.015625 0.0328125
0 0.48828125 0.21171875 0.0125 0.028125
0 0.61640625 0.1953125 0.015625 0.0265625
0 0.71328125 0.18359375 0.0140625 0.0234375
0 0.79296875 0.1734375 0.0125 0.0234375
0 0.82890625 0.16640625 0.0125 0.021875
0 0.78046875 0.159375 0.009375 0.015625
0 0.7359375 0.16015625 0.0078125 0.0140625
0 0.69453125 0.1625 0.00625 0.0125
0 0.6375 0.165625 0.0078125 0.0140625
1 0.68046875 0.16171875 0.00625 0.0140625
1 0.6234375 0.16484375 0.0078125 0.0140625
1 0.8859375 0.14921875 0.0078125 0.0171875
1 0.75078125 0.1578125 0.0046875 0.0125
1 0.55546875 0.16953125 0.0046875 0.0125
1 0.55859375 0.16484375 0.003125 0.0078125
1 0.41328125 0.1765625 0.003125 0.009375
1 0.48359375 0.17421875 0.003125 0.0125
1 0.51171875 0.16796875 0.003125 0.0078125
0 0.56171875 0.17109375 0.0046875 0.0125
0 0.60859375 0.16171875 0.003125 0.0078125
0 0.81875 0.16171875 0.009375 0.0171875
0 0.390625 0.184375 0.003125 0.0125
0 0.33515625 0.18671875 0.0046875 0.0125
0 0.3125 0.18671875 0.003125 0.00625
0 0.29453125 0.18828125 0.003125 0.0109375
1 0.934375 0.175 0.015625 0.034375
1 0.715625 0.15546875 0.003125 0.0078125
0 0.54296875 0.16640625 0.0015625 0.00625
0 0.48671875 0.17734375 0.0046875 0.0125
1 0.39765625 0.17734375 0.0015625 0.0109375
0 0.28828125 0.1875 0.0015625 0.0109375