1 0.2515625 0.62421875 0.128125 0.2078125
1 0.69453125 0.1953125 0.0078125 0.0140625
1 0.7765625 0.20078125 0.0078125 0.015625
1 0.5953125 0.18828125 0.00625 0.0125
1 0.4828125 0.18046875 0.0078125 0.0125
1 0.37578125 0.17421875 0.00625 0.0109375
1 0.32578125 0.171875 0.00625 0.0109375
0 0.70625 0.190625 0.00625 0.0125
0 0.49921875 0.178125 0.00625 0.0109375
0 0.421875 0.1734375 0.00625 0.009375
0 0.3921875 0.17109375 0.00625 0.009375
0 0.38359375 0.16953125 0.0046875 0.0078125
1 0.25859375 0.16328125 0.00625 0.0078125
1 0.209375 0.16171875 0.0078125 0.009375
1 0.30859375 0.16953125 0.00625 0.0109375
1 0.3 0.165625 0.0046875 0.0078125
0 0.296875 0.1625 0.0046875 0.0078125
0 0.24453125 0.16171875 0.0046875 0.0078125
0 0.34765625 0.165625 0.0046875 0.0078125
0 0.37109375 0.16796875 0.0046875 0.0078125
0 0.59921875 0.184375 0.0046875 0.0125
0 0.809375 0.19765625 0.00625 0.0125
1 0.88203125 0.20546875 0.009375 0.015625