1 0.3734375 0.7171875 0.1625 0.2375
1 0.07265625 0.29921875 0.0109375 0.01875
1 0.15703125 0.275 0.0109375 0.0171875
0 0.08828125 0.28984375 0.0078125 0.0140625
0 0.18203125 0.2625 0.009375 0.0140625
0 0.2859375 0.23359375 0.009375 0.0140625
1 0.27421875 0.24140625 0.0109375 0.01875
1 0.3703125 0.2140625 0.009375 0.0171875
1 0.44453125 0.19375 0.009375 0.0171875
0 0.4515625 0.1859375 0.009375 0.0140625
0 0.45625 0.17890625 0.0046875 0.0078125
0 0.459375 0.178125 0.0046875 0.0078125
0 0.47265625 0.1734375 0.00625 0.009375
0 0.4859375 0.1703125 0.0046875 0.0078125
0 0.5015625 0.1671875 0.00625 0.009375
0 0.51953125 0.16796875 0.009375 0.0140625
1 0.50859375 0.1640625 0.00625 0.009375
1 0.56171875 0.1640625 0.0109375 0.01875
1 0.54140625 0.15546875 0.0046875 0.0078125
0 0.53671875 0.15859375 0.00625 0.009375
0 0.58828125 0.14921875 0.009375 0.0140625
0 0.57890625 0.14609375 0.0046875 0.0078125
0 0.59140625 0.14375 0.0046875 0.0109375
1 0.59609375 0.14140625 0.00625 0.0109375
1 0.621875 0.13359375 0.0046875 0.0078125
1 0.65625 0.1375 0.0109375 0.0171875
1 0.6453125 0.1296875 0.00625 0.0109375
0 0.65859375 0.13046875 0.00625 0.0125
0 0.67578125 0.121875 0.00625 0.0109375
0 0.725 0.1125 0.009375 0.0140625
0 0.74140625 0.1046875 0.0046875 0.009375
1 0.70859375 0.1109375 0.0046875 0.0078125