1 0.3359375 0.54140625 0.096875 0.1578125
1 0.17109375 0.25859375 0.0140625 0.021875
1 0.3171875 0.23359375 0.0125 0.01875
1 0.42734375 0.21328125 0.0109375 0.0203125
1 0.58203125 0.18046875 0.0078125 0.0171875
1 0.646875 0.165625 0.0078125 0.015625
0 0.2078125 0.24375 0.0109375 0.01875
0 0.296875 0.228125 0.009375 0.0171875
0 0.38203125 0.2125 0.009375 0.0171875
0 0.46171875 0.196875 0.009375 0.0171875
0 0.5296875 0.18125 0.009375 0.015625
0 0.109375 0.26171875 0.0125 0.01875
0 0.34296875 0.20703125 0.0046875 0.009375
0 0.359375 0.2046875 0.00625 0.0125
0 0.471875 0.1859375 0.00625 0.0125
0 0.43203125 0.18984375 0.0046875 0.0078125
0 0.43671875 0.18828125 0.0046875 0.0078125
0 0.4 0.1953125 0.0046875 0.009375
0 0.41328125 0.19609375 0.0046875 0.0109375
1 0.403125 0.19453125 0.0046875 0.0109375
1 0.421875 0.19140625 0.0046875 0.0109375
1 0.45546875 0.1875 0.0046875 0.0109375
1 0.45078125 0.18515625 0.0046875 0.009375
1 0.46328125 0.18359375 0.003125 0.0078125
1 0.48046875 0.18125 0.003125 0.009375
1 0.48984375 0.18046875 0.003125 0.009375
1 0.49765625 0.17734375 0.003125 0.009375
1 0.51328125 0.17734375 0.00625 0.0125
1 0.46015625 0.18359375 0.003125 0.0078125
0 0.49375 0.178125 0.003125 0.0078125
0 0.53515625 0.175 0.00625 0.0140625
0 0.56640625 0.17265625 0.009375 0.015625
0 0.584375 0.16796875 0.00625 0.0125
1 0.57734375 0.16796875 0.0046875 0.0125
0 0.58046875 0.1671875 0.0046875 0.0109375
1 0.61015625 0.16015625 0.003125 0.0078125
0 0.6359375 0.1546875 0.003125 0.0078125
1 0.628125 0.159375 0.00625 0.0125
1 0.64609375 0.1546875 0.0046875 0.0078125
1 0.67265625 0.153125 0.00625 0.0125
1 0.68515625 0.15234375 0.00625 0.015625
1 0.6984375 0.1484375 0.00625 0.0140625