1 0.18671875 0.44296875 0.1171875 0.1609375
1 0.140625 0.1484375 0.0203125 0.0375
1 0.3609375 0.18671875 0.025 0.034375
1 0.503125 0.21171875 0.0234375 0.034375
1 0.690625 0.240625 0.021875 0.034375
1 0.7984375 0.24921875 0.01875 0.028125
0 0.88828125 0.240625 0.0125 0.0203125
0 0.78828125 0.23046875 0.0140625 0.0203125
0 0.659375 0.21640625 0.015625 0.0234375
0 0.53671875 0.1984375 0.015625 0.0234375
0 0.41640625 0.17890625 0.0171875 0.025
0 0.29140625 0.15859375 0.0171875 0.025
1 0.93984375 0.2578125 0.01875 0.025
0 0.9625 0.2484375 0.0125 0.0171875