0 0.9046875 0.5234375 0.0109375 0.0171875
0 0.7578125 0.50078125 0.009375 0.015625
0 0.65 0.48515625 0.0109375 0.01875
0 0.54921875 0.47421875 0.0109375 0.0171875
0 0.44296875 0.4671875 0.0109375 0.0203125
0 0.35546875 0.47265625 0.01875 0.028125
0 0.2578125 0.49375 0.03125 0.04375
0 0.10546875 0.5921875 0.0703125 0.1046875
1 0.61796875 0.56953125 0.0328125 0.053125
1 0.53359375 0.5109375 0.0203125 0.034375
1 0.56875 0.49375 0.015625 0.0234375
1 0.66875 0.5015625 0.0140625 0.021875
1 0.78125 0.515625 0.0140625 0.0203125