1 0.8953125 0.53359375 0.009375 0.0140625
0 0.88125 0.52734375 0.0078125 0.0109375
0 0.79765625 0.51171875 0.0078125 0.0109375
0 0.7375 0.5 0.0078125 0.0109375
0 0.675 0.48828125 0.0078125 0.0109375
0 0.615625 0.4796875 0.00625 0.009375
0 0.56875 0.47421875 0.0078125 0.0125
0 0.53359375 0.47421875 0.009375 0.0140625
0 0.49140625 0.475 0.0125 0.01875
0 0.4484375 0.4828125 0.015625 0.025
0 0.4015625 0.5015625 0.025 0.0375
1 0.81953125 0.51796875 0.0078125 0.0140625
1 0.75625 0.50703125 0.0078125 0.0140625
1 0.6875 0.49609375 0.0078125 0.0140625
1 0.6453125 0.490625 0.009375 0.0140625
1 0.62734375 0.49375 0.009375 0.015625
1 0.6171875 0.50078125 0.0109375 0.01875
1 0.62578125 0.5171875 0.0171875 0.0265625
1 0.640625 0.54765625 0.025 0.0390625
1 0.8359375 0.79453125 0.115625 0.1421875
1 0.15625 0.36953125 0.0140625 0.01875
1 0.14140625 0.3609375 0.0109375 0.015625
1 0.146875 0.36875 0.0078125 0.0171875