0 0.33359375 0.53828125 0.0453125 0.0640625
0 0.43515625 0.48515625 0.021875 0.0296875
0 0.4625 0.46953125 0.0125 0.0203125
0 0.478125 0.459375 0.009375 0.0140625
0 0.48515625 0.45546875 0.0078125 0.0125
0 0.49140625 0.45234375 0.00625 0.0109375
0 0.5015625 0.45 0.0046875 0.0078125
0 0.5046875 0.44921875 0.0046875 0.0078125
0 0.5140625 0.44921875 0.0046875 0.0078125
0 0.91171875 0.53984375 0.00625 0.009375
0 0.859375 0.5265625 0.0046875 0.00625
0 0.7734375 0.50625 0.0046875 0.00625
0 0.81796875 0.51640625 0.00625 0.0078125
0 0.73828125 0.496875 0.0046875 0.00625
0 0.6984375 0.4875 0.003125 0.00625
1 0.65859375 0.5671875 0.03125 0.0453125
1 0.6046875 0.515625 0.0171875 0.0265625
1 0.58671875 0.49765625 0.0140625 0.021875
1 0.56328125 0.475 0.009375 0.0140625
1 0.5578125 0.4703125 0.00625 0.0109375
1 0.5546875 0.46640625 0.00625 0.0078125
1 0.55625 0.46015625 0.0046875 0.0078125
1 0.56796875 0.46015625 0.003125 0.00625
1 0.57890625 0.4625 0.003125 0.00625
1 0.92421875 0.546875 0.0078125 0.009375
1 0.86953125 0.53125 0.00625 0.0078125
1 0.8328125 0.521875 0.00625 0.0078125
1 0.790625 0.5109375 0.0046875 0.0078125
1 0.74765625 0.5 0.0046875 0.0078125
1 0.71953125 0.49375 0.0046875 0.00625
1 0.69140625 0.4875 0.003125 0.00625
1 0.66171875 0.48046875 0.0046875 0.00625
1 0.634375 0.4734375 0.0046875 0.0078125
1 0.60078125 0.465625 0.0046875 0.0078125
0 0.5296875 0.45078125 0.003125 0.00625
0 0.54609375 0.45390625 0.003125 0.00625
1 0.559375 0.459375 0.0046875 0.0078125