1 0.65078125 0.59609375 0.059375 0.0859375
1 0.45078125 0.5234375 0.021875 0.034375
1 0.396875 0.5046875 0.0125 0.0234375
1 0.38984375 0.4921875 0.009375 0.0171875
1 0.4 0.4828125 0.009375 0.0140625
1 0.4265625 0.47109375 0.00625 0.0125
1 0.453125 0.46328125 0.0078125 0.0109375
1 0.49375 0.4546875 0.00625 0.009375
0 0.134375 0.61796875 0.0390625 0.0515625
0 0.21953125 0.5515625 0.0203125 0.0296875
0 0.2484375 0.53046875 0.0140625 0.0203125
0 0.28359375 0.51015625 0.009375 0.0171875
0 0.3203125 0.49609375 0.0078125 0.0125
0 0.3484375 0.4875 0.00625 0.0109375
0 0.38515625 0.4765625 0.00625 0.009375
0 0.415625 0.46875 0.00625 0.009375
0 0.46171875 0.45859375 0.0046875 0.0078125
0 0.515625 0.446875 0.0046875 0.0078125
0 0.5515625 0.440625 0.0046875 0.0078125
0 0.5875 0.43515625 0.0046875 0.009375
1 0.546875 0.44375 0.00625 0.0109375
1 0.59921875 0.4359375 0.00625 0.009375
1 0.63671875 0.43125 0.0078125 0.0125
0 0.63125 0.42890625 0.00625 0.009375
0 0.68828125 0.4203125 0.00625 0.009375
1 0.7421875 0.4171875 0.0078125 0.0125
0 0.79375 0.40546875 0.0078125 0.0125
1 0.90859375 0.39609375 0.0140625 0.0171875