0 0.4 0.54375 0.028125 0.040625
0 0.45546875 0.490625 0.0140625 0.0234375
0 0.4703125 0.47109375 0.0109375 0.0171875
0 0.48359375 0.4609375 0.0078125 0.0140625
0 0.49375 0.4546875 0.0078125 0.0109375
0 0.51640625 0.446875 0.00625 0.009375
0 0.55546875 0.4375 0.00625 0.009375
0 0.6 0.42890625 0.0046875 0.009375
0 0.63984375 0.42109375 0.00625 0.009375
0 0.69453125 0.4125 0.00625 0.0078125
0 0.765625 0.4 0.00625 0.009375
0 0.83359375 0.38984375 0.0078125 0.0125
0 0.90390625 0.378125 0.009375 0.0140625
1 0.6859375 0.4953125 0.0296875 0.0453125
1 0.60625 0.4625 0.015625 0.025
1 0.5765625 0.45 0.009375 0.015625
1 0.5921875 0.4328125 0.00625 0.0109375
1 0.56640625 0.440625 0.00625 0.0109375
1 0.57109375 0.44375 0.0078125 0.0125
1 0.86171875 0.38828125 0.009375 0.015625
1 0.78203125 0.40078125 0.009375 0.0125
1 0.7 0.4140625 0.0078125 0.0109375
1 0.6359375 0.42421875 0.00625 0.0109375