1 0.49921875 0.76796875 0.1484375 0.2734375
1 0.240625 0.41015625 0.071875 0.1125
1 0.1296875 0.309375 0.0453125 0.06875
1 0.1609375 0.20859375 0.0140625 0.0234375
1 0.27734375 0.20625 0.0125 0.0203125
1 0.42734375 0.2 0.0109375 0.0171875
0 0.42421875 0.1953125 0.00625 0.0125
1 0.521875 0.1984375 0.0078125 0.0140625
1 0.5765625 0.1984375 0.0078125 0.0125
1 0.61015625 0.19765625 0.0078125 0.0125
1 0.67109375 0.19609375 0.00625 0.0125
1 0.696875 0.1953125 0.00625 0.0109375
1 0.7203125 0.1953125 0.00625 0.0109375
0 0.18515625 0.19765625 0.0109375 0.01875
0 0.32109375 0.19765625 0.009375 0.015625
0 0.49921875 0.19375 0.0078125 0.0125
0 0.54921875 0.19375 0.00625 0.009375
0 0.59765625 0.19296875 0.00625 0.009375
0 0.62734375 0.19296875 0.0046875 0.0078125
0 0.6578125 0.1921875 0.0046875 0.009375
0 0.7015625 0.1921875 0.0046875 0.0078125
0 0.72421875 0.1921875 0.0046875 0.009375
1 0.7515625 0.1953125 0.00625 0.009375
0 0.75390625 0.1921875 0.003125 0.009375
1 0.77421875 0.19375 0.00625 0.0109375
0 0.78828125 0.19375 0.0046875 0.0078125
1 0.79765625 0.1953125 0.00625 0.0109375
1 0.85703125 0.19453125 0.0078125 0.009375
0 0.86640625 0.19375 0.00625 0.0078125
1 0.896875 0.19609375 0.009375 0.0109375
1 0.95 0.19609375 0.009375 0.0109375