1 0.0921875 0.428125 0.0578125 0.1234375
1 0.20703125 0.2234375 0.0234375 0.0390625
1 0.3171875 0.21484375 0.0171875 0.03125
1 0.4328125 0.2109375 0.0171875 0.0265625
0 0.17734375 0.1984375 0.0171875 0.025
0 0.328125 0.19609375 0.0109375 0.021875
0 0.48515625 0.1984375 0.0109375 0.01875
0 0.59921875 0.2 0.009375 0.01875
0 0.72578125 0.2046875 0.009375 0.0171875
0 0.82734375 0.21015625 0.0109375 0.01875
1 0.79921875 0.2171875 0.0140625 0.0234375
1 0.55 0.2125 0.0125 0.0234375
1 0.65078125 0.21328125 0.0125 0.0234375
1 0.92265625 0.22265625 0.0140625 0.021875
0 0.684375 0.19140625 0.00625 0.009375
0 0.7 0.1921875 0.0046875 0.0078125
0 0.703125 0.1921875 0.0046875 0.0078125
0 0.7203125 0.19296875 0.0046875 0.0078125
0 0.7390625 0.1953125 0.00625 0.0078125
0 0.7875 0.19765625 0.0046875 0.0078125
0 0.79453125 0.19921875 0.00625 0.0109375
1 0.76171875 0.19609375 0.00625 0.009375
1 0.76875 0.19609375 0.00625 0.009375
1 0.8109375 0.2 0.0078125 0.0109375
0 0.8546875 0.20234375 0.00625 0.0109375
1 0.90703125 0.20390625 0.00625 0.0109375
0 0.94296875 0.20625 0.0046875 0.0109375
0 0.746875 0.19453125 0.0046875 0.0078125