0 0.278125 0.58046875 0.0453125 0.0765625
0 0.46171875 0.51015625 0.0234375 0.034375
0 0.5265625 0.49140625 0.0140625 0.025
0 0.553125 0.48046875 0.009375 0.0171875
0 0.60546875 0.478125 0.009375 0.015625
0 0.62421875 0.47578125 0.0078125 0.0125
0 0.63984375 0.471875 0.00625 0.0125
0 0.6484375 0.4703125 0.00625 0.0109375
0 0.6640625 0.46796875 0.00625 0.009375
0 0.67890625 0.4640625 0.003125 0.0078125
0 0.684375 0.4671875 0.0046875 0.009375
0 0.70234375 0.46796875 0.0046875 0.0078125
0 0.7125 0.46796875 0.003125 0.0078125
1 0.87109375 0.69453125 0.0859375 0.109375
1 0.7109375 0.5 0.0140625 0.021875
1 0.71953125 0.5125 0.0171875 0.0265625
1 0.75859375 0.49375 0.0109375 0.0171875
1 0.734375 0.47890625 0.0078125 0.0125
1 0.74296875 0.48515625 0.0078125 0.0140625
1 0.7484375 0.4765625 0.00625 0.0109375
1 0.76484375 0.47578125 0.00625 0.0109375
1 0.77421875 0.47109375 0.0046875 0.0078125
1 0.73515625 0.54296875 0.0296875 0.040625
1 0.83515625 0.47265625 0.0046875 0.0078125
1 0.9296875 0.478125 0.0046875 0.0078125
1 0.9234375 0.47890625 0.003125 0.0078125
1 0.9171875 0.47890625 0.0046875 0.0078125
1 0.88359375 0.47734375 0.003125 0.0078125
0 0.91171875 0.47578125 0.003125 0.0046875
0 0.8875 0.47421875 0.003125 0.00625
0 0.85546875 0.4734375 0.003125 0.00625
0 0.86328125 0.4734375 0.003125 0.00625
0 0.86875 0.47421875 0.003125 0.00625
0 0.825 0.4703125 0.003125 0.00625
1 0.78359375 0.4734375 0.0015625 0.0078125
1 0.78046875 0.475 0.0046875 0.009375
1 0.78125 0.46796875 0.003125 0.0078125
0 0.7875 0.46796875 0.003125 0.00625
0 0.75546875 0.46484375 0.003125 0.00625
1 0.73828125 0.46484375 0.003125 0.00625
1 0.73515625 0.46640625 0.003125 0.0078125
0 0.06875 0.4375 0.003125 0.009375
0 0.08125 0.434375 0.0046875 0.009375
0 0.1078125 0.43515625 0.00625 0.009375
0 0.11328125 0.440625 0.00625 0.0109375
0 0.1390625 0.43515625 0.0046875 0.0078125
0 0.18125 0.44453125 0.00625 0.0109375
1 0.16171875 0.43984375 0.00625 0.009375
1 0.17734375 0.4390625 0.003125 0.009375
1 0.19140625 0.4421875 0.0078125 0.009375
0 0.1859375 0.43828125 0.0046875 0.0078125
1 0.22265625 0.440625 0.0046875 0.0078125
0 0.24609375 0.43984375 0.003125 0.0078125
0 0.26328125 0.44921875 0.00625 0.0109375
1 0.259375 0.44609375 0.0046875 0.0109375
0 0.31875 0.4421875 0.003125 0.00625
0 0.3328125 0.4515625 0.00625 0.0109375
0 0.37578125 0.44453125 0.003125 0.00625
0 0.4109375 0.4546875 0.0046875 0.009375
0 0.4171875 0.4453125 0.003125 0.00625
1 0.33515625 0.44375 0.003125 0.0078125
1 0.35859375 0.45078125 0.00625 0.0109375
1 0.3953125 0.44609375 0.003125 0.00625
1 0.415625 0.453125 0.00625 0.009375
1 0.4375 0.44765625 0.003125 0.0078125
1 0.4796875 0.45546875 0.0046875 0.009375
0 0.4890625 0.45703125 0.0046875 0.009375
0 0.53046875 0.45859375 0.0046875 0.0078125
0 0.5796875 0.46015625 0.003125 0.0078125
0 0.62109375 0.4609375 0.003125 0.0078125
1 0.47890625 0.44921875 0.0015625 0.0046875
1 0.50390625 0.45 0.003125 0.00625
1 0.534375 0.4515625 0.003125 0.00625
0 0.54375 0.4515625 0.003125 0.0046875
1 0.57578125 0.45703125 0.003125 0.0078125
1 0.6046875 0.45859375 0.003125 0.0078125
0 0.646875 0.46171875 0.003125 0.00625
1 0.65 0.4609375 0.003125 0.0078125
1 0.56328125 0.453125 0.003125 0.0046875
1 0.58984375 0.4546875 0.003125 0.0046875
0 0.515625 0.45 0.003125 0.0046875
0 0.56640625 0.45234375 0.0015625 0.003125
0 0.58671875 0.453125 0.0015625 0.0046875
1 0.60859375 0.4546875 0.0015625 0.0046875
1 0.66171875 0.45703125 0.0015625 0.0046875
1 0.6765625 0.459375 0.003125 0.0046875
1 0.696875 0.4640625 0.003125 0.00625
1 0.68515625 0.46015625 0.003125 0.0046875
0 0.70703125 0.46640625 0.003125 0.0078125
0 0.73125 0.4640625 0.003125 0.0046875
1 0.62421875 0.45625 0.003125 0.0046875
1 0.6421875 0.45703125 0.0015625 0.0046875
0 0.62109375 0.45546875 0.003125 0.0046875
0 0.66484375 0.45703125 0.003125 0.0046875
0 0.68046875 0.45859375 0.003125 0.0046875
1 0.6890625 0.46015625 0.003125 0.00625
0 0.72265625 0.46328125 0.003125 0.0046875
0 0.71328125 0.4625 0.003125 0.0046875
1 0.70546875 0.4625 0.003125 0.00625
0 0.64375 0.45625 0.0015625 0.0046875