0 0.7078125 0.48671875 0.0078125 0.0109375
1 0.68671875 0.48828125 0.009375 0.0140625
1 0.58828125 0.47109375 0.0078125 0.0125
0 0.4515625 0.44609375 0.0046875 0.0078125
0 0.40234375 0.43828125 0.0046875 0.0078125
0 0.359375 0.4328125 0.0046875 0.0078125
0 0.32421875 0.42890625 0.0046875 0.0078125
0 0.28359375 0.4234375 0.0046875 0.0078125
0 0.21796875 0.4171875 0.00625 0.0078125
0 0.1546875 0.41171875 0.00625 0.009375
0 0.11171875 0.40859375 0.0078125 0.0109375
1 0.48984375 0.45546875 0.00625 0.0109375
1 0.40625 0.44140625 0.00625 0.0109375
1 0.37265625 0.43671875 0.0046875 0.009375
1 0.31875 0.4296875 0.00625 0.0109375
1 0.2578125 0.4234375 0.00625 0.009375
1 0.209375 0.41875 0.00625 0.0109375
1 0.17578125 0.41875 0.0078125 0.0125
1 0.14765625 0.421875 0.0078125 0.015625
1 0.1375 0.428125 0.0109375 0.01875
1 0.1625 0.44296875 0.015625 0.025
1 0.24375 0.4671875 0.0203125 0.0296875
1 0.38046875 0.51953125 0.03125 0.0453125
1 0.58203125 0.60625 0.05 0.075
0 0.52734375 0.4578125 0.0046875 0.009375
0 0.61640625 0.471875 0.00625 0.009375
1 0.8375 0.51328125 0.0140625 0.01875
0 0.8359375 0.50703125 0.0078125 0.0140625