1 0.128125 0.5265625 0.0875 0.1421875
1 0.10859375 0.3234375 0.0375 0.053125
1 0.16640625 0.2859375 0.0234375 0.0390625
1 0.24921875 0.25 0.0171875 0.0296875
1 0.3015625 0.23125 0.0140625 0.025
1 0.33046875 0.221875 0.0125 0.021875
1 0.41328125 0.20390625 0.0109375 0.0203125
0 0.12578125 0.25234375 0.0140625 0.0234375
0 0.1796875 0.2375 0.0125 0.0203125
0 0.25234375 0.22265625 0.009375 0.0171875
0 0.290625 0.2140625 0.0078125 0.015625
0 0.32109375 0.2078125 0.0078125 0.0140625
0 0.34375 0.20234375 0.0078125 0.0140625
0 0.37734375 0.19296875 0.0078125 0.0125
0 0.41015625 0.18828125 0.00625 0.0109375
0 0.4546875 0.178125 0.00625 0.0125
1 0.43671875 0.1921875 0.00625 0.0125
1 0.8796875 0.725 0.1640625 0.28125
1 0.42421875 0.196875 0.0078125 0.015625
1 0.46953125 0.184375 0.0046875 0.009375
1 0.4984375 0.178125 0.0046875 0.009375
1 0.52578125 0.17421875 0.0046875 0.0078125
1 0.53984375 0.1703125 0.003125 0.0078125
0 0.20703125 0.21953125 0.00625 0.0109375
0 0.28125 0.20703125 0.0046875 0.0109375
1 0.25 0.2046875 0.003125 0.0078125
0 0.30546875 0.196875 0.003125 0.0046875
0 0.26796875 0.20390625 0.003125 0.00625
0 0.42421875 0.18203125 0.0046875 0.0125
0 0.43671875 0.18359375 0.0046875 0.0109375
0 0.3828125 0.18828125 0.003125 0.0109375
0 0.65625 0.1484375 0.003125 0.0078125
0 0.66875 0.14765625 0.003125 0.0078125
0 0.68046875 0.14609375 0.003125 0.0078125
1 0.6765625 0.1484375 0.003125 0.0109375
1 0.4640625 0.1734375 0.003125 0.0078125
1 0.4671875 0.1734375 0.0015625 0.0078125
1 0.39609375 0.18671875 0.003125 0.009375
1 0.28671875 0.203125 0.003125 0.009375
1 0.29609375 0.1984375 0.003125 0.00625
1 0.33046875 0.1953125 0.003125 0.0078125
1 0.50078125 0.16953125 0.003125 0.00625
1 0.48515625 0.17109375 0.003125 0.0078125
1 0.5375 0.1671875 0.003125 0.009375
0 0.584375 0.15703125 0.003125 0.00625
0 0.5140625 0.16640625 0.003125 0.00625
0 0.515625 0.16640625 0.0015625 0.00625
0 0.5171875 0.165625 0.0015625 0.00625
0 0.51953125 0.16484375 0.0015625 0.00625
0 0.5484375 0.16328125 0.0015625 0.00625
0 0.6875 0.14453125 0.003125 0.00625
1 0.44765625 0.175 0.0015625 0.00625
1 0.36953125 0.1859375 0.0015625 0.00625
1 0.521875 0.16484375 0.0015625 0.0046875
1 0.56875 0.159375 0.0015625 0.009375