0 0.27109375 0.5484375 0.025 0.0390625
0 0.2265625 0.52421875 0.015625 0.025
0 0.24921875 0.50625 0.0109375 0.0171875
0 0.29921875 0.48984375 0.00625 0.0140625
0 0.8515625 0.44296875 0.0078125 0.0125
0 0.76875 0.44609375 0.00625 0.0125
0 0.69765625 0.44921875 0.00625 0.0109375
0 0.6140625 0.45390625 0.0046875 0.009375
1 0.8625 0.53984375 0.04375 0.053125
1 0.81015625 0.45390625 0.0109375 0.0171875
1 0.72578125 0.45546875 0.0078125 0.0140625
1 0.61015625 0.515625 0.021875 0.034375
1 0.62734375 0.4578125 0.0078125 0.0125
1 0.46796875 0.5015625 0.0109375 0.0234375
1 0.54609375 0.465625 0.0078125 0.0140625
1 0.47578125 0.4734375 0.0046875 0.0140625
0 0.38125 0.478125 0.0078125 0.0125
0 0.45859375 0.46796875 0.0046875 0.0109375
0 0.53046875 0.4609375 0.0046875 0.0109375