1 0.21796875 0.40546875 0.0546875 0.1015625
1 0.19609375 0.31953125 0.040625 0.0640625
1 0.0890625 0.27421875 0.0296875 0.046875
1 0.81875 0.1828125 0.009375 0.0171875
1 0.8046875 0.20234375 0.0140625 0.025
1 0.84296875 0.2140625 0.015625 0.0296875
1 0.73671875 0.18203125 0.0078125 0.0171875
0 0.76015625 0.178125 0.0078125 0.0140625
0 0.6828125 0.17890625 0.00625 0.0125
0 0.61015625 0.17890625 0.00625 0.0125
0 0.5984375 0.17421875 0.0046875 0.0109375
0 0.57578125 0.175 0.00625 0.0109375
0 0.67265625 0.1734375 0.0046875 0.009375
1 0.64765625 0.18203125 0.009375 0.015625
1 0.50234375 0.184375 0.0078125 0.0140625
0 0.10546875 0.178125 0.0078125 0.009375
1 0.1265625 0.1828125 0.0078125 0.0109375
1 0.16484375 0.18125 0.0125 0.0140625
0 0.1671875 0.1796875 0.0078125 0.0125
1 0.1796875 0.178125 0.00625 0.0109375
0 0.17578125 0.178125 0.00625 0.009375
1 0.19765625 0.17890625 0.0046875 0.0109375
1 0.2046875 0.18203125 0.00625 0.0125
0 0.2015625 0.178125 0.0046875 0.009375
0 0.20703125 0.17890625 0.0046875 0.0109375
0 0.22890625 0.1796875 0.00625 0.0125
1 0.23359375 0.17890625 0.00625 0.0109375
0 0.2359375 0.17890625 0.0046875 0.0078125
0 0.246875 0.178125 0.0046875 0.009375
1 0.253125 0.17890625 0.0046875 0.009375
1 0.26015625 0.18125 0.0078125 0.0125
0 0.2640625 0.17890625 0.0046875 0.0109375
1 0.27890625 0.178125 0.00625 0.0109375
0 0.29375 0.178125 0.0046875 0.009375
0 0.3015625 0.178125 0.0046875 0.009375
0 0.30546875 0.17734375 0.003125 0.0078125
1 0.315625 0.18046875 0.00625 0.0125
0 0.32421875 0.178125 0.0046875 0.009375
0 0.3296875 0.17734375 0.0046875 0.0109375
1 0.3265625 0.17890625 0.003125 0.0125
1 0.334375 0.17734375 0.0046875 0.009375
0 0.35625 0.17734375 0.003125 0.0078125
1 0.36015625 0.17734375 0.0046875 0.009375
1 0.37578125 0.1765625 0.00625 0.0125
1 0.39453125 0.17578125 0.0046875 0.009375
1 0.39921875 0.17578125 0.0046875 0.009375
0 0.40859375 0.1765625 0.0046875 0.0078125
1 0.434375 0.1765625 0.0046875 0.0078125
0 0.4546875 0.17578125 0.003125 0.0078125
1 0.46640625 0.18203125 0.0078125 0.0140625
1 0.46171875 0.178125 0.0046875 0.0125
1 0.4890625 0.17578125 0.0046875 0.0078125
1 0.49375 0.175 0.0046875 0.0109375
0 0.50703125 0.175 0.003125 0.0078125
1 0.5296875 0.17421875 0.00625 0.0109375
0 0.553125 0.175 0.003125 0.0078125
0 0.55859375 0.1765625 0.0046875 0.0125
0 0.56015625 0.17890625 0.0046875 0.0140625
1 0.5625 0.18359375 0.0078125 0.015625
1 0.56796875 0.175 0.00625 0.0109375
1 0.584375 0.175 0.0046875 0.009375
0 0.6015625 0.17421875 0.003125 0.0078125
0 0.634375 0.17421875 0.0046875 0.0109375
1 0.63125 0.175 0.0046875 0.0125
1 0.64609375 0.1734375 0.0046875 0.0078125
0 0.65859375 0.175 0.0046875 0.00625
1 0.67734375 0.17421875 0.0046875 0.0109375
0 0.71953125 0.17421875 0.0046875 0.0109375
1 0.71484375 0.17421875 0.0046875 0.0109375
1 0.74296875 0.1734375 0.0046875 0.0109375
0 0.7671875 0.1734375 0.0046875 0.0125
0 0.77265625 0.17421875 0.0046875 0.0078125
1 0.76953125 0.17421875 0.0046875 0.0125
1 0.8015625 0.1734375 0.00625 0.0125
0 0.81953125 0.17265625 0.0078125 0.0125
0 0.8296875 0.17109375 0.00625 0.0109375
1 0.85390625 0.19375 0.0125 0.0234375
1 0.84375 0.17109375 0.0078125 0.0125
1 0.85234375 0.17109375 0.00625 0.0125
0 0.86015625 0.178125 0.0078125 0.015625
0 0.8671875 0.17109375 0.0046875 0.009375
0 0.875 0.17109375 0.0078125 0.0125
1 0.8703125 0.1703125 0.00625 0.0125
1 0.87734375 0.18359375 0.0109375 0.0203125
1 0.89453125 0.18671875 0.0140625 0.0234375
0 0.90625 0.16953125 0.0078125 0.009375
0 0.9140625 0.16875 0.009375 0.0125
0 0.93203125 0.1671875 0.0125 0.0125
0 0.93203125 0.178125 0.0125 0.01875