1 0.0921875 0.4671875 0.0734375 0.1453125
1 0.1140625 0.1453125 0.0078125 0.0125
1 0.17265625 0.15078125 0.00625 0.009375
1 0.19609375 0.15078125 0.00625 0.0109375
1 0.21796875 0.15078125 0.00625 0.0109375
1 0.234375 0.15 0.00625 0.009375
1 0.27578125 0.153125 0.00625 0.0109375
1 0.32109375 0.15625 0.0046875 0.009375
1 0.36328125 0.15859375 0.0046875 0.009375
1 0.40625 0.16796875 0.0046875 0.0109375
1 0.4015625 0.16484375 0.003125 0.0109375
1 0.3953125 0.165625 0.0046875 0.0109375
1 0.39765625 0.16171875 0.003125 0.009375
0 0.40078125 0.16015625 0.003125 0.0078125
1 0.44609375 0.171875 0.0078125 0.0125
1 0.534375 0.17890625 0.0078125 0.0125
1 0.63125 0.1890625 0.0078125 0.0140625
1 0.71640625 0.2 0.009375 0.0171875
1 0.790625 0.2078125 0.009375 0.0171875
0 0.8375 0.2078125 0.0078125 0.0140625
0 0.971875 0.21796875 0.0078125 0.015625
0 0.74140625 0.1984375 0.0078125 0.0125
0 0.64609375 0.18828125 0.00625 0.0125
0 0.56015625 0.17890625 0.00625 0.0109375
0 0.49453125 0.17265625 0.00625 0.0109375
0 0.47265625 0.17109375 0.0046875 0.009375
0 0.46875 0.16875 0.0046875 0.009375
0 0.46171875 0.1671875 0.0046875 0.009375
0 0.44375 0.16484375 0.0046875 0.0078125
0 0.35546875 0.15703125 0.003125 0.0078125
0 0.3046875 0.153125 0.0046875 0.0078125
0 0.25078125 0.15 0.0046875 0.0078125
0 0.20390625 0.146875 0.00625 0.0078125
0 0.1671875 0.14453125 0.0078125 0.0078125
0 0.14296875 0.1453125 0.00625 0.0078125
0 0.11953125 0.14375 0.0078125 0.0109375