1 0.1984375 0.67734375 0.15 0.2
0 0.0484375 0.3109375 0.009375 0.015625
0 0.17109375 0.271875 0.0109375 0.015625
1 0.06875 0.3109375 0.0109375 0.01875
1 0.16328125 0.28046875 0.0109375 0.01875
1 0.2453125 0.253125 0.0109375 0.01875
0 0.26328125 0.24296875 0.009375 0.0140625
0 0.684375 0.115625 0.009375 0.0140625
0 0.75859375 0.09375 0.009375 0.015625
1 0.76953125 0.09921875 0.0125 0.0171875
1 0.66953125 0.1296875 0.0125 0.01875
0 0.61171875 0.1390625 0.0078125 0.0125
0 0.45234375 0.18515625 0.0078125 0.0125
1 0.4640625 0.1875 0.009375 0.0140625
1 0.540625 0.16328125 0.0109375 0.0171875
0 0.5171875 0.1578125 0.00625 0.0078125
0 0.5359375 0.1515625 0.00625 0.0078125
0 0.5421875 0.14921875 0.0046875 0.0078125
0 0.56796875 0.14375 0.00625 0.009375
1 0.571875 0.1421875 0.00625 0.0109375