1 0.8359375 0.59921875 0.0359375 0.05625
1 0.8828125 0.5671875 0.0265625 0.0390625
0 0.88046875 0.525 0.0125 0.0203125
0 0.78046875 0.5171875 0.0125 0.021875
0 0.64140625 0.51015625 0.0140625 0.025
0 0.51484375 0.51953125 0.01875 0.034375
0 0.375 0.5546875 0.0328125 0.05625
0 0.75078125 0.48515625 0.0046875 0.0078125
0 0.75390625 0.484375 0.0046875 0.0078125
0 0.765625 0.4859375 0.0046875 0.0078125
0 0.77578125 0.48828125 0.0046875 0.0078125
0 0.78359375 0.48828125 0.0046875 0.0078125
0 0.8171875 0.49375 0.0046875 0.009375
0 0.81328125 0.4921875 0.003125 0.0078125
0 0.86328125 0.49921875 0.003125 0.00625
0 0.87890625 0.503125 0.0046875 0.009375
1 0.8015625 0.4921875 0.0046875 0.0078125
1 0.81015625 0.4921875 0.0046875 0.0078125
1 0.82265625 0.49453125 0.00625 0.009375
1 0.84375 0.496875 0.0046875 0.0078125
1 0.875 0.5015625 0.0046875 0.009375