1 0.65703125 0.5125 0.09375 0.165625
1 0.8453125 0.1921875 0.0328125 0.0484375
1 0.6046875 0.2125 0.021875 0.0359375
0 0.83828125 0.15625 0.015625 0.0328125
0 0.77109375 0.16171875 0.015625 0.0265625
0 0.7578125 0.153125 0.0140625 0.0234375
0 0.73515625 0.14140625 0.0109375 0.0171875
0 0.7109375 0.14140625 0.009375 0.0171875
0 0.696875 0.140625 0.0078125 0.015625
0 0.6828125 0.14140625 0.0078125 0.0140625
0 0.6609375 0.14140625 0.00625 0.0109375
1 0.59609375 0.16328125 0.00625 0.0125
0 0.64140625 0.14140625 0.00625 0.0125
1 0.57734375 0.1640625 0.00625 0.0125
1 0.59765625 0.178125 0.0125 0.0234375
1 0.6171875 0.16953125 0.009375 0.01875
1 0.6203125 0.1625 0.00625 0.015625
1 0.565625 0.20390625 0.01875 0.0296875
1 0.57109375 0.18984375 0.009375 0.0234375