1 0.10625 0.54140625 0.09375 0.1421875
1 0.1875 0.31953125 0.034375 0.0484375
1 0.27109375 0.28046875 0.025 0.0359375
1 0.375 0.246875 0.0203125 0.03125
1 0.48515625 0.21953125 0.0171875 0.0265625
0 0.05625 0.30625 0.021875 0.0296875
0 0.22109375 0.2640625 0.015625 0.025
0 0.384375 0.2265625 0.0125 0.021875
0 0.49375 0.20234375 0.0109375 0.0203125
0 0.61171875 0.1796875 0.009375 0.0171875
0 0.7015625 0.1625 0.009375 0.0171875
1 0.809375 0.15 0.0140625 0.021875
0 0.778125 0.146875 0.009375 0.0140625
1 0.734375 0.1453125 0.0046875 0.009375
1 0.70859375 0.17109375 0.0125 0.0234375
1 0.715625 0.15078125 0.0078125 0.0125
0 0.67421875 0.15703125 0.0078125 0.0109375
0 0.61640625 0.16640625 0.0046875 0.009375
0 0.6421875 0.1609375 0.0046875 0.0078125
1 0.65078125 0.159375 0.0046875 0.009375
0 0.5203125 0.18125 0.003125 0.0078125
0 0.50859375 0.1828125 0.0046875 0.0078125
0 0.5265625 0.1796875 0.003125 0.0078125
0 0.4984375 0.18515625 0.003125 0.0078125
0 0.55 0.17578125 0.003125 0.0078125
1 0.57734375 0.19921875 0.0125 0.0234375
1 0.575 0.1734375 0.0046875 0.009375
1 0.55859375 0.1734375 0.003125 0.0078125
0 0.5609375 0.175 0.0046875 0.009375
0 0.58671875 0.16953125 0.003125 0.00625
1 0.625 0.1625 0.003125 0.0078125
1 0.61328125 0.165625 0.003125 0.0078125
0 0.753125 0.14453125 0.0046875 0.0078125
1 0.065625 0.42109375 0.028125 0.0453125
0 0.72109375 0.14765625 0.003125 0.0078125
1 0.88203125 0.13515625 0.0140625 0.01875
0 0.79921875 0.13359375 0.003125 0.00625
1 0.81953125 0.13046875 0.0046875 0.0078125
1 0.78125 0.13984375 0.0046875 0.0125