1 0.684375 0.48515625 0.009375 0.025
1 0.69375 0.50859375 0.0171875 0.0328125
1 0.72734375 0.559375 0.03125 0.05625
1 0.6453125 0.47265625 0.009375 0.01875
1 0.60546875 0.465625 0.0078125 0.015625
1 0.52109375 0.46484375 0.009375 0.015625
1 0.44609375 0.4703125 0.009375 0.015625
0 0.47109375 0.48046875 0.0109375 0.01875
0 0.490625 0.4875 0.0125 0.021875
0 0.4671875 0.50390625 0.0125 0.0234375
0 0.4046875 0.4828125 0.009375 0.0171875
0 0.4078125 0.525 0.0171875 0.034375
0 0.32265625 0.4921875 0.009375 0.01875
0 0.28515625 0.5828125 0.0328125 0.05625
0 0.225 0.51015625 0.015625 0.021875
1 0.3484375 0.4796875 0.009375 0.0140625
1 0.0859375 0.515625 0.0125 0.021875
0 0.10234375 0.4875 0.0046875 0.0078125
0 0.18046875 0.47890625 0.0046875 0.0078125
0 0.2359375 0.47265625 0.003125 0.00625
0 0.33671875 0.46171875 0.003125 0.0046875
0 0.31015625 0.46484375 0.003125 0.00625
0 0.3703125 0.45859375 0.003125 0.00625
0 0.4 0.45546875 0.003125 0.00625
0 0.421875 0.4546875 0.003125 0.00625
0 0.44375 0.453125 0.003125 0.0046875
0 0.46484375 0.4515625 0.003125 0.00625
0 0.47265625 0.45234375 0.003125 0.00625
0 0.475 0.453125 0.003125 0.00625
0 0.47734375 0.453125 0.003125 0.00625
0 0.48125 0.4546875 0.003125 0.0078125
0 0.4953125 0.45390625 0.003125 0.0078125
0 0.53046875 0.45234375 0.003125 0.0078125
0 0.57578125 0.44921875 0.003125 0.0078125
0 0.625 0.44765625 0.003125 0.0078125
0 0.65703125 0.4421875 0.003125 0.00625
0 0.665625 0.43984375 0.003125 0.00625
0 0.66171875 0.44296875 0.003125 0.0078125
0 0.66484375 0.44453125 0.003125 0.0078125
0 0.66171875 0.44609375 0.003125 0.0078125
0 0.68671875 0.4390625 0.003125 0.00625
0 0.71328125 0.4375 0.003125 0.00625
0 0.74765625 0.4359375 0.003125 0.00625
0 0.79765625 0.43359375 0.003125 0.00625
0 0.878125 0.42890625 0.003125 0.00625
0 0.896875 0.42734375 0.003125 0.00625
0 0.92734375 0.425 0.003125 0.00625
1 0.92421875 0.42890625 0.003125 0.0078125
1 0.9046875 0.43046875 0.003125 0.0078125
1 0.86015625 0.4328125 0.0046875 0.0078125
1 0.740625 0.44375 0.0046875 0.009375
1 0.73515625 0.44140625 0.003125 0.009375
1 0.721875 0.440625 0.003125 0.0078125
1 0.71015625 0.43984375 0.003125 0.0078125
1 0.71171875 0.44765625 0.0046875 0.0109375
1 0.65546875 0.45 0.003125 0.009375
1 0.51171875 0.45625 0.003125 0.009375
1 0.45859375 0.459375 0.003125 0.009375
1 0.434375 0.45546875 0.003125 0.00625
1 0.43203125 0.45703125 0.003125 0.00625
1 0.4265625 0.459375 0.003125 0.0078125
1 0.41640625 0.45625 0.003125 0.00625
1 0.3953125 0.45625 0.003125 0.00625
1 0.36640625 0.459375 0.003125 0.00625
1 0.27578125 0.46875 0.003125 0.00625
1 0.21640625 0.496875 0.00625 0.0171875
1 0.2171875 0.4765625 0.0046875 0.0078125
1 0.140625 0.484375 0.00625 0.009375
1 0.33984375 0.4625 0.003125 0.00625
1 0.31171875 0.465625 0.003125 0.00625
1 0.57734375 0.45234375 0.0046875 0.009375