0 0.65 0.4875 0.0734375 0.1359375
0 0.10703125 0.20546875 0.0125 0.021875
1 0.1390625 0.1953125 0.009375 0.0203125
1 0.2546875 0.19453125 0.00625 0.0171875
1 0.36171875 0.19375 0.0046875 0.015625
0 0.33515625 0.20234375 0.0078125 0.0171875
0 0.22578125 0.203125 0.009375 0.0203125
0 0.49140625 0.21484375 0.0125 0.0234375
0 0.42734375 0.20859375 0.0078125 0.021875
1 0.44765625 0.19609375 0.00625 0.0171875
1 0.51484375 0.19921875 0.0078125 0.015625
1 0.5890625 0.20390625 0.0078125 0.01875
0 0.6328125 0.22265625 0.0140625 0.0265625
1 0.69609375 0.20625 0.009375 0.01875
0 0.78203125 0.21953125 0.015625 0.0265625
0 0.88515625 0.340625 0.0484375 0.078125
1 0.87109375 0.2015625 0.015625 0.021875
0 0.91953125 0.2796875 0.01875 0.03125