0 0.1203125 0.171875 0.0109375 0.01875
0 0.2484375 0.1796875 0.0125 0.01875
0 0.35078125 0.18671875 0.009375 0.01875
0 0.446875 0.19296875 0.0109375 0.01875
0 0.5390625 0.1984375 0.009375 0.01875
0 0.621875 0.203125 0.009375 0.01875
0 0.68984375 0.2046875 0.009375 0.0171875
0 0.72109375 0.20390625 0.009375 0.015625
0 0.734375 0.20390625 0.0078125 0.0140625
0 0.72734375 0.2015625 0.009375 0.0140625
0 0.67578125 0.19765625 0.00625 0.0125
0 0.60859375 0.1921875 0.00625 0.0109375
0 0.48515625 0.1828125 0.0078125 0.0109375
0 0.4796875 0.1796875 0.00625 0.009375
0 0.4671875 0.18046875 0.00625 0.009375
0 0.46171875 0.17890625 0.00625 0.009375
1 0.1765625 0.18359375 0.015625 0.021875
1 0.321875 0.19296875 0.015625 0.0234375
1 0.48125 0.20234375 0.0140625 0.025
1 0.60078125 0.2109375 0.015625 0.028125
1 0.82109375 0.2140625 0.0140625 0.0234375
1 0.85 0.21328125 0.009375 0.0203125
1 0.85703125 0.2109375 0.0109375 0.0203125
1 0.640625 0.18984375 0.0046875 0.0078125
0 0.5203125 0.18203125 0.0046875 0.009375
1 0.52890625 0.18359375 0.0046875 0.0109375
0 0.5328125 0.18203125 0.003125 0.0078125
1 0.54140625 0.184375 0.0046875 0.0109375
0 0.54453125 0.18671875 0.00625 0.0125
1 0.54453125 0.1828125 0.003125 0.0078125
0 0.55078125 0.18359375 0.003125 0.0078125
0 0.55546875 0.18515625 0.003125 0.0078125
1 0.553125 0.18671875 0.003125 0.00625
0 0.56640625 0.184375 0.0015625 0.00625
1 0.565625 0.184375 0.003125 0.0078125
1 0.57421875 0.1859375 0.003125 0.009375
1 0.5796875 0.1859375 0.003125 0.0109375
1 0.58671875 0.1875 0.003125 0.0125
1 0.6 0.18828125 0.003125 0.009375
1 0.6046875 0.1875 0.0046875 0.0078125
1 0.61328125 0.1890625 0.003125 0.009375
1 0.61796875 0.1890625 0.003125 0.009375
0 0.646875 0.190625 0.003125 0.0078125
1 0.64921875 0.19140625 0.003125 0.0078125
1 0.68046875 0.19296875 0.0046875 0.0078125
0 0.69296875 0.19453125 0.003125 0.0078125
1 0.71171875 0.19609375 0.0046875 0.009375
1 0.71640625 0.19921875 0.0046875 0.0109375
1 0.73046875 0.1984375 0.003125 0.009375
1 0.76015625 0.21796875 0.0109375 0.0203125
0 0.75546875 0.20078125 0.0046875 0.0078125
0 0.78046875 0.203125 0.0046875 0.0078125
1 0.76875 0.20078125 0.003125 0.0078125
1 0.771875 0.20390625 0.0046875 0.0125
1 0.81796875 0.20625 0.0046875 0.0078125
1 0.91875 0.2125 0.00625 0.0078125
0 0.89375 0.2109375 0.0046875 0.009375