0 0.6890625 0.425 0.05625 0.1046875
0 0.7296875 0.3 0.03125 0.053125
0 0.7421875 0.25234375 0.01875 0.034375
0 0.75625 0.23359375 0.0109375 0.025
0 0.73515625 0.21640625 0.0125 0.0234375
0 0.63359375 0.19921875 0.0109375 0.01875
0 0.55546875 0.18671875 0.0109375 0.0171875
0 0.4125 0.16796875 0.0078125 0.0140625
0 0.47890625 0.17734375 0.0078125 0.015625
0 0.36953125 0.1609375 0.00625 0.0125
0 0.3203125 0.1703125 0.0109375 0.0171875
0 0.12421875 0.171875 0.01875 0.028125
0 0.24375 0.17421875 0.0125 0.0234375
1 0.13515625 0.1515625 0.0140625 0.0203125
1 0.20234375 0.15078125 0.0109375 0.0171875
1 0.23671875 0.14609375 0.00625 0.0140625
1 0.25625 0.1421875 0.00625 0.0125
1 0.26875 0.13984375 0.0046875 0.0125
1 0.859375 0.23046875 0.0171875 0.028125
1 0.93203125 0.25078125 0.0203125 0.03125
1 0.2765625 0.1390625 0.0046875 0.0078125
0 0.325 0.16328125 0.0046875 0.0140625
1 0.7703125 0.21328125 0.00625 0.015625
1 0.69453125 0.20234375 0.0046875 0.0125
1 0.6015625 0.1890625 0.0046875 0.0125
1 0.54453125 0.18125 0.0046875 0.0125
1 0.484375 0.17265625 0.003125 0.009375
1 0.4515625 0.1671875 0.0046875 0.0109375
1 0.44296875 0.1640625 0.003125 0.0078125
1 0.43359375 0.1609375 0.003125 0.0078125
1 0.43046875 0.1578125 0.003125 0.0078125
0 0.3671875 0.15625 0.003125 0.0125
0 0.37421875 0.15390625 0.0046875 0.009375
0 0.3796875 0.15234375 0.0046875 0.0109375
0 0.38203125 0.15078125 0.003125 0.009375
0 0.3875 0.1515625 0.0046875 0.0078125
1 0.425 0.1546875 0.003125 0.0078125
0 0.328125 0.1484375 0.0046875 0.009375
0 0.33046875 0.1453125 0.003125 0.009375