1 0.62734375 0.57109375 0.034375 0.0578125
1 0.515625 0.4984375 0.0125 0.025
1 0.490625 0.48125 0.009375 0.0171875
1 0.4796875 0.47421875 0.00625 0.0140625
1 0.47109375 0.46875 0.0046875 0.0109375
1 0.46484375 0.4640625 0.0046875 0.009375
1 0.459375 0.46015625 0.0046875 0.009375
0 0.07265625 0.709375 0.046875 0.1140625
0 0.3171875 0.51796875 0.01875 0.034375
0 0.3625 0.4875 0.0125 0.01875
0 0.378125 0.47578125 0.0078125 0.015625
0 0.3890625 0.4671875 0.0046875 0.0109375
0 0.39453125 0.4625 0.0046875 0.0109375
0 0.39921875 0.459375 0.003125 0.009375
0 0.40703125 0.45546875 0.0015625 0.00625
0 0.41015625 0.45390625 0.0015625 0.00625
0 0.41953125 0.453125 0.003125 0.00625
0 0.434375 0.4515625 0.003125 0.00625
0 0.45 0.45078125 0.003125 0.00625
0 0.559375 0.44921875 0.003125 0.00625
0 0.59140625 0.45 0.0015625 0.0046875
0 0.625 0.44921875 0.003125 0.00625
0 0.65390625 0.45 0.003125 0.0046875
0 0.68828125 0.4515625 0.003125 0.00625
0 0.71875 0.45234375 0.003125 0.0078125
0 0.75546875 0.453125 0.003125 0.0078125
0 0.77890625 0.4546875 0.003125 0.0078125
0 0.8109375 0.45546875 0.0046875 0.0078125
0 0.84609375 0.45625 0.0046875 0.0078125
0 0.865625 0.45390625 0.003125 0.00625
0 0.86875 0.4546875 0.003125 0.00625
0 0.8796875 0.4546875 0.003125 0.0046875
0 0.88359375 0.45546875 0.003125 0.0046875
0 0.9015625 0.45625 0.003125 0.00625
0 0.9171875 0.45546875 0.003125 0.0046875
0 0.8890625 0.45703125 0.0046875 0.0078125
1 0.9359375 0.45625 0.003125 0.0078125
1 0.925 0.46015625 0.00625 0.009375
1 0.92109375 0.45625 0.003125 0.00625
1 0.909375 0.45546875 0.003125 0.00625
1 0.90546875 0.45546875 0.003125 0.00625
1 0.859375 0.45859375 0.0046875 0.009375
1 0.803125 0.45625 0.0046875 0.009375
1 0.75859375 0.45546875 0.0046875 0.0078125
1 0.72265625 0.45390625 0.0046875 0.0078125
1 0.696875 0.45234375 0.003125 0.0078125
1 0.665625 0.4515625 0.003125 0.00625
1 0.63125 0.45078125 0.003125 0.00625
1 0.6078125 0.45078125 0.003125 0.0046875
1 0.58359375 0.45078125 0.0015625 0.0046875
1 0.5328125 0.45 0.003125 0.0046875
1 0.50234375 0.45 0.003125 0.00625
1 0.48125 0.4515625 0.0015625 0.00625
1 0.4703125 0.4515625 0.003125 0.00625
1 0.46171875 0.45234375 0.0015625 0.00625
1 0.459375 0.45390625 0.003125 0.0078125
1 0.2875 0.45546875 0.0046875 0.0109375
0 0.25078125 0.4625 0.0046875 0.0109375
0 0.31015625 0.43515625 0.003125 0.00625
1 0.31796875 0.440625 0.003125 0.00625
1 0.45625 0.4578125 0.003125 0.009375
1 0.5578125 0.45078125 0.003125 0.00625
0 0.47265625 0.45 0.0015625 0.0046875