0 0.1484375 0.48359375 0.0359375 0.0484375
0 0.25859375 0.46015625 0.021875 0.0296875
0 0.346875 0.45859375 0.0140625 0.0203125
0 0.42734375 0.4609375 0.0109375 0.0171875
0 0.5078125 0.46796875 0.0109375 0.015625
0 0.61015625 0.48125 0.009375 0.0140625
0 0.709375 0.49375 0.009375 0.0140625
0 0.72109375 0.484375 0.00625 0.009375
0 0.7015625 0.4875 0.00625 0.009375
0 0.75546875 0.4875 0.0046875 0.0078125
0 0.815625 0.496875 0.0046875 0.0078125
0 0.88671875 0.509375 0.00625 0.0109375
1 0.87421875 0.51015625 0.0078125 0.0109375
1 0.82890625 0.51953125 0.0125 0.0171875
1 0.81171875 0.5 0.00625 0.0109375
1 0.809375 0.50859375 0.0109375 0.0171875
1 0.7921875 0.5015625 0.0078125 0.0125
1 0.78671875 0.51796875 0.0140625 0.0203125
1 0.78359375 0.49765625 0.0078125 0.0125
1 0.6828125 0.50234375 0.0125 0.01875
1 0.5875 0.4875 0.0125 0.0203125
1 0.578125 0.5859375 0.0390625 0.0640625
1 0.5 0.48125 0.0140625 0.0234375
1 0.4390625 0.48359375 0.01875 0.028125
1 0.45703125 0.5109375 0.0265625 0.0390625
0 0.06484375 0.5578125 0.0484375 0.084375
0 0.68359375 0.4921875 0.0109375 0.015625
0 0.70234375 0.484375 0.00625 0.0109375