1 0.5984375 0.7421875 0.1375 0.2546875
1 0.13671875 0.42734375 0.078125 0.1171875
1 0.1609375 0.2125 0.0140625 0.0234375
1 0.17578125 0.1921875 0.0109375 0.0171875
1 0.20625 0.1890625 0.009375 0.015625
1 0.8390625 0.18671875 0.0078125 0.0125
1 0.15078125 0.2046875 0.0078125 0.0171875
1 0.23125 0.18828125 0.00625 0.0109375
1 0.23828125 0.18515625 0.0046875 0.0109375
1 0.2484375 0.17734375 0.0046875 0.009375
0 0.26015625 0.1765625 0.0046875 0.0078125
0 0.215625 0.17734375 0.003125 0.0078125
0 0.3046875 0.17578125 0.0046875 0.0078125
0 0.33984375 0.175 0.0046875 0.0078125
0 0.35078125 0.17421875 0.0046875 0.0078125
0 0.35859375 0.1734375 0.003125 0.0078125
0 0.3625 0.1734375 0.003125 0.00625
1 0.3140625 0.17578125 0.0046875 0.009375
1 0.3671875 0.1765625 0.0046875 0.009375
1 0.42109375 0.17265625 0.0046875 0.009375
0 0.4375 0.17109375 0.003125 0.00625
0 0.38046875 0.17265625 0.003125 0.0078125
1 0.44609375 0.171875 0.003125 0.0078125
1 0.48125 0.171875 0.003125 0.0078125
1 0.5109375 0.17265625 0.003125 0.0078125
1 0.54765625 0.17265625 0.0046875 0.0078125
1 0.58515625 0.1734375 0.0046875 0.0078125
1 0.61015625 0.17265625 0.003125 0.0078125
1 0.63515625 0.17265625 0.0046875 0.0078125
1 0.65546875 0.17265625 0.0046875 0.0078125
1 0.68984375 0.17265625 0.0046875 0.0078125
1 0.72265625 0.1734375 0.003125 0.0078125
1 0.7265625 0.17734375 0.0046875 0.0078125
1 0.73984375 0.178125 0.0046875 0.009375
1 0.75 0.1734375 0.0046875 0.0078125
1 0.7546875 0.1765625 0.003125 0.0078125
1 0.77109375 0.18046875 0.0046875 0.0078125
0 0.75859375 0.1734375 0.003125 0.00625
1 0.7375 0.17578125 0.003125 0.0078125
1 0.76796875 0.17578125 0.003125 0.0078125
1 0.80625 0.18515625 0.0046875 0.0109375
1 0.86796875 0.18984375 0.00625 0.0125
0 0.86015625 0.18359375 0.0046875 0.009375
0 0.82109375 0.18125 0.0046875 0.0078125
0 0.815625 0.17578125 0.003125 0.0078125
0 0.79453125 0.17890625 0.0046875 0.0078125
0 0.790625 0.17421875 0.003125 0.00625
0 0.80859375 0.17734375 0.003125 0.00625
1 0.90703125 0.1921875 0.0078125 0.0140625
0 0.5921875 0.171875 0.003125 0.0078125
0 0.615625 0.17109375 0.003125 0.00625
0 0.6453125 0.171875 0.003125 0.00625
0 0.6828125 0.171875 0.003125 0.00625
0 0.471875 0.17109375 0.003125 0.00625
0 0.51484375 0.171875 0.0046875 0.00625
0 0.56796875 0.17265625 0.003125 0.00625