1 0.68203125 0.4765625 0.1046875 0.1609375
1 0.815625 0.1171875 0.0109375 0.01875
0 0.79921875 0.11640625 0.0109375 0.015625
0 0.68515625 0.13515625 0.009375 0.0140625
1 0.63203125 0.14765625 0.009375 0.0171875
0 0.60234375 0.14765625 0.0078125 0.0125
1 0.56875 0.15703125 0.009375 0.015625
0 0.51875 0.1609375 0.0078125 0.0125
1 0.49609375 0.16640625 0.0078125 0.0140625
0 0.44375 0.17265625 0.00625 0.0109375
1 0.41328125 0.17890625 0.00625 0.0125
0 0.38828125 0.18046875 0.00625 0.0109375
0 0.3703125 0.18203125 0.00625 0.0109375
0 0.36640625 0.18125 0.0046875 0.0078125
0 0.3515625 0.1828125 0.0046875 0.0078125
1 0.3375 0.1921875 0.00625 0.0125
0 0.31328125 0.18984375 0.003125 0.0078125
1 0.30703125 0.19296875 0.0046875 0.0125
1 0.30546875 0.19765625 0.0046875 0.0109375
1 0.29921875 0.196875 0.00625 0.0109375
1 0.27578125 0.19765625 0.0046875 0.009375
0 0.271875 0.19765625 0.0046875 0.0078125
0 0.225 0.20625 0.0046875 0.0078125
1 0.2375 0.2046875 0.0046875 0.009375
1 0.19453125 0.2125 0.00625 0.009375
0 0.17421875 0.215625 0.0046875 0.0078125
1 0.15546875 0.2203125 0.00625 0.009375
1 0.11328125 0.23046875 0.0078125 0.0125
1 0.0890625 0.23671875 0.0078125 0.0125
1 0.03359375 0.2453125 0.009375 0.0140625
0 0.04375 0.2421875 0.0078125 0.0109375
0 0.06796875 0.23671875 0.0078125 0.0109375
0 0.09375 0.23125 0.0078125 0.0078125