1 0.65078125 0.546875 0.0921875 0.165625
1 0.90625 0.278125 0.03125 0.0484375
1 0.6671875 0.24375 0.021875 0.0359375
0 0.90625 0.24140625 0.015625 0.0328125
0 0.83984375 0.23125 0.015625 0.0265625
0 0.8296875 0.2203125 0.0140625 0.0234375
0 0.81015625 0.203125 0.0109375 0.0171875
0 0.7859375 0.19765625 0.009375 0.0171875
0 0.77265625 0.19375 0.0078125 0.015625
0 0.75859375 0.19140625 0.0078125 0.0140625
0 0.7375 0.18671875 0.00625 0.0109375
1 0.66953125 0.19375 0.00625 0.0125
0 0.71875 0.1828125 0.00625 0.0125
1 0.6515625 0.18984375 0.00625 0.0125
1 0.6671875 0.2078125 0.0109375 0.0234375
1 0.68828125 0.20390625 0.009375 0.01875
1 0.69296875 0.1984375 0.00625 0.015625
1 0.63125 0.2265625 0.0171875 0.0296875
1 0.6390625 0.2140625 0.0078125 0.0234375