0 0.303125 0.60859375 0.04375 0.065625
1 0.6765625 0.54765625 0.028125 0.0453125
0 0.4421875 0.50078125 0.0125 0.0234375
0 0.49296875 0.475 0.00625 0.0125
0 0.46640625 0.48515625 0.009375 0.0171875
0 0.52734375 0.46640625 0.00625 0.0125
0 0.55703125 0.46171875 0.0046875 0.009375
1 0.609375 0.49453125 0.0125 0.0234375
1 0.60234375 0.48046875 0.009375 0.0171875
1 0.6078125 0.46484375 0.0046875 0.0125
1 0.596875 0.47109375 0.0078125 0.015625
1 0.6625 0.45546875 0.00625 0.009375
1 0.62421875 0.459375 0.00625 0.0125
0 0.6515625 0.45390625 0.0046875 0.0078125
0 0.59765625 0.45703125 0.0046875 0.0109375
0 0.7078125 0.45 0.0046875 0.009375
1 0.72421875 0.45234375 0.0046875 0.009375
0 0.76171875 0.44765625 0.0046875 0.0078125
1 0.778125 0.45078125 0.00625 0.009375
1 0.8421875 0.44765625 0.0078125 0.0109375
0 0.83515625 0.4453125 0.0046875 0.009375
1 0.91640625 0.446875 0.0078125 0.0125
0 0.9328125 0.4421875 0.0046875 0.0109375
1 0.9109375 0.7359375 0.059375 0.1359375