0 0.0859375 0.3703125 0.0140625 0.01875
0 0.28984375 0.33125 0.0109375 0.01875
0 0.35078125 0.33046875 0.0125 0.0203125
0 0.3875 0.33515625 0.015625 0.025
0 0.51875 0.3296875 0.01875 0.03125
0 0.7390625 0.2984375 0.0265625 0.0390625
0 0.7359375 0.47890625 0.0765625 0.11875
1 0.67109375 0.278125 0.015625 0.0234375
1 0.54453125 0.2953125 0.0125 0.01875
1 0.478125 0.3 0.009375 0.0171875
1 0.41953125 0.30390625 0.0078125 0.015625
1 0.34765625 0.31171875 0.009375 0.0171875
1 0.25234375 0.32890625 0.009375 0.015625