0 0.459375 0.47890625 0.0171875 0.025
0 0.38203125 0.50859375 0.0328125 0.046875
0 0.4796875 0.46640625 0.0125 0.01875
1 0.87421875 0.559375 0.0109375 0.015625
0 0.4953125 0.4625 0.009375 0.0125
1 0.79375 0.53515625 0.009375 0.0109375
0 0.50703125 0.459375 0.0078125 0.0125
1 0.71484375 0.51171875 0.0078125 0.0109375
0 0.5296875 0.46328125 0.00625 0.0109375
1 0.65078125 0.49375 0.00625 0.009375
0 0.57109375 0.47109375 0.00625 0.009375
0 0.615625 0.48203125 0.00625 0.009375
1 0.60703125 0.48359375 0.00625 0.0109375
1 0.58203125 0.47890625 0.00625 0.009375
0 0.65546875 0.4921875 0.00625 0.009375
0 0.71015625 0.5078125 0.00625 0.009375
1 0.584375 0.48359375 0.009375 0.0140625
0 0.778125 0.52734375 0.0078125 0.0109375
0 0.8453125 0.54609375 0.009375 0.0109375
0 0.91484375 0.5671875 0.009375 0.0125
1 0.6859375 0.5921875 0.040625 0.053125
1 0.6140625 0.51875 0.0171875 0.025
1 0.58828125 0.49296875 0.0109375 0.0171875