1 0.2375 0.490625 0.0984375 0.153125
1 0.90234375 0.50546875 0.078125 0.159375
0 0.6515625 0.1828125 0.0078125 0.015625
1 0.72421875 0.18671875 0.009375 0.01875
0 0.8 0.18203125 0.009375 0.0171875
0 0.428125 0.18125 0.00625 0.0140625
0 0.509375 0.1828125 0.00625 0.0140625
1 0.4140625 0.18984375 0.00625 0.015625
1 0.52421875 0.1890625 0.0078125 0.015625
1 0.2828125 0.1828125 0.0078125 0.015625
1 0.32578125 0.18671875 0.00625 0.015625
0 0.3203125 0.17734375 0.00625 0.0125
0 0.375 0.17890625 0.00625 0.0125