1 0.6921875 0.58828125 0.0390625 0.0578125
1 0.6359375 0.515625 0.01875 0.0296875
1 0.64453125 0.49921875 0.0125 0.021875
1 0.66953125 0.48828125 0.009375 0.0171875
1 0.70234375 0.4875 0.0078125 0.0125
1 0.76015625 0.4921875 0.0078125 0.0125
1 0.85078125 0.50625 0.009375 0.0140625
0 0.9171875 0.5109375 0.009375 0.0125
0 0.84609375 0.50078125 0.00625 0.0109375
0 0.784375 0.49140625 0.0078125 0.0109375
0 0.70703125 0.48125 0.0046875 0.0109375
0 0.64453125 0.47421875 0.0078125 0.0125
0 0.6078125 0.4734375 0.0078125 0.0125
0 0.56015625 0.471875 0.009375 0.015625
0 0.52421875 0.475 0.009375 0.0171875
0 0.471875 0.48203125 0.015625 0.021875
0 0.39296875 0.51015625 0.0296875 0.040625
0 0.26640625 0.57578125 0.0484375 0.0796875
0 0.08046875 0.4140625 0.0109375 0.0140625
0 0.09609375 0.41171875 0.0078125 0.0125
0 0.09140625 0.409375 0.00625 0.0109375
0 0.08125 0.40546875 0.009375 0.0125