1 0.66171875 0.44296875 0.0046875 0.009375
1 0.7140625 0.4390625 0.0046875 0.009375
1 0.76640625 0.434375 0.0046875 0.009375
1 0.8140625 0.43125 0.0046875 0.009375
1 0.8796875 0.42578125 0.0046875 0.0109375
0 0.8859375 0.46015625 0.01875 0.0265625
0 0.778125 0.4765625 0.0203125 0.028125
0 0.78984375 0.434375 0.00625 0.0109375
0 0.8390625 0.43046875 0.00625 0.0109375
0 0.8859375 0.428125 0.00625 0.0109375
0 0.728125 0.43984375 0.0046875 0.0109375
0 0.67265625 0.44453125 0.0046875 0.009375
0 0.64375 0.503125 0.01875 0.034375
0 0.46796875 0.57578125 0.028125 0.05625
0 0.775 0.42890625 0.003125 0.00625
1 0.753125 0.43125 0.003125 0.00625
1 0.69140625 0.43671875 0.003125 0.00625
0 0.60078125 0.45078125 0.0046875 0.009375
0 0.65 0.43984375 0.003125 0.0046875
0 0.678125 0.43828125 0.0015625 0.0046875
1 0.853125 0.4234375 0.0015625 0.0046875
1 0.809375 0.4265625 0.003125 0.00625
0 0.559375 0.4546875 0.003125 0.00625
1 0.65859375 0.4390625 0.0015625 0.00625
0 0.8234375 0.42578125 0.0015625 0.0046875
1 0.59921875 0.44453125 0.003125 0.00625
0 0.60625 0.44296875 0.0015625 0.003125
0 0.91015625 0.41796875 0.0015625 0.0046875
1 0.92109375 0.41796875 0.0015625 0.0046875
0 0.86328125 0.4234375 0.0015625 0.0046875
0 0.628125 0.440625 0.0015625 0.0046875
1 0.6265625 0.4421875 0.0015625 0.003125
0 0.58671875 0.44453125 0.0015625 0.003125
0 0.89609375 0.41875 0.0015625 0.003125