1 0.63671875 0.17109375 0.01875 0.028125
1 0.496875 0.19375 0.0125 0.021875
1 0.409375 0.20859375 0.0109375 0.01875
0 0.44765625 0.19140625 0.009375 0.0140625
0 0.51875 0.178125 0.0109375 0.0171875
0 0.6046875 0.16328125 0.0125 0.0203125
0 0.7453125 0.13671875 0.015625 0.025
1 0.10625 0.596875 0.0875 0.1484375
1 0.36171875 0.2171875 0.009375 0.015625
1 0.3046875 0.2265625 0.009375 0.0140625
0 0.334375 0.2140625 0.0078125 0.0140625
0 0.28828125 0.2234375 0.00625 0.0109375
0 0.38203125 0.2046875 0.0078125 0.0125
1 0.2671875 0.23515625 0.0078125 0.0140625