1 0.43984375 0.42734375 0.0765625 0.125
1 0.13359375 0.1921875 0.01875 0.0296875
1 0.18046875 0.18203125 0.015625 0.025
1 0.14609375 0.17421875 0.0140625 0.0234375
0 0.19765625 0.15546875 0.0078125 0.0125
1 0.31328125 0.15390625 0.00625 0.0140625
1 0.36484375 0.1515625 0.00625 0.0125
1 0.37734375 0.14921875 0.00625 0.0125
1 0.3890625 0.14609375 0.0046875 0.0109375
1 0.70078125 0.1484375 0.0078125 0.0125
0 0.73828125 0.1453125 0.0046875 0.0109375
0 0.67890625 0.1421875 0.003125 0.009375
0 0.65859375 0.140625 0.003125 0.009375
0 0.6234375 0.13984375 0.0046875 0.0078125
1 0.6375 0.14765625 0.00625 0.0125
1 0.60703125 0.1453125 0.0046875 0.0109375
1 0.60078125 0.14296875 0.0046875 0.0109375
1 0.58125 0.140625 0.0046875 0.009375
0 0.309375 0.1484375 0.003125 0.0078125
0 0.325 0.14609375 0.003125 0.009375
0 0.3546875 0.14453125 0.003125 0.0078125
0 0.39921875 0.1421875 0.003125 0.0078125
0 0.45546875 0.14140625 0.003125 0.0078125
0 0.5140625 0.1390625 0.003125 0.0078125
0 0.5671875 0.1390625 0.003125 0.0078125
1 0.4859375 0.1421875 0.0046875 0.009375
1 0.534375 0.140625 0.003125 0.009375
0 0.696875 0.14375 0.003125 0.009375
1 0.84765625 0.14765625 0.009375 0.0171875