0 0.40234375 0.57578125 0.0375 0.059375
0 0.52109375 0.521875 0.01875 0.034375
0 0.6359375 0.5015625 0.0140625 0.0234375
0 0.765625 0.49375 0.0109375 0.0203125
0 0.85703125 0.490625 0.0125 0.0171875
1 0.878125 0.53203125 0.028125 0.034375
1 0.84765625 0.5671875 0.034375 0.05
0 0.721875 0.46484375 0.0046875 0.0078125
0 0.725 0.4640625 0.003125 0.00625
0 0.7359375 0.46484375 0.0046875 0.00625
0 0.746875 0.465625 0.0046875 0.0078125
0 0.75234375 0.465625 0.003125 0.00625
0 0.78046875 0.46640625 0.003125 0.00625
0 0.7859375 0.46875 0.003125 0.00625
1 0.778125 0.4671875 0.003125 0.00625
1 0.7703125 0.46640625 0.003125 0.00625
1 0.790625 0.4671875 0.003125 0.0078125
1 0.80859375 0.4671875 0.0046875 0.00625
0 0.8265625 0.4671875 0.003125 0.0046875
0 0.84453125 0.4703125 0.0046875 0.0078125
1 0.83984375 0.46953125 0.0046875 0.0078125
0 0.89921875 0.46953125 0.0046875 0.00625
0 0.90703125 0.47265625 0.0046875 0.0078125
1 0.91796875 0.4703125 0.0046875 0.00625
1 0.9375 0.47265625 0.003125 0.0078125