1 0.54140625 0.75 0.1859375 0.28125
1 0.09765625 0.525 0.090625 0.121875
1 0.1546875 0.38125 0.0484375 0.065625
1 0.2109375 0.32890625 0.03125 0.046875
1 0.30546875 0.28203125 0.0265625 0.0359375
0 0.10546875 0.3234375 0.021875 0.0328125
0 0.28125 0.26328125 0.015625 0.025
0 0.3890625 0.22734375 0.0125 0.021875
1 0.6109375 0.171875 0.015625 0.0234375
1 0.6953125 0.14609375 0.0125 0.0203125
1 0.7515625 0.12890625 0.0125 0.01875
0 0.5 0.19296875 0.0125 0.01875
0 0.58046875 0.16953125 0.0109375 0.01875
0 0.64765625 0.15078125 0.0109375 0.0171875
0 0.60078125 0.153125 0.00625 0.009375
0 0.5265625 0.17265625 0.0046875 0.0078125
0 0.721875 0.128125 0.009375 0.0140625
1 0.41015625 0.240625 0.0171875 0.0296875
1 0.49375 0.2109375 0.015625 0.0265625
0 0.46953125 0.1875 0.00625 0.0109375
0 0.39140625 0.20625 0.0046875 0.0078125
0 0.41171875 0.20234375 0.00625 0.0109375
0 0.36953125 0.2125 0.00625 0.009375
0 0.77578125 0.11484375 0.009375 0.0140625
0 0.69453125 0.1296875 0.00625 0.0125
1 0.5609375 0.16328125 0.00625 0.0125
1 0.62109375 0.1484375 0.0078125 0.0125
0 0.34453125 0.21875 0.00625 0.0078125
0 0.35234375 0.215625 0.0046875 0.0078125
0 0.42734375 0.196875 0.0046875 0.0078125
1 0.4234375 0.19921875 0.00625 0.0109375
1 0.41796875 0.19921875 0.0046875 0.009375
1 0.40390625 0.20234375 0.00625 0.009375
1 0.4734375 0.18515625 0.00625 0.0109375
0 0.4796875 0.1828125 0.0046875 0.0078125
1 0.5671875 0.159375 0.0046875 0.0078125
0 0.55390625 0.16328125 0.00625 0.0078125
1 0.64140625 0.13984375 0.0046875 0.0078125
0 0.68046875 0.13046875 0.0046875 0.0078125
1 0.703125 0.12734375 0.0078125 0.0140625
0 0.75546875 0.1125 0.00625 0.0125
1 0.76875 0.10703125 0.0046875 0.0078125
1 0.78203125 0.10546875 0.00625 0.0109375
1 0.81328125 0.09453125 0.0046875 0.0078125
0 0.79140625 0.1 0.003125 0.0078125
0 0.82421875 0.0984375 0.009375 0.0140625
0 0.840625 0.08984375 0.00625 0.009375