1 0.8734375 0.5828125 0.159375 0.2484375
1 0.13046875 0.31875 0.028125 0.040625
1 0.23125 0.278125 0.0234375 0.0328125
1 0.3390625 0.23984375 0.0203125 0.028125
1 0.68671875 0.1328125 0.015625 0.025
1 0.70234375 0.11015625 0.0078125 0.0125
1 0.796875 0.08359375 0.0078125 0.0125
0 0.1 0.30390625 0.0171875 0.025
0 0.240625 0.25625 0.015625 0.0234375
0 0.38828125 0.2109375 0.0125 0.0203125
0 0.49453125 0.17734375 0.0125 0.0203125
0 0.61640625 0.14453125 0.0109375 0.01875
0 0.71484375 0.1171875 0.0109375 0.01875
0 0.68671875 0.11640625 0.0078125 0.0109375
0 0.634375 0.128125 0.0046875 0.009375
1 0.07734375 0.546875 0.034375 0.046875
1 0.44921875 0.203125 0.0171875 0.025
1 0.54453125 0.17421875 0.0171875 0.025
0 0.58203125 0.140625 0.00625 0.009375
0 0.59921875 0.13671875 0.00625 0.009375
0 0.59609375 0.13671875 0.0046875 0.0078125
0 0.6171875 0.13125 0.0046875 0.0078125
1 0.6421875 0.12578125 0.00625 0.0109375
1 0.65546875 0.12265625 0.00625 0.0125
1 0.66328125 0.1203125 0.0078125 0.0125
0 0.6828125 0.11484375 0.003125 0.0078125
1 0.70703125 0.10859375 0.0046875 0.0109375
0 0.7421875 0.1 0.0078125 0.0125
1 0.74765625 0.096875 0.00625 0.0109375
1 0.80234375 0.09921875 0.0171875 0.021875
0 0.80703125 0.0890625 0.0109375 0.0171875
1 0.84453125 0.06796875 0.0078125 0.0125
0 0.82734375 0.07578125 0.0078125 0.0125
0 0.8328125 0.07109375 0.00625 0.009375