1 0.35 0.3046875 0.0265625 0.0390625
1 0.55546875 0.33203125 0.0203125 0.03125
1 0.6703125 0.34921875 0.01875 0.028125
1 0.77265625 0.36171875 0.01875 0.025
1 0.85 0.36328125 0.0140625 0.021875
1 0.853125 0.37109375 0.0171875 0.025
1 0.834375 0.35390625 0.0125 0.015625
1 0.88515625 0.34765625 0.0078125 0.009375
1 0.8359375 0.34921875 0.0109375 0.0140625
1 0.8390625 0.340625 0.0078125 0.0109375
1 0.82578125 0.34140625 0.009375 0.0125
1 0.95546875 0.3609375 0.0078125 0.0125
0 0.94609375 0.3703125 0.0125 0.0171875
0 0.92890625 0.36328125 0.0109375 0.015625
0 0.93671875 0.36015625 0.009375 0.0125
0 0.4875 0.36640625 0.0359375 0.0515625
0 0.6671875 0.38671875 0.0328125 0.046875
0 0.82734375 0.40859375 0.034375 0.0421875
0 0.92890625 0.51796875 0.0390625 0.0546875
0 0.51796875 0.54375 0.0875 0.1296875