0 0.5328125 0.4140625 0.078125 0.128125
0 0.66171875 0.2671875 0.0359375 0.0578125
0 0.58828125 0.20703125 0.0234375 0.0390625
0 0.54453125 0.1734375 0.015625 0.028125
0 0.5296875 0.15703125 0.015625 0.0234375
0 0.49921875 0.14296875 0.0109375 0.0203125
0 0.40546875 0.125 0.0109375 0.0203125
0 0.31953125 0.10859375 0.0109375 0.0203125
0 0.21640625 0.08984375 0.0109375 0.0203125
1 0.12109375 0.0609375 0.0109375 0.0171875
1 0.146875 0.06875 0.009375 0.0171875
1 0.19921875 0.0796875 0.0109375 0.0171875
1 0.2859375 0.096875 0.009375 0.01875
1 0.35390625 0.11015625 0.009375 0.015625
1 0.44609375 0.12578125 0.009375 0.01875
1 0.9328125 0.28359375 0.0328125 0.0484375
1 0.775 0.225 0.0203125 0.03125
1 0.68046875 0.19140625 0.0140625 0.0234375
1 0.6265625 0.17109375 0.0109375 0.01875
1 0.57734375 0.1546875 0.009375 0.015625
1 0.509375 0.13828125 0.0078125 0.015625