0 0.4921875 0.478125 0.08125 0.11875
0 0.7765625 0.309375 0.0515625 0.0734375
0 0.634375 0.26484375 0.03125 0.040625
0 0.55546875 0.25859375 0.01875 0.0296875
0 0.490625 0.259375 0.0140625 0.021875
0 0.28359375 0.3078125 0.0140625 0.0203125
0 0.3546875 0.28125 0.0109375 0.0171875
0 0.4546875 0.2578125 0.0125 0.01875
0 0.446875 0.253125 0.0109375 0.0140625
0 0.43203125 0.25078125 0.009375 0.0140625
0 0.47109375 0.24140625 0.009375 0.0140625
0 0.50859375 0.22890625 0.0078125 0.0125
0 0.53046875 0.221875 0.0078125 0.0125
1 0.7 0.21953125 0.0203125 0.0296875
1 0.63359375 0.225 0.0140625 0.021875
1 0.57109375 0.2296875 0.0125 0.01875
1 0.5484375 0.23046875 0.0125 0.0171875
1 0.2625 0.29921875 0.0125 0.01875
1 0.17265625 0.32578125 0.0140625 0.021875
1 0.0640625 0.35234375 0.015625 0.0203125
0 0.13828125 0.34375 0.009375 0.0140625
1 0.57734375 0.21484375 0.00625 0.0109375
1 0.58984375 0.209375 0.0046875 0.0109375
1 0.603125 0.20390625 0.0046875 0.009375
0 0.47578125 0.234375 0.0046875 0.0078125
0 0.47890625 0.23359375 0.0046875 0.009375
0 0.5 0.22578125 0.0046875 0.0078125
0 0.51328125 0.22109375 0.0046875 0.0078125
0 0.546875 0.2171875 0.00625 0.009375
0 0.565625 0.2109375 0.0046875 0.009375
1 0.346875 0.271875 0.0078125 0.0125
1 0.40390625 0.2515625 0.00625 0.0109375
1 0.43984375 0.23984375 0.0046875 0.0078125
1 0.44296875 0.2390625 0.0046875 0.0078125
1 0.4671875 0.23203125 0.0046875 0.00625
1 0.565625 0.2234375 0.00625 0.0125