1 0.6484375 0.1515625 0.0125 0.021875
1 0.50625 0.18671875 0.0109375 0.01875
0 0.67578125 0.13359375 0.0125 0.01875
0 0.56328125 0.16328125 0.009375 0.0171875
0 0.55703125 0.15546875 0.0078125 0.0125
0 0.46953125 0.1875 0.009375 0.015625
0 0.46015625 0.18359375 0.0078125 0.0125
0 0.4234375 0.1984375 0.009375 0.0140625
1 0.403125 0.21328125 0.009375 0.015625
1 0.3515625 0.22734375 0.009375 0.0140625
1 0.34375 0.2203125 0.00625 0.0109375
1 0.31328125 0.23359375 0.0078125 0.0125
1 0.8375 0.103125 0.0203125 0.0296875
0 0.7859375 0.10546875 0.0140625 0.0203125
0 0.50859375 0.16953125 0.00625 0.0140625
0 0.60078125 0.14375 0.00625 0.0125
1 0.56640625 0.15078125 0.00625 0.0125
1 0.6171875 0.1359375 0.00625 0.0125
1 0.16796875 0.27265625 0.009375 0.0140625
1 0.2375 0.24921875 0.0078125 0.0125
0 0.19921875 0.26015625 0.00625 0.009375
1 0.07265625 0.303125 0.0078125 0.0109375
0 0.0984375 0.29296875 0.00625 0.009375
0 0.14453125 0.27890625 0.0078125 0.0125
0 0.2078125 0.25546875 0.0046875 0.0078125
0 0.21328125 0.253125 0.0046875 0.00625
0 0.2265625 0.24921875 0.0046875 0.0078125
0 0.24453125 0.24453125 0.00625 0.009375
0 0.24921875 0.24140625 0.0046875 0.0078125
0 0.25390625 0.240625 0.0046875 0.0078125
1 0.26171875 0.2375 0.0046875 0.009375
1 0.27109375 0.234375 0.00625 0.0078125
1 0.28515625 0.2296875 0.00625 0.009375
1 0.296875 0.22890625 0.00625 0.0125
0 0.28125 0.2328125 0.00625 0.009375
0 0.28828125 0.22890625 0.0046875 0.0078125
0 0.30078125 0.22734375 0.00625 0.009375
1 0.334375 0.2171875 0.0046875 0.009375
1 0.34609375 0.21328125 0.00625 0.0109375
1 0.3578125 0.209375 0.0046875 0.009375
1 0.36328125 0.20859375 0.00625 0.0109375
1 0.3671875 0.20546875 0.0046875 0.009375
1 0.38046875 0.20546875 0.0078125 0.0125
1 0.4109375 0.1921875 0.00625 0.0078125
1 0.4390625 0.18359375 0.0046875 0.0078125
1 0.44921875 0.18515625 0.0078125 0.0125
1 0.50546875 0.16875 0.00625 0.0125
0 0.66328125 0.125 0.009375 0.015625
1 0.678125 0.11953125 0.00625 0.0125
1 0.02109375 0.31640625 0.0078125 0.009375
0 0.05859375 0.30390625 0.00625 0.009375