0 0.23515625 0.6546875 0.0609375 0.0765625
0 0.35078125 0.53984375 0.0234375 0.0328125
0 0.378125 0.51328125 0.0171875 0.025
0 0.41328125 0.48828125 0.0109375 0.0171875
0 0.44765625 0.47265625 0.009375 0.0140625
0 0.47421875 0.4625 0.00625 0.0125
0 0.51171875 0.4515625 0.00625 0.0109375
0 0.5421875 0.44140625 0.00625 0.009375
0 0.590625 0.43046875 0.0046875 0.0078125
0 0.64921875 0.41796875 0.0046875 0.0078125
0 0.69296875 0.409375 0.0046875 0.0078125
0 0.7375 0.40078125 0.0046875 0.0078125
0 0.7984375 0.390625 0.00625 0.009375
0 0.88828125 0.375 0.009375 0.0140625
1 0.64921875 0.51875 0.0359375 0.053125
1 0.5453125 0.48671875 0.01875 0.0265625
1 0.52578125 0.46953125 0.0125 0.01875
1 0.53515625 0.45859375 0.0109375 0.015625
1 0.55703125 0.4453125 0.009375 0.0125
1 0.584375 0.4359375 0.00625 0.009375
1 0.628125 0.42578125 0.00625 0.009375
1 0.690625 0.4125 0.00625 0.009375
1 0.76015625 0.40078125 0.0078125 0.0109375
1 0.81328125 0.3921875 0.009375 0.0140625