0 0.1484375 0.771875 0.10625 0.1390625
0 0.425 0.51640625 0.0171875 0.028125
0 0.4546875 0.49375 0.0140625 0.021875
0 0.484375 0.478125 0.009375 0.015625
0 0.52109375 0.46484375 0.0078125 0.0140625
0 0.55234375 0.45703125 0.0078125 0.0125
0 0.5953125 0.4484375 0.00625 0.0109375
0 0.6515625 0.44140625 0.0078125 0.0125
0 0.709375 0.43203125 0.0078125 0.0125
0 0.76640625 0.4265625 0.0078125 0.0125
0 0.84453125 0.41796875 0.0078125 0.0125
1 0.85546875 0.42109375 0.0078125 0.0125
1 0.7859375 0.428125 0.0078125 0.0125
1 0.72890625 0.434375 0.0078125 0.0109375
1 0.6640625 0.44296875 0.0078125 0.0125
1 0.625 0.45078125 0.0078125 0.0125
1 0.60859375 0.45703125 0.009375 0.0140625
1 0.59921875 0.465625 0.0109375 0.0171875
1 0.609375 0.4765625 0.0125 0.0234375
1 0.62265625 0.49453125 0.01875 0.03125
1 0.74921875 0.57890625 0.0515625 0.071875