0 0.16015625 0.65078125 0.0859375 0.1328125
0 0.50546875 0.54296875 0.0328125 0.046875
0 0.65078125 0.53671875 0.0234375 0.034375
0 0.74375 0.540625 0.01875 0.028125
0 0.80703125 0.5421875 0.015625 0.0234375
0 0.85390625 0.5453125 0.0140625 0.01875
0 0.82109375 0.52578125 0.0109375 0.015625
0 0.77265625 0.51328125 0.009375 0.0140625
0 0.72890625 0.50234375 0.0078125 0.0125
0 0.6921875 0.4953125 0.00625 0.0109375
0 0.59921875 0.4796875 0.0078125 0.0125
0 0.5453125 0.47109375 0.0078125 0.0125
0 0.47421875 0.46015625 0.0078125 0.0109375
0 0.43203125 0.4515625 0.00625 0.0109375
0 0.40078125 0.44453125 0.00625 0.009375
1 0.8796875 0.6234375 0.05 0.059375
1 0.9140625 0.54140625 0.0125 0.015625
1 0.8421875 0.52265625 0.009375 0.0140625
1 0.778125 0.51015625 0.0078125 0.0125
1 0.72265625 0.4984375 0.00625 0.0109375
1 0.671875 0.48984375 0.00625 0.009375
1 0.6328125 0.4828125 0.00625 0.009375
1 0.58671875 0.475 0.00625 0.0109375
1 0.5375 0.46796875 0.00625 0.009375
1 0.4921875 0.459375 0.00625 0.009375
1 0.4609375 0.45390625 0.0046875 0.0078125
0 0.409375 0.44375 0.003125 0.0078125
0 0.415625 0.44296875 0.003125 0.00625
0 0.421875 0.44453125 0.003125 0.00625
0 0.59453125 0.47109375 0.0015625 0.0046875
0 0.83359375 0.5125 0.0015625 0.003125
0 0.73828125 0.49609375 0.003125 0.0046875
0 0.553125 0.46484375 0.003125 0.003125
0 0.52734375 0.459375 0.003125 0.0046875
0 0.3484375 0.43046875 0.003125 0.0046875
0 0.359375 0.43203125 0.003125 0.00625
0 0.36796875 0.43203125 0.003125 0.003125
0 0.39453125 0.4421875 0.0046875 0.0078125
0 0.38515625 0.4375 0.0015625 0.0046875
1 0.45390625 0.45234375 0.003125 0.0078125
1 0.390625 0.43671875 0.003125 0.00625
1 0.43828125 0.44609375 0.003125 0.0078125
1 0.428125 0.44296875 0.0015625 0.0046875
1 0.46484375 0.45 0.003125 0.00625
1 0.4671875 0.453125 0.003125 0.00625
1 0.47734375 0.45390625 0.003125 0.00625
1 0.4859375 0.45234375 0.003125 0.0046875
1 0.53515625 0.46171875 0.003125 0.0046875
1 0.565625 0.4671875 0.0015625 0.0046875
1 0.61953125 0.47578125 0.003125 0.0046875
1 0.7453125 0.4984375 0.0015625 0.0046875
1 0.77109375 0.50234375 0.003125 0.00625
1 0.79609375 0.50703125 0.003125 0.003125
1 0.82109375 0.51171875 0.003125 0.003125
1 0.85703125 0.5171875 0.003125 0.0046875
1 0.88359375 0.521875 0.003125 0.0046875
0 0.85703125 0.53828125 0.0109375 0.0171875
0 0.88984375 0.52265625 0.003125 0.003125
0 0.92734375 0.5296875 0.0015625 0.003125
0 0.85859375 0.5171875 0.0015625 0.003125
0 0.76171875 0.50078125 0.0015625 0.003125
0 0.78828125 0.50546875 0.0015625 0.003125
1 0.5046875 0.45625 0.0015625 0.003125