1 0.109375 0.4875 0.0890625 0.1171875
1 0.7171875 0.12421875 0.0171875 0.0296875
0 0.69765625 0.11328125 0.0140625 0.021875
0 0.6125 0.128125 0.0109375 0.0171875
1 0.584375 0.14609375 0.0140625 0.025
0 0.54453125 0.140625 0.009375 0.0171875
1 0.5015625 0.1578125 0.0109375 0.01875
0 0.48125 0.1515625 0.0078125 0.0140625
1 0.85078125 0.70546875 0.1828125 0.303125
0 0.84296875 0.08359375 0.01875 0.028125
1 0.45703125 0.165625 0.009375 0.015625
0 0.43671875 0.16015625 0.0078125 0.0125
1 0.40546875 0.17421875 0.0078125 0.0140625
0 0.39453125 0.16953125 0.00625 0.009375
1 0.37109375 0.18203125 0.0078125 0.0125
0 0.35546875 0.17734375 0.00625 0.0109375
1 0.33203125 0.18671875 0.00625 0.0109375
0 0.32734375 0.18359375 0.00625 0.009375
1 0.2953125 0.19375 0.0078125 0.0125
1 0.2796875 0.19765625 0.00625 0.0109375
0 0.2671875 0.1984375 0.00625 0.009375
0 0.2328125 0.20703125 0.0046875 0.009375
1 0.19140625 0.21953125 0.00625 0.0109375
1 0.14609375 0.2328125 0.0078125 0.0125
0 0.12265625 0.23671875 0.0078125 0.0109375
1 0.10625 0.24296875 0.0078125 0.0140625
1 0.0578125 0.25703125 0.009375 0.0140625
1 0.03046875 0.265625 0.0109375 0.015625
0 0.03671875 0.259375 0.0109375 0.0125
0 0.08359375 0.246875 0.009375 0.0140625
0 0.17734375 0.221875 0.0078125 0.0109375
1 0.24140625 0.2078125 0.00625 0.009375