1 0.7953125 0.74375 0.1703125 0.2515625
1 0.253125 0.17109375 0.0296875 0.040625
1 0.36171875 0.18046875 0.025 0.0328125
1 0.475 0.19453125 0.0203125 0.028125
1 0.8328125 0.2578125 0.0171875 0.025
1 0.85703125 0.24453125 0.0078125 0.0125
1 0.953125 0.2640625 0.0078125 0.0125
0 0.23203125 0.14375 0.01875 0.0265625
0 0.3796875 0.16484375 0.0171875 0.0234375
0 0.53203125 0.19140625 0.0140625 0.0203125
0 0.64140625 0.21015625 0.0140625 0.0203125
0 0.76484375 0.2359375 0.0125 0.01875
0 0.865625 0.25625 0.0125 0.01875
0 0.840625 0.24296875 0.0078125 0.0109375
0 0.78828125 0.2296875 0.0046875 0.009375
1 0.1015625 0.35 0.0359375 0.0484375
1 0.5890625 0.2125 0.0171875 0.025
1 0.6875 0.2296875 0.0171875 0.025
0 0.7359375 0.2171875 0.00625 0.009375
0 0.753125 0.221875 0.00625 0.009375
0 0.75078125 0.2203125 0.0046875 0.0078125
0 0.771875 0.225 0.0046875 0.0078125
1 0.796875 0.23125 0.0078125 0.0109375
1 0.809375 0.234375 0.0078125 0.0125
1 0.8171875 0.2359375 0.0078125 0.0125
0 0.8375 0.2390625 0.0046875 0.0078125
1 0.86171875 0.2453125 0.00625 0.0109375
0 0.89765625 0.25390625 0.0078125 0.0140625
1 0.903125 0.253125 0.00625 0.0109375
1 0.95078125 0.28046875 0.0171875 0.0234375
0 0.96015625 0.2734375 0.0125 0.0171875
0 0.984375 0.2703125 0.0078125 0.0125
0 0.99140625 0.26953125 0.00625 0.009375