1 0.6765625 0.628125 0.153125 0.2375
1 0.83359375 0.07734375 0.01875 0.0234375
1 0.72578125 0.109375 0.0125 0.01875
1 0.6328125 0.1328125 0.0125 0.01875
1 0.4953125 0.16875 0.009375 0.0140625
1 0.4484375 0.1828125 0.009375 0.0125
0 0.64140625 0.12578125 0.009375 0.0140625
0 0.55390625 0.15 0.009375 0.0125
0 0.4890625 0.1671875 0.009375 0.0125
0 0.4234375 0.184375 0.0078125 0.0109375
1 0.3921875 0.1953125 0.009375 0.0140625
1 0.3296875 0.21171875 0.009375 0.0125
1 0.27265625 0.22734375 0.0078125 0.0125
1 0.246875 0.23359375 0.0078125 0.0125
1 0.2578125 0.228125 0.00625 0.0109375
1 0.26171875 0.225 0.00625 0.009375
0 0.365625 0.1984375 0.0078125 0.0125
0 0.321875 0.21015625 0.00625 0.0109375
0 0.3140625 0.21015625 0.00625 0.009375
0 0.3109375 0.21328125 0.00625 0.009375
0 0.30546875 0.2109375 0.00625 0.0078125
0 0.7203125 0.10546875 0.009375 0.0140625
0 0.19453125 0.2453125 0.003125 0.00625
0 0.2375 0.23125 0.003125 0.00625
0 0.15 0.2578125 0.00625 0.0078125
0 0.07421875 0.28203125 0.00625 0.0078125
0 0.02421875 0.29921875 0.00625 0.009375
1 0.00859375 0.3046875 0.0078125 0.0109375
1 0.08515625 0.28203125 0.00625 0.009375
1 0.109375 0.27265625 0.00625 0.0078125
1 0.165625 0.2546875 0.0046875 0.0078125
1 0.203125 0.24375 0.00625 0.0078125
1 0.2359375 0.2328125 0.00625 0.0078125
0 0.27265625 0.2203125 0.0046875 0.0078125