1 0.3875 0.6015625 0.121875 0.1859375
1 0.62578125 0.16171875 0.015625 0.025
1 0.49375 0.18515625 0.0125 0.0203125
1 0.28671875 0.22265625 0.009375 0.015625
1 0.228125 0.2328125 0.0078125 0.0140625
1 0.17421875 0.24296875 0.009375 0.015625
1 0.84375 0.12265625 0.0234375 0.034375
0 0.20546875 0.234375 0.0078125 0.0125
0 0.24296875 0.22578125 0.00625 0.0109375
0 0.29765625 0.2140625 0.0078125 0.0125
1 0.34140625 0.2125 0.009375 0.0171875
0 0.3578125 0.20234375 0.009375 0.0140625
1 0.4234375 0.1984375 0.009375 0.01875
0 0.42109375 0.1890625 0.009375 0.015625
0 0.50859375 0.17265625 0.009375 0.015625
0 0.6046875 0.15546875 0.0125 0.01875
0 0.728125 0.13203125 0.015625 0.0234375