1 0.82265625 0.54609375 0.053125 0.0703125
1 0.79375 0.4328125 0.0125 0.0171875
1 0.7796875 0.428125 0.0078125 0.0140625
1 0.7734375 0.42421875 0.0078125 0.0125
1 0.78828125 0.41875 0.00625 0.0109375
1 0.74140625 0.44765625 0.009375 0.0203125
1 0.7453125 0.45546875 0.0125 0.025
1 0.75546875 0.478125 0.025 0.034375
1 0.77890625 0.41171875 0.0046875 0.0078125
1 0.7484375 0.4140625 0.003125 0.00625
1 0.7375 0.4171875 0.0046875 0.0078125
1 0.8078125 0.4140625 0.00625 0.0109375
1 0.8203125 0.40703125 0.0046875 0.009375
1 0.82578125 0.41015625 0.0046875 0.009375
1 0.6890625 0.42421875 0.0046875 0.0078125
1 0.52265625 0.453125 0.0046875 0.009375
1 0.54375 0.44453125 0.003125 0.00625
1 0.48125 0.4546875 0.003125 0.0078125
1 0.46328125 0.4625 0.0046875 0.009375
1 0.44140625 0.46171875 0.0046875 0.0078125
1 0.4125 0.4703125 0.0046875 0.009375
1 0.3875 0.4703125 0.003125 0.0078125
1 0.3234375 0.48125 0.003125 0.009375
1 0.3265625 0.48515625 0.00625 0.009375
1 0.2921875 0.48671875 0.0046875 0.0078125
1 0.27109375 0.49375 0.00625 0.009375
1 0.2578125 0.49375 0.0046875 0.009375
1 0.24609375 0.496875 0.0046875 0.009375
0 0.41171875 0.55703125 0.0296875 0.0484375
0 0.521875 0.496875 0.0171875 0.028125
0 0.571875 0.47265625 0.0125 0.0203125
0 0.59453125 0.46015625 0.009375 0.015625
0 0.53125 0.45390625 0.00625 0.009375
0 0.57109375 0.4453125 0.0046875 0.0078125
0 0.390625 0.4765625 0.0046875 0.009375
0 0.33203125 0.4859375 0.0046875 0.009375
0 0.26484375 0.49609375 0.00625 0.0109375
0 0.2109375 0.50390625 0.00625 0.009375
0 0.17421875 0.50859375 0.00625 0.009375
0 0.18125 0.50546875 0.0046875 0.0078125
0 0.20078125 0.50234375 0.0046875 0.0078125
0 0.225 0.49765625 0.0046875 0.0078125
0 0.3109375 0.4828125 0.003125 0.00625
0 0.37265625 0.47265625 0.003125 0.00625
0 0.64296875 0.44921875 0.009375 0.0140625
0 0.6625 0.4421875 0.0078125 0.0125
0 0.6765625 0.4375 0.0046875 0.0125
0 0.68515625 0.43359375 0.00625 0.0109375
0 0.703125 0.428125 0.00625 0.009375
0 0.72265625 0.42421875 0.0046875 0.009375
0 0.71796875 0.42109375 0.0046875 0.0078125
0 0.659375 0.43125 0.003125 0.0078125
0 0.61796875 0.4375 0.003125 0.0078125
1 0.64375 0.43203125 0.0046875 0.0078125
0 0.75234375 0.41796875 0.0046875 0.0078125
1 0.73125 0.415625 0.003125 0.00625
1 0.88828125 0.3953125 0.0046875 0.0078125
0 0.878125 0.39609375 0.003125 0.00625
0 0.9125 0.3921875 0.003125 0.00625
0 0.92265625 0.38984375 0.003125 0.00625
0 0.83671875 0.4015625 0.003125 0.00625
1 0.603125 0.434375 0.003125 0.00625
1 0.61484375 0.43671875 0.003125 0.0078125
0 0.74140625 0.42109375 0.0046875 0.0078125
1 0.82890625 0.40859375 0.0046875 0.009375
0 0.5546875 0.4421875 0.003125 0.0046875
0 0.5828125 0.43671875 0.003125 0.0046875
1 0.57421875 0.4390625 0.003125 0.00625
0 0.60625 0.43359375 0.003125 0.0046875
0 0.625 0.43046875 0.003125 0.0046875
1 0.628125 0.43046875 0.003125 0.00625
1 0.64765625 0.42734375 0.003125 0.0046875
1 0.6640625 0.425 0.003125 0.0046875
1 0.68203125 0.42265625 0.003125 0.0046875
0 0.6859375 0.42578125 0.003125 0.0078125
0 0.70625 0.41796875 0.003125 0.0046875
0 0.70234375 0.41875 0.003125 0.00625
0 0.72265625 0.41484375 0.003125 0.0046875
1 0.72734375 0.41640625 0.003125 0.00625
0 0.740625 0.41328125 0.003125 0.0046875
0 0.746875 0.41875 0.003125 0.0078125
0 0.7578125 0.4109375 0.003125 0.0046875
0 0.76640625 0.41171875 0.003125 0.0046875
1 0.78359375 0.409375 0.0046875 0.0078125
0 0.8015625 0.40625 0.003125 0.00625
1 0.8296875 0.403125 0.0046875 0.0078125
1 0.5203125 0.44765625 0.0015625 0.00625
1 0.52734375 0.44609375 0.003125 0.0046875
0 0.42421875 0.4640625 0.003125 0.00625
0 0.4625 0.45625 0.003125 0.0046875
0 0.46015625 0.465625 0.00625 0.0078125
0 0.6609375 0.42421875 0.003125 0.0046875