0 0.15234375 0.60234375 0.0859375 0.109375
0 0.51015625 0.5296875 0.0265625 0.040625
0 0.9125 0.52890625 0.0078125 0.0109375
0 0.88359375 0.5265625 0.0078125 0.0125
0 0.86796875 0.52578125 0.0078125 0.0125
0 0.84375 0.5234375 0.009375 0.0140625
0 0.8171875 0.52109375 0.0109375 0.0140625
0 0.7640625 0.51484375 0.0109375 0.015625
0 0.734375 0.515625 0.0125 0.0171875
0 0.6859375 0.51484375 0.0109375 0.0203125
0 0.609375 0.51640625 0.0171875 0.028125
1 0.91640625 0.54921875 0.0140625 0.01875
1 0.903125 0.55234375 0.0171875 0.021875
1 0.8765625 0.56015625 0.0203125 0.028125
1 0.84765625 0.5828125 0.0296875 0.040625
1 0.859375 0.63046875 0.05 0.0640625
0 0.421875 0.44609375 0.0046875 0.0078125
0 0.425 0.44453125 0.0046875 0.0078125
0 0.43515625 0.44609375 0.003125 0.0078125
0 0.45 0.4484375 0.003125 0.00625
0 0.44765625 0.45078125 0.00625 0.009375
0 0.46875 0.45234375 0.0046875 0.0078125
1 0.475 0.45234375 0.0046875 0.009375
1 0.4875 0.45625 0.0046875 0.009375
0 0.48515625 0.4578125 0.0046875 0.0078125
1 0.5 0.45703125 0.0046875 0.0078125
0 0.5140625 0.45703125 0.003125 0.00625
1 0.52578125 0.4609375 0.0046875 0.0078125
1 0.53125 0.46328125 0.0046875 0.0078125
0 0.53671875 0.465625 0.0046875 0.0078125
0 0.56484375 0.465625 0.003125 0.00625
1 0.57890625 0.46796875 0.003125 0.0078125
0 0.584375 0.4734375 0.00625 0.009375
1 0.6015625 0.475 0.0046875 0.0078125
0 0.61015625 0.47265625 0.003125 0.00625
1 0.628125 0.47578125 0.0046875 0.00625
0 0.646875 0.47734375 0.003125 0.0046875
1 0.6484375 0.48359375 0.0046875 0.0078125
0 0.64453125 0.48359375 0.00625 0.009375
1 0.665625 0.48203125 0.003125 0.00625
0 0.68359375 0.48359375 0.003125 0.00625
1 0.70625 0.49375 0.0046875 0.0078125
0 0.71328125 0.4953125 0.0046875 0.0078125
1 0.73203125 0.49296875 0.003125 0.00625
0 0.7453125 0.49375 0.003125 0.00625
0 0.75546875 0.50078125 0.0046875 0.0078125
1 0.7578125 0.5 0.0046875 0.0078125
1 0.76796875 0.49765625 0.003125 0.00625
0 0.77734375 0.49921875 0.003125 0.00625
1 0.80234375 0.50234375 0.003125 0.00625
0 0.80703125 0.50390625 0.003125 0.0046875
1 0.8078125 0.50703125 0.00625 0.009375
0 0.81015625 0.509375 0.00625 0.009375
0 0.8328125 0.5078125 0.003125 0.0046875
1 0.8359375 0.50859375 0.0046875 0.00625
1 0.84609375 0.51328125 0.0046875 0.0078125
0 0.8578125 0.51171875 0.003125 0.0046875
1 0.8625 0.5125 0.003125 0.00625
0 0.8640625 0.5171875 0.00625 0.009375
0 0.88203125 0.51484375 0.003125 0.0046875
1 0.8859375 0.515625 0.0046875 0.00625
0 0.90078125 0.52265625 0.00625 0.009375
1 0.91171875 0.51953125 0.003125 0.00625
1 0.909375 0.5234375 0.0046875 0.0078125
0 0.91484375 0.5203125 0.003125 0.0046875
1 0.70703125 0.48828125 0.0046875 0.00625
0 0.7140625 0.48984375 0.003125 0.00625