1 0.24765625 0.2375 0.0140625 0.0234375
1 0.41484375 0.21796875 0.0140625 0.0234375
1 0.59921875 0.2 0.0125 0.0265625
1 0.73125 0.1828125 0.009375 0.0234375
0 0.16015625 0.2390625 0.0109375 0.0203125
0 0.2984375 0.221875 0.0109375 0.0203125
0 0.5203125 0.19609375 0.0109375 0.0203125
0 0.6234375 0.184375 0.0078125 0.01875
0 0.70625 0.17421875 0.0078125 0.0171875
0 0.4515625 0.18515625 0.0046875 0.0109375
0 0.46328125 0.184375 0.0046875 0.0109375
0 0.48984375 0.1828125 0.0046875 0.0109375
0 0.48515625 0.17734375 0.003125 0.0078125
0 0.465625 0.18203125 0.003125 0.009375
0 0.4953125 0.1765625 0.0046875 0.0078125
0 0.4890625 0.17734375 0.003125 0.0078125
0 0.50234375 0.17734375 0.0046875 0.0078125
0 0.50703125 0.1765625 0.003125 0.0078125
0 0.52890625 0.17265625 0.003125 0.0078125
0 0.53203125 0.175 0.003125 0.0078125
1 0.52265625 0.17578125 0.0046875 0.0125
1 0.53515625 0.17421875 0.003125 0.0125
1 0.54140625 0.17578125 0.0046875 0.0125
1 0.5390625 0.17265625 0.003125 0.0078125
1 0.55234375 0.171875 0.003125 0.009375
0 0.55859375 0.17578125 0.0046875 0.0125
1 0.59921875 0.16796875 0.0046875 0.009375
0 0.6296875 0.16953125 0.0046875 0.0125
1 0.66015625 0.16328125 0.0046875 0.0125
0 0.70390625 0.16171875 0.0046875 0.0125
0 0.7640625 0.16328125 0.00625 0.015625
0 0.76171875 0.15546875 0.0046875 0.0125
0 0.78046875 0.15703125 0.00625 0.0140625