0 0.37109375 0.7078125 0.1046875 0.1828125
0 0.78828125 0.51328125 0.05625 0.0953125
0 0.9015625 0.3453125 0.0140625 0.0234375
0 0.7171875 0.35546875 0.0140625 0.0234375
0 0.534375 0.36328125 0.0140625 0.025
0 0.3953125 0.36953125 0.0125 0.025
0 0.20078125 0.37578125 0.015625 0.0234375
0 0.14375 0.346875 0.00625 0.009375
0 0.07734375 0.37578125 0.015625 0.021875
0 0.0890625 0.35 0.00625 0.0109375
0 0.19375 0.34375 0.0046875 0.0078125
0 0.86796875 0.31171875 0.003125 0.00625
0 0.8109375 0.3140625 0.0046875 0.00625
0 0.7484375 0.31796875 0.0046875 0.0078125
0 0.6890625 0.3203125 0.003125 0.0078125
0 0.63359375 0.32265625 0.003125 0.0078125
0 0.56484375 0.3265625 0.003125 0.0078125
1 0.771875 0.33828125 0.0109375 0.0171875
1 0.8796875 0.33359375 0.009375 0.01875
1 0.84921875 0.3140625 0.0046875 0.0078125
1 0.625 0.34453125 0.0078125 0.0171875
1 0.5796875 0.32734375 0.0046875 0.009375
1 0.47734375 0.353125 0.0078125 0.0171875
1 0.50625 0.3296875 0.0046875 0.009375
1 0.33203125 0.359375 0.0078125 0.0171875
1 0.4125 0.33515625 0.0046875 0.009375
1 0.2421875 0.36015625 0.0109375 0.0171875
1 0.18515625 0.346875 0.00625 0.0109375
1 0.13203125 0.359375 0.009375 0.0140625
1 0.1203125 0.353125 0.0078125 0.0125
1 0.0953125 0.35703125 0.0078125 0.0140625
1 0.3078125 0.34140625 0.00625 0.009375
1 0.6578125 0.32421875 0.0046875 0.009375