1 0.2125 0.65546875 0.125 0.2046875
1 0.10546875 0.209375 0.0109375 0.0203125
1 0.1953125 0.20546875 0.009375 0.0171875
1 0.31796875 0.19921875 0.0078125 0.0171875
0 0.41640625 0.18984375 0.009375 0.0140625
0 0.7140625 0.178125 0.00625 0.0140625
1 0.49375 0.19140625 0.0078125 0.0171875
1 0.61328125 0.18828125 0.009375 0.0171875
1 0.709375 0.18359375 0.0078125 0.0171875
1 0.4171875 0.19453125 0.0078125 0.0171875
0 0.125 0.2046875 0.0109375 0.0140625
0 0.225 0.2 0.0078125 0.0140625
0 0.33125 0.19453125 0.0078125 0.0140625
0 0.50390625 0.1859375 0.00625 0.0140625
0 0.57265625 0.18359375 0.0078125 0.0140625
0 0.64375 0.18046875 0.0078125 0.0140625
0 0.55859375 0.178125 0.0046875 0.009375
0 0.515625 0.17890625 0.003125 0.009375
0 0.51328125 0.178125 0.003125 0.009375
0 0.5296875 0.17890625 0.003125 0.009375
0 0.54453125 0.17734375 0.003125 0.0078125
0 0.59453125 0.1765625 0.003125 0.0109375
1 0.5671875 0.1765625 0.0046875 0.0109375
1 0.56953125 0.1765625 0.003125 0.009375
1 0.60078125 0.175 0.0046875 0.009375
1 0.65625 0.175 0.0046875 0.0125
1 0.64609375 0.17421875 0.003125 0.009375
0 0.64921875 0.17578125 0.0046875 0.0109375
0 0.63984375 0.175 0.003125 0.0078125
0 0.6953125 0.17265625 0.003125 0.009375
0 0.73515625 0.17265625 0.0046875 0.0125
1 0.684375 0.1734375 0.0046875 0.009375
1 0.70546875 0.17421875 0.00625 0.0109375
1 0.771875 0.16953125 0.0046875 0.0109375
1 0.7890625 0.17109375 0.0046875 0.0140625
0 0.78359375 0.175 0.00625 0.015625
0 0.778125 0.16953125 0.003125 0.0078125