0 0.51640625 0.521875 0.053125 0.0953125
0 0.44296875 0.378125 0.0140625 0.028125
0 0.65 0.37265625 0.0125 0.0265625
0 0.7765625 0.3703125 0.0140625 0.025
0 0.82578125 0.47265625 0.046875 0.06875
0 0.92109375 0.3765625 0.01875 0.03125
0 0.20703125 0.3828125 0.0171875 0.0296875
0 0.14453125 0.3359375 0.00625 0.009375
0 0.2625 0.33671875 0.0046875 0.009375
1 0.83515625 0.35546875 0.0109375 0.0203125
1 0.67109375 0.35625 0.009375 0.01875
1 0.5640625 0.3578125 0.0109375 0.0171875
1 0.10859375 0.33984375 0.0078125 0.0109375
1 0.36015625 0.33515625 0.003125 0.0109375