0 0.69453125 0.32265625 0.05 0.075
0 0.57734375 0.26171875 0.028125 0.040625
0 0.50625 0.2484375 0.0203125 0.0296875
0 0.4453125 0.2453125 0.015625 0.0234375
0 0.0625 0.33046875 0.0203125 0.028125
0 0.228125 0.28984375 0.015625 0.021875
0 0.3078125 0.2640625 0.0109375 0.0171875
1 0.1078125 0.30390625 0.015625 0.021875
1 0.2109375 0.27890625 0.0125 0.01875
1 0.36875 0.2328125 0.0078125 0.0125
1 0.4078125 0.22109375 0.00625 0.009375
0 0.3953125 0.23203125 0.009375 0.0140625
0 0.40703125 0.2359375 0.009375 0.015625
0 0.4140625 0.24140625 0.0125 0.01875
0 0.4359375 0.225 0.009375 0.0140625
0 0.47578125 0.21328125 0.0078125 0.0140625
0 0.48359375 0.20390625 0.00625 0.0109375
0 0.44296875 0.2171875 0.00625 0.0109375
0 0.46875 0.20859375 0.00625 0.0109375
0 0.4984375 0.20625 0.00625 0.0109375
0 0.515625 0.2015625 0.00625 0.0109375
1 0.59140625 0.215625 0.0140625 0.0234375
1 0.65390625 0.2140625 0.01875 0.0296875
1 0.53203125 0.21796875 0.0125 0.01875
1 0.83828125 0.2078125 0.0359375 0.04375
1 0.51171875 0.21640625 0.0109375 0.015625
1 0.54375 0.20234375 0.009375 0.0140625
1 0.5578125 0.19609375 0.00625 0.0125
1 0.571875 0.18984375 0.00625 0.0109375
0 0.34765625 0.5203125 0.084375 0.1265625
1 0.30625 0.25078125 0.009375 0.015625
1 0.41171875 0.2203125 0.0046875 0.009375
0 0.44609375 0.215625 0.00625 0.0109375
1 0.4359375 0.21328125 0.00625 0.0078125
1 0.5296875 0.20859375 0.0109375 0.015625
0 0.53515625 0.19609375 0.00625 0.009375
1 0.33515625 0.2046875 0.00625 0.0109375
1 0.33125 0.20703125 0.0078125 0.0109375