0 0.753125 0.390625 0.0546875 0.1015625
0 0.8625 0.29609375 0.0359375 0.059375
0 0.86875 0.24609375 0.025 0.0390625
0 0.88984375 0.225 0.01875 0.0296875
0 0.93125 0.2140625 0.0171875 0.025
0 0.7359375 0.196875 0.0125 0.0234375
1 0.79921875 0.18515625 0.0109375 0.0171875
0 0.609375 0.18828125 0.0125 0.0234375
1 0.65546875 0.1765625 0.0109375 0.0171875
1 0.55703125 0.1671875 0.009375 0.0171875
1 0.48359375 0.15546875 0.009375 0.0171875
0 0.4734375 0.17109375 0.0109375 0.0234375
0 0.403125 0.15859375 0.009375 0.021875
1 0.41484375 0.146875 0.0078125 0.0171875
1 0.3203125 0.13515625 0.0078125 0.01875
0 0.29765625 0.1421875 0.009375 0.01875
0 0.17109375 0.13046875 0.0109375 0.0234375
1 0.19609375 0.1234375 0.009375 0.01875
1 0.9359375 0.19375 0.0140625 0.0171875
0 0.9453125 0.20546875 0.0140625 0.021875
1 0.92734375 0.14375 0.00625 0.0140625
1 0.934375 0.1421875 0.00625 0.0140625
1 0.9390625 0.140625 0.003125 0.015625