1 0.92265625 0.51640625 0.0671875 0.084375
1 0.871875 0.45703125 0.0375 0.046875
0 0.26484375 0.68984375 0.065625 0.0953125
0 0.50234375 0.53125 0.03125 0.0421875
0 0.59296875 0.48203125 0.01875 0.028125
0 0.70234375 0.4421875 0.015625 0.0234375
0 0.84375 0.40625 0.015625 0.0203125
0 0.82578125 0.38359375 0.0046875 0.0078125
0 0.83046875 0.38203125 0.003125 0.0046875
0 0.84453125 0.37890625 0.003125 0.0046875
0 0.8546875 0.37734375 0.0046875 0.00625
0 0.86640625 0.3734375 0.003125 0.0046875
1 0.88671875 0.3703125 0.0046875 0.0078125
1 0.8984375 0.3671875 0.0046875 0.0078125
1 0.9109375 0.36640625 0.0046875 0.0078125
0 0.90390625 0.36796875 0.00625 0.009375