0 0.753125 0.5171875 0.08125 0.1296875
0 0.86484375 0.2921875 0.021875 0.0296875
0 0.66640625 0.2765625 0.015625 0.0265625
1 0.77578125 0.26328125 0.0140625 0.0234375
1 0.65078125 0.25234375 0.00625 0.0171875
1 0.578125 0.23984375 0.009375 0.0171875
1 0.5125 0.23125 0.0078125 0.015625
1 0.434375 0.225 0.0046875 0.0140625
1 0.3359375 0.21796875 0.00625 0.0140625
1 0.115625 0.209375 0.0109375 0.015625
1 0.2375 0.2140625 0.00625 0.0140625
0 0.1921875 0.21953125 0.0109375 0.01875
0 0.2953125 0.225 0.0078125 0.015625
0 0.39296875 0.23125 0.0078125 0.0140625
0 0.46875 0.2421875 0.0078125 0.0171875
0 0.52265625 0.2546875 0.0109375 0.021875