0 0.41015625 0.5703125 0.0375 0.0546875
0 0.590625 0.4703125 0.025 0.0328125
0 0.67109375 0.43046875 0.0171875 0.025
0 0.74921875 0.39921875 0.0140625 0.01875
0 0.80546875 0.378125 0.0140625 0.01875
0 0.84140625 0.3640625 0.0125 0.0171875
0 0.90703125 0.34375 0.009375 0.0140625
1 0.88984375 0.3953125 0.028125 0.0359375
1 0.8703125 0.428125 0.040625 0.05
1 0.88125 0.49921875 0.0703125 0.0875
1 0.7875 0.36640625 0.00625 0.009375
1 0.721875 0.38515625 0.00625 0.009375
1 0.703125 0.38671875 0.003125 0.00625
1 0.67421875 0.39765625 0.00625 0.0078125
1 0.60390625 0.41640625 0.00625 0.0078125
1 0.575 0.42265625 0.003125 0.00625
1 0.54453125 0.43125 0.0046875 0.00625
1 0.65234375 0.4 0.003125 0.00625
1 0.74609375 0.3734375 0.003125 0.00625
1 0.84921875 0.34765625 0.00625 0.0078125
1 0.86875 0.3390625 0.0046875 0.0078125
0 0.7953125 0.36484375 0.00625 0.009375
0 0.6375 0.403125 0.003125 0.00625
0 0.68515625 0.38984375 0.003125 0.0046875
0 0.65546875 0.403125 0.0046875 0.0078125
0 0.5875 0.41796875 0.003125 0.00625
0 0.51328125 0.4390625 0.003125 0.00625
0 0.528125 0.43515625 0.003125 0.0046875
0 0.525 0.4375 0.003125 0.00625
0 0.5015625 0.44375 0.003125 0.00625
0 0.50390625 0.4421875 0.003125 0.00625
0 0.56015625 0.428125 0.0046875 0.0078125
0 0.71796875 0.38671875 0.00625 0.0078125
0 0.725 0.37890625 0.003125 0.0046875
1 0.825 0.35078125 0.003125 0.00625
1 0.59921875 0.41640625 0.0046875 0.00625
0 0.60859375 0.415625 0.00625 0.0078125
0 0.8453125 0.35078125 0.00625 0.009375
1 0.55078125 0.4296875 0.003125 0.0046875
1 0.56328125 0.42734375 0.003125 0.00625
0 0.76796875 0.3671875 0.003125 0.0046875
0 0.803125 0.35703125 0.003125 0.0046875
0 0.884375 0.334375 0.003125 0.00625