1 0.68359375 0.16875 0.0109375 0.021875
1 0.5390625 0.1890625 0.009375 0.01875
0 0.71328125 0.15390625 0.009375 0.01875
0 0.5984375 0.17109375 0.0078125 0.015625
0 0.5921875 0.16328125 0.0078125 0.0125
0 0.50234375 0.1859375 0.0078125 0.0140625
0 0.49296875 0.18125 0.0078125 0.0125
0 0.45546875 0.1921875 0.0078125 0.0125
1 0.43359375 0.2046875 0.0078125 0.0140625
1 0.38046875 0.21328125 0.0078125 0.0125
1 0.37421875 0.20546875 0.00625 0.0109375
1 0.3421875 0.215625 0.00625 0.0125
1 0.87734375 0.140625 0.01875 0.0296875
0 0.825 0.1375 0.0125 0.0203125
0 0.54296875 0.171875 0.00625 0.0140625
0 0.6375 0.15625 0.00625 0.0125
1 0.603125 0.159375 0.00625 0.0125
1 0.6546875 0.15 0.00625 0.0125
1 0.19375 0.2390625 0.009375 0.0140625
1 0.265625 0.22265625 0.00625 0.0109375
0 0.22578125 0.2296875 0.00625 0.009375
1 0.0953125 0.259375 0.00625 0.009375
0 0.121875 0.2515625 0.00625 0.009375
0 0.16953125 0.24296875 0.00625 0.0109375
0 0.23515625 0.2265625 0.0046875 0.0078125
0 0.240625 0.225 0.0046875 0.00625
0 0.25390625 0.221875 0.003125 0.0078125
0 0.27265625 0.21953125 0.0046875 0.009375
0 0.278125 0.21640625 0.003125 0.0078125
0 0.2828125 0.21640625 0.0046875 0.0078125
1 0.28984375 0.2140625 0.0046875 0.009375
1 0.3 0.21171875 0.0046875 0.0078125
1 0.31484375 0.20859375 0.0046875 0.009375
1 0.3265625 0.20859375 0.00625 0.0125
0 0.31015625 0.2109375 0.0046875 0.009375
0 0.31796875 0.20859375 0.003125 0.0078125
0 0.33046875 0.20859375 0.0046875 0.009375
1 0.36484375 0.20078125 0.0046875 0.009375
1 0.37734375 0.1984375 0.0046875 0.0109375
1 0.38828125 0.19609375 0.003125 0.009375
1 0.39453125 0.19609375 0.0046875 0.0109375
1 0.3984375 0.19296875 0.0046875 0.009375
1 0.41171875 0.19453125 0.00625 0.0125
1 0.44375 0.184375 0.0046875 0.0078125
1 0.471875 0.17890625 0.0046875 0.0078125
1 0.4828125 0.18125 0.00625 0.0125
1 0.53984375 0.17109375 0.00625 0.0125
0 0.7015625 0.14453125 0.0078125 0.0140625
1 0.7171875 0.140625 0.00625 0.0125
1 0.04296875 0.26796875 0.00625 0.009375
0 0.08125 0.259375 0.00625 0.0078125