0 0.56328125 0.565625 0.0765625 0.1140625
0 0.93046875 0.4234375 0.0109375 0.01875
0 0.80390625 0.3953125 0.0078125 0.0140625
0 0.74765625 0.38046875 0.00625 0.0125
1 0.921875 0.41640625 0.0078125 0.0125
1 0.8390625 0.3984375 0.00625 0.0125
1 0.8296875 0.38984375 0.0046875 0.0078125
1 0.79453125 0.38828125 0.0046875 0.0078125
1 0.78828125 0.384375 0.003125 0.0078125
1 0.8109375 0.3875 0.003125 0.0078125
0 0.7140625 0.36953125 0.0046875 0.009375
0 0.71015625 0.36640625 0.003125 0.009375
1 0.8828125 0.39765625 0.003125 0.0078125
0 0.92265625 0.40546875 0.003125 0.00625
0 0.88671875 0.39765625 0.0015625 0.00625
1 0.93671875 0.409375 0.0046875 0.00625