0 0.36875 0.53828125 0.0265625 0.04375
0 0.43671875 0.490625 0.0125 0.0234375
0 0.4578125 0.4765625 0.009375 0.015625
0 0.48046875 0.46796875 0.0078125 0.0125
0 0.49140625 0.46171875 0.0046875 0.0109375
0 0.4953125 0.45859375 0.003125 0.009375
0 0.5015625 0.45703125 0.0046875 0.0078125
0 0.50703125 0.4546875 0.003125 0.00625
0 0.521875 0.45390625 0.003125 0.0078125
0 0.54921875 0.453125 0.003125 0.00625
0 0.58046875 0.45390625 0.003125 0.00625
0 0.609375 0.45546875 0.003125 0.00625
0 0.64609375 0.45546875 0.003125 0.00625
0 0.6890625 0.45703125 0.003125 0.00625
0 0.725 0.459375 0.0046875 0.0078125
0 0.7578125 0.4609375 0.0046875 0.0078125
0 0.7921875 0.4625 0.0046875 0.0078125
0 0.83203125 0.465625 0.0046875 0.0078125
0 0.88046875 0.46640625 0.0046875 0.0078125
0 0.9140625 0.4640625 0.0046875 0.0078125
0 0.92421875 0.4640625 0.003125 0.0078125
1 0.68046875 0.5453125 0.0265625 0.04375
1 0.6046875 0.4953125 0.0140625 0.0234375
1 0.584375 0.48046875 0.009375 0.0171875
1 0.5703125 0.46953125 0.00625 0.0140625
1 0.56015625 0.4640625 0.0046875 0.0109375
1 0.55390625 0.45859375 0.0046875 0.009375
1 0.57265625 0.4546875 0.0046875 0.0078125
1 0.60234375 0.4546875 0.003125 0.0078125
1 0.77265625 0.46328125 0.0046875 0.0078125
1 0.81953125 0.465625 0.00625 0.009375
1 0.9265625 0.4703125 0.0078125 0.0109375
1 0.68984375 0.46015625 0.0046875 0.00625
1 0.64296875 0.45703125 0.0046875 0.0078125
1 0.7265625 0.4609375 0.0046875 0.009375