0 0.40625 0.5140625 0.021875 0.0375
0 0.46953125 0.48046875 0.0125 0.0234375
0 0.4984375 0.4671875 0.009375 0.015625
0 0.5109375 0.4609375 0.00625 0.0125
0 0.528125 0.45703125 0.00625 0.0109375
0 0.5375 0.4546875 0.0046875 0.009375
1 0.5984375 0.46328125 0.0046875 0.009375
1 0.60390625 0.46953125 0.0078125 0.0109375
1 0.61015625 0.4765625 0.0078125 0.015625
1 0.62890625 0.49453125 0.0125 0.0234375
1 0.6703125 0.53828125 0.0234375 0.0390625
0 0.5421875 0.4515625 0.003125 0.0078125
0 0.54765625 0.45078125 0.003125 0.0078125
0 0.55234375 0.45 0.003125 0.00625
1 0.59453125 0.45859375 0.0046875 0.0078125
0 0.565625 0.45 0.003125 0.00625
0 0.590625 0.45078125 0.003125 0.00625
1 0.59140625 0.45625 0.003125 0.00625
1 0.61171875 0.453125 0.003125 0.00625
1 0.63828125 0.45546875 0.003125 0.0046875
0 0.6203125 0.453125 0.003125 0.0046875
0 0.64609375 0.45546875 0.003125 0.0046875
0 0.67890625 0.45859375 0.003125 0.0046875
0 0.71875 0.4625 0.003125 0.0046875
0 0.7515625 0.46640625 0.003125 0.00625
0 0.78046875 0.46875 0.0046875 0.00625
0 0.81171875 0.47265625 0.0046875 0.0078125
0 0.8453125 0.47421875 0.0046875 0.0078125
0 0.88828125 0.47890625 0.0046875 0.0078125
1 0.91953125 0.484375 0.0078125 0.009375
1 0.82578125 0.475 0.0046875 0.0078125
1 0.7875 0.4703125 0.003125 0.0078125
1 0.74765625 0.465625 0.003125 0.00625
1 0.71640625 0.46328125 0.003125 0.00625
1 0.675 0.45859375 0.003125 0.00625
1 0.59375 0.453125 0.003125 0.00625