0 0.35078125 0.61484375 0.0484375 0.0703125
0 0.31796875 0.53671875 0.021875 0.0296875
0 0.30078125 0.51484375 0.0125 0.01875
0 0.29296875 0.50546875 0.0078125 0.0125
1 0.65 0.50625 0.028125 0.04375
1 0.46484375 0.4890625 0.0140625 0.021875
1 0.40546875 0.4859375 0.009375 0.015625
1 0.38203125 0.48359375 0.0078125 0.0125
0 0.28984375 0.49921875 0.0046875 0.0109375
0 0.28671875 0.4953125 0.0046875 0.009375
0 0.29140625 0.484375 0.003125 0.0046875
0 0.3046875 0.48125 0.0015625 0.0046875
0 0.31796875 0.4765625 0.003125 0.0046875
0 0.446875 0.45078125 0.0015625 0.0046875
0 0.475 0.4453125 0.0015625 0.0046875
0 0.4984375 0.440625 0.0015625 0.0046875
0 0.52578125 0.43671875 0.0015625 0.0046875
0 0.58984375 0.42578125 0.0015625 0.0046875
0 0.61015625 0.421875 0.003125 0.0046875
0 0.63125 0.41875 0.003125 0.00625
0 0.65546875 0.41484375 0.003125 0.0046875
0 0.659375 0.4140625 0.0015625 0.0046875
0 0.665625 0.41171875 0.0015625 0.0046875
0 0.69375 0.4078125 0.003125 0.0046875
0 0.7140625 0.4046875 0.003125 0.00625
0 0.71875 0.4046875 0.003125 0.00625
0 0.721875 0.403125 0.0015625 0.0046875
0 0.74453125 0.4 0.003125 0.0046875
0 0.7671875 0.396875 0.0046875 0.00625
0 0.7859375 0.39375 0.003125 0.00625
0 0.7984375 0.390625 0.0046875 0.0078125
0 0.81328125 0.38828125 0.0046875 0.0078125
0 0.82265625 0.38671875 0.003125 0.0078125
0 0.87109375 0.37890625 0.0015625 0.00625
0 0.92109375 0.36953125 0.0015625 0.0046875
1 0.903125 0.3734375 0.0046875 0.00625
1 0.89296875 0.37421875 0.0046875 0.009375
1 0.88984375 0.37578125 0.0046875 0.0078125
1 0.8765625 0.378125 0.0046875 0.0078125
1 0.84453125 0.38359375 0.003125 0.0078125
1 0.81953125 0.3890625 0.0046875 0.0078125
1 0.8015625 0.38984375 0.003125 0.00625
1 0.77109375 0.396875 0.0046875 0.0078125
1 0.7546875 0.39765625 0.0015625 0.0046875
1 0.72578125 0.40546875 0.003125 0.0078125
1 0.71015625 0.40546875 0.0015625 0.00625
1 0.7046875 0.40546875 0.003125 0.0046875
1 0.69765625 0.409375 0.003125 0.0078125
1 0.68828125 0.40859375 0.003125 0.0046875
1 0.678125 0.41015625 0.003125 0.0046875
1 0.67109375 0.41328125 0.003125 0.0078125
1 0.6359375 0.41953125 0.003125 0.00625
0 0.57421875 0.42890625 0.003125 0.0046875
1 0.60234375 0.425 0.003125 0.00625
1 0.53046875 0.43671875 0.003125 0.00625
1 0.5078125 0.440625 0.0015625 0.0046875
1 0.4796875 0.4453125 0.0015625 0.0046875
1 0.4609375 0.4484375 0.003125 0.00625
1 0.440625 0.453125 0.003125 0.0046875
1 0.3953125 0.46171875 0.003125 0.00625
1 0.36875 0.4828125 0.00625 0.009375
1 0.3578125 0.48203125 0.0046875 0.009375
1 0.34765625 0.48125 0.00625 0.009375
1 0.3390625 0.4796875 0.0046875 0.0078125
1 0.334375 0.4796875 0.0046875 0.0078125
1 0.33046875 0.478125 0.003125 0.0078125
1 0.33984375 0.4734375 0.0015625 0.00625
1 0.34921875 0.47109375 0.003125 0.00625
1 0.3671875 0.46640625 0.003125 0.00625
1 0.1609375 0.5125 0.003125 0.0109375
1 0.55078125 0.43359375 0.0015625 0.00625
0 0.5484375 0.4328125 0.0015625 0.0046875
0 0.77421875 0.39453125 0.0015625 0.0046875
1 0.41796875 0.4578125 0.0015625 0.0046875
0 0.653125 0.41484375 0.003125 0.0046875
1 0.57421875 0.43046875 0.003125 0.00625