1 0.8859375 0.5078125 0.065625 0.078125
1 0.78125 0.4453125 0.03125 0.0375
1 0.73046875 0.434375 0.0171875 0.025
1 0.63515625 0.440625 0.0109375 0.0171875
1 0.55703125 0.45234375 0.009375 0.015625
1 0.65078125 0.4203125 0.00625 0.0109375
1 0.7265625 0.4015625 0.00625 0.0109375
1 0.59609375 0.43125 0.00625 0.009375
1 0.5640625 0.43984375 0.00625 0.009375
1 0.58046875 0.4328125 0.0046875 0.0078125
1 0.6140625 0.42265625 0.0046875 0.0078125
1 0.49140625 0.46484375 0.0078125 0.0140625
1 0.43125 0.48046875 0.00625 0.0109375
1 0.1734375 0.55703125 0.009375 0.015625
1 0.25390625 0.53203125 0.009375 0.0140625
1 0.309375 0.51484375 0.0078125 0.0109375
1 0.37109375 0.496875 0.0078125 0.0109375
1 0.78125 0.38515625 0.00625 0.0109375
1 0.80703125 0.37734375 0.00625 0.009375
1 0.821875 0.37109375 0.00625 0.009375
1 0.834375 0.365625 0.00625 0.0109375
1 0.853125 0.36015625 0.0046875 0.0078125
1 0.875 0.35390625 0.0046875 0.0078125
0 0.44296875 0.59296875 0.0453125 0.0640625
0 0.51484375 0.51796875 0.028125 0.0375
0 0.5453125 0.48515625 0.0171875 0.028125
0 0.53203125 0.47578125 0.0140625 0.0203125
0 0.4859375 0.478125 0.0109375 0.0171875
0 0.190625 0.5578125 0.0125 0.0171875
0 0.28046875 0.52890625 0.009375 0.0140625
0 0.334375 0.5109375 0.0078125 0.0125
0 0.3796875 0.5 0.009375 0.0140625
0 0.43203125 0.4875 0.009375 0.0140625
0 0.8953125 0.3453125 0.0046875 0.00625
0 0.85859375 0.35625 0.0046875 0.00625
0 0.7515625 0.38828125 0.0046875 0.0078125
0 0.771875 0.38046875 0.0046875 0.0078125
0 0.70703125 0.40234375 0.0046875 0.0078125
0 0.6703125 0.4125 0.00625 0.009375
0 0.63125 0.41953125 0.0046875 0.0078125
0 0.63671875 0.41953125 0.0046875 0.0078125
0 0.64140625 0.415625 0.0046875 0.009375
0 0.65390625 0.4125 0.003125 0.00625
0 0.678125 0.40234375 0.003125 0.0046875
0 0.72890625 0.3953125 0.0046875 0.0078125
0 0.78515625 0.37734375 0.0046875 0.0078125
0 0.66484375 0.409375 0.003125 0.00625
0 0.66796875 0.40703125 0.003125 0.00625
0 0.66953125 0.40390625 0.003125 0.00625
0 0.671875 0.40234375 0.003125 0.0046875
0 0.6546875 0.40546875 0.0015625 0.003125
0 0.64453125 0.40859375 0.0015625 0.0046875
0 0.54453125 0.4359375 0.0015625 0.0046875
0 0.35234375 0.49296875 0.0015625 0.0046875
0 0.31953125 0.50234375 0.0015625 0.0046875
0 0.27265625 0.5171875 0.003125 0.0046875
0 0.2140625 0.534375 0.003125 0.0046875
0 0.1453125 0.55546875 0.0046875 0.00625
0 0.0953125 0.56953125 0.003125 0.0078125
0 0.0765625 0.60234375 0.003125 0.0046875
1 0.1078125 0.56640625 0.0046875 0.0078125
1 0.1640625 0.55078125 0.003125 0.00625
1 0.24765625 0.525 0.003125 0.0078125
1 0.30625 0.5078125 0.003125 0.00625
1 0.34375 0.496875 0.003125 0.00625
1 0.3671875 0.4890625 0.003125 0.0046875
1 0.4359375 0.46796875 0.0015625 0.0046875
1 0.4546875 0.4625 0.0015625 0.0046875
1 0.496875 0.44921875 0.003125 0.0046875
1 0.53515625 0.4390625 0.0015625 0.003125
1 0.553125 0.43359375 0.0015625 0.0046875
1 0.60859375 0.41875 0.0015625 0.0046875
1 0.6203125 0.415625 0.003125 0.0046875
1 0.62421875 0.41875 0.003125 0.0078125
1 0.628125 0.4140625 0.0015625 0.0046875
1 0.63203125 0.4125 0.0015625 0.0046875
1 0.63671875 0.4125 0.003125 0.00625
1 0.59765625 0.4265625 0.003125 0.0078125
1 0.56640625 0.4375 0.0046875 0.0078125
0 0.66328125 0.4046875 0.0015625 0.0046875
0 0.5671875 0.4296875 0.0015625 0.003125
0 0.52421875 0.44140625 0.0015625 0.003125
0 0.50078125 0.44765625 0.0015625 0.003125
0 0.42890625 0.46953125 0.0015625 0.003125
0 0.40625 0.4765625 0.0015625 0.0046875
0 0.384375 0.48359375 0.0015625 0.0046875
0 0.375 0.4859375 0.0015625 0.003125
1 0.3921875 0.48203125 0.0015625 0.0046875
1 0.4796875 0.4546875 0.0015625 0.0046875
1 0.515625 0.44453125 0.0015625 0.003125
1 0.57109375 0.42890625 0.0015625 0.003125
1 0.5890625 0.4234375 0.0015625 0.003125
1 0.5921875 0.42265625 0.0015625 0.003125