0 0.1703125 0.57890625 0.0859375 0.1078125
0 0.4375 0.52578125 0.034375 0.05
0 0.5234375 0.5078125 0.0203125 0.0328125
0 0.56796875 0.50078125 0.0171875 0.025
0 0.5640625 0.4890625 0.0109375 0.01875
0 0.52890625 0.47265625 0.0109375 0.0171875
0 0.48125 0.4578125 0.009375 0.0140625
0 0.43515625 0.446875 0.0078125 0.0125
0 0.39453125 0.43671875 0.009375 0.0140625
0 0.34453125 0.428125 0.009375 0.0125
0 0.26640625 0.415625 0.0109375 0.015625
0 0.16796875 0.4 0.0125 0.0171875
1 0.77109375 0.62578125 0.0484375 0.0640625
1 0.76875 0.56484375 0.025 0.034375
1 0.7484375 0.53984375 0.0171875 0.025
1 0.671875 0.50625 0.0125 0.01875
1 0.603125 0.484375 0.009375 0.0140625
1 0.54296875 0.46640625 0.0078125 0.0140625
1 0.6203125 0.4765625 0.00625 0.009375
1 0.65078125 0.48515625 0.0078125 0.0125
1 0.70390625 0.4984375 0.0078125 0.0125
1 0.7828125 0.5171875 0.009375 0.0140625
1 0.84375 0.53046875 0.009375 0.0125
1 0.86875 0.53359375 0.009375 0.0125
1 0.89453125 0.5375 0.00625 0.009375
1 0.9109375 0.53984375 0.00625 0.009375
1 0.93515625 0.54453125 0.00625 0.0078125
1 0.675 0.48515625 0.0046875 0.0078125
1 0.63984375 0.47890625 0.00625 0.009375
1 0.625 0.47734375 0.00625 0.009375
1 0.6578125 0.4828125 0.00625 0.009375
1 0.48671875 0.453125 0.0078125 0.0125
1 0.43046875 0.44140625 0.0078125 0.0125
1 0.3734375 0.43046875 0.0078125 0.0125
1 0.3234375 0.42109375 0.009375 0.0140625
1 0.2546875 0.40859375 0.009375 0.015625
0 0.69140625 0.49140625 0.00625 0.0078125
0 0.69453125 0.49296875 0.00625 0.0078125
0 0.7015625 0.49296875 0.00625 0.0078125
0 0.715625 0.4953125 0.0046875 0.0078125
0 0.728125 0.50234375 0.00625 0.009375
0 0.734375 0.496875 0.003125 0.0078125
1 0.68828125 0.4875 0.0046875 0.0078125
0 0.7671875 0.51015625 0.00625 0.0109375
0 0.79140625 0.51484375 0.00625 0.009375
0 0.81875 0.51875 0.00625 0.009375
0 0.859375 0.52578125 0.00625 0.0078125
0 0.88671875 0.53125 0.00625 0.0078125
1 0.11328125 0.3734375 0.0046875 0.00625
1 0.146875 0.3796875 0.00625 0.0078125
1 0.165625 0.39375 0.00625 0.0140625
0 0.153125 0.38046875 0.0046875 0.0078125
0 0.18828125 0.38828125 0.0046875 0.00625
1 0.1984375 0.39140625 0.00625 0.0078125
1 0.246875 0.4 0.0046875 0.0078125
0 0.23046875 0.39609375 0.0046875 0.00625
0 0.28984375 0.40625 0.003125 0.0046875
1 0.3203125 0.4125 0.003125 0.00625
0 0.34375 0.4171875 0.003125 0.0046875
1 0.37421875 0.42265625 0.003125 0.0046875
0 0.38671875 0.425 0.003125 0.0046875
1 0.40859375 0.4296875 0.003125 0.00625
1 0.4328125 0.43359375 0.003125 0.00625
0 0.44921875 0.43671875 0.003125 0.0046875
0 0.4703125 0.440625 0.003125 0.0046875
1 0.47890625 0.44296875 0.003125 0.0046875
0 0.49375 0.44453125 0.003125 0.0046875
1 0.49921875 0.44609375 0.003125 0.0046875
1 0.51796875 0.44921875 0.003125 0.0046875
0 0.528125 0.45078125 0.003125 0.0046875
1 0.54453125 0.45390625 0.003125 0.0046875
1 0.56171875 0.4578125 0.0015625 0.003125
1 0.5796875 0.4625 0.003125 0.0046875
0 0.56640625 0.459375 0.003125 0.0046875
0 0.5890625 0.4640625 0.0015625 0.003125
1 0.6 0.46640625 0.003125 0.0046875
1 0.61953125 0.46875 0.003125 0.0046875
1 0.6375 0.4734375 0.003125 0.0046875
0 0.634375 0.471875 0.003125 0.0046875
0 0.65703125 0.4765625 0.003125 0.0046875
0 0.67734375 0.48125 0.003125 0.0046875
1 0.6953125 0.4859375 0.003125 0.0046875
1 0.7 0.48671875 0.003125 0.0046875
1 0.70390625 0.4890625 0.003125 0.0046875
0 0.7140625 0.4890625 0.003125 0.0046875
0 0.74140625 0.49609375 0.003125 0.0046875
0 0.746875 0.49765625 0.003125 0.00625
0 0.72890625 0.496875 0.003125 0.00625
0 0.73671875 0.496875 0.003125 0.00625
0 0.7328125 0.49375 0.003125 0.0046875
0 0.84375 0.5234375 0.0046875 0.0078125
0 0.91796875 0.5375 0.0046875 0.0078125