0 0.43515625 0.53203125 0.0234375 0.0375
0 0.53125 0.49375 0.0140625 0.025
0 0.60703125 0.471875 0.0109375 0.01875
0 0.65625 0.45859375 0.009375 0.015625
0 0.68359375 0.45078125 0.0078125 0.0125
0 0.7328125 0.4421875 0.0078125 0.0125
0 0.75703125 0.4375 0.0078125 0.0125
0 0.778125 0.43359375 0.0078125 0.0109375
1 0.76796875 0.4625 0.0140625 0.0234375
1 0.7328125 0.48984375 0.021875 0.0328125
1 0.725 0.52734375 0.03125 0.05
1 0.79765625 0.45 0.0125 0.0203125
1 0.8109375 0.44296875 0.0109375 0.01875
1 0.88046875 0.43046875 0.0109375 0.015625
1 0.91328125 0.41640625 0.0078125 0.0109375
0 0.86875 0.41640625 0.0046875 0.0078125
0 0.84453125 0.41953125 0.00625 0.009375
0 0.8484375 0.4171875 0.0046875 0.0078125
0 0.7921875 0.4296875 0.00625 0.009375
0 0.8171875 0.42421875 0.00625 0.009375
1 0.76953125 0.640625 0.059375 0.1078125
0 0.1046875 0.6828125 0.0609375 0.0875
0 0.359375 0.4796875 0.003125 0.0078125
0 0.3625 0.478125 0.003125 0.0078125
0 0.37421875 0.47578125 0.003125 0.00625
0 0.3859375 0.47734375 0.003125 0.0078125
0 0.38984375 0.47421875 0.003125 0.0046875
0 0.4234375 0.471875 0.003125 0.0078125
1 0.4078125 0.47265625 0.003125 0.0078125
1 0.4140625 0.47109375 0.0046875 0.0078125
1 0.4265625 0.47109375 0.003125 0.0078125
1 0.43984375 0.46796875 0.003125 0.00625
1 0.465625 0.4640625 0.003125 0.00625
1 0.46875 0.46484375 0.0046875 0.0078125
0 0.45390625 0.46484375 0.003125 0.0046875
0 0.47421875 0.46640625 0.0046875 0.0078125
0 0.52109375 0.46015625 0.0046875 0.0078125
1 0.53828125 0.45703125 0.0046875 0.0078125
1 0.56640625 0.44921875 0.003125 0.0046875
1 0.5828125 0.4515625 0.0046875 0.0078125
0 0.57890625 0.453125 0.0046875 0.0078125
0 0.64296875 0.44453125 0.0046875 0.0078125
1 0.6375 0.44375 0.0046875 0.0078125
1 0.68515625 0.43671875 0.003125 0.0078125
0 0.6828125 0.43828125 0.0046875 0.0078125
1 0.765625 0.4265625 0.0046875 0.0078125
0 0.77890625 0.4265625 0.0046875 0.0078125
0 0.8109375 0.42109375 0.003125 0.0078125
1 0.8203125 0.41953125 0.0046875 0.0078125
1 0.88125 0.425 0.0078125 0.0125
1 0.88671875 0.42109375 0.00625 0.0109375
0 0.884375 0.41328125 0.0046875 0.00625
0 0.88125 0.41328125 0.0046875 0.0078125
1 0.92734375 0.40625 0.0046875 0.0078125