0 0.20078125 0.82890625 0.125 0.1515625
0 0.42890625 0.5296875 0.021875 0.0296875
0 0.4546875 0.5015625 0.0171875 0.0234375
0 0.48125 0.48046875 0.0109375 0.015625
0 0.51484375 0.46171875 0.0109375 0.0140625
0 0.54453125 0.4484375 0.009375 0.0125
0 0.584375 0.4328125 0.0078125 0.0109375
0 0.6390625 0.415625 0.009375 0.0140625
0 0.69453125 0.396875 0.009375 0.0125
0 0.75 0.38125 0.009375 0.0125
0 0.825 0.359375 0.009375 0.0125
1 0.8359375 0.3609375 0.009375 0.0140625
1 0.76953125 0.3796875 0.009375 0.0140625
1 0.7140625 0.39609375 0.009375 0.0125
1 0.65234375 0.415625 0.009375 0.0125
1 0.61484375 0.4296875 0.009375 0.0140625
1 0.59921875 0.43828125 0.0109375 0.015625
1 0.59140625 0.4484375 0.0140625 0.01875
1 0.60390625 0.4578125 0.015625 0.0234375
1 0.61953125 0.4734375 0.0234375 0.0328125
1 0.759375 0.534375 0.0609375 0.078125