0 0.4078125 0.565625 0.0328125 0.05625
0 0.5265625 0.509375 0.0140625 0.0296875
0 0.57734375 0.490625 0.0109375 0.021875
0 0.60078125 0.4796875 0.0109375 0.0171875
0 0.64921875 0.475 0.009375 0.015625
0 0.6671875 0.4703125 0.0078125 0.0140625
0 0.6828125 0.4671875 0.00625 0.0125
0 0.69140625 0.465625 0.0046875 0.0109375
0 0.7078125 0.46171875 0.0046875 0.009375
1 0.78125 0.46796875 0.0078125 0.0140625
1 0.7890625 0.471875 0.0078125 0.015625
1 0.80390625 0.478125 0.009375 0.0171875
1 0.79453125 0.46328125 0.0078125 0.0125
1 0.7765625 0.521875 0.021875 0.0375
1 0.75546875 0.48671875 0.0109375 0.0203125
1 0.76328125 0.496875 0.0140625 0.028125
1 0.88125 0.615625 0.0609375 0.08125
0 0.15859375 0.4734375 0.00625 0.0109375
0 0.1671875 0.47109375 0.0046875 0.009375
0 0.1875 0.4703125 0.0046875 0.0078125
0 0.1984375 0.47421875 0.00625 0.0109375
0 0.21328125 0.46875 0.00625 0.009375
0 0.2515625 0.4671875 0.003125 0.0078125
0 0.2546875 0.47265625 0.00625 0.0109375
0 0.30390625 0.4640625 0.0046875 0.0078125
0 0.32578125 0.47109375 0.0046875 0.0125
0 0.3875 0.46953125 0.0046875 0.0125
0 0.36875 0.4625 0.003125 0.0078125
0 0.421875 0.459375 0.003125 0.0078125
0 0.459375 0.4671875 0.0046875 0.0109375
0 0.5328125 0.46328125 0.0046875 0.009375
0 0.5734375 0.4625 0.003125 0.0078125
0 0.62109375 0.459375 0.0046875 0.0078125
0 0.66328125 0.4578125 0.0046875 0.0078125
1 0.2359375 0.4703125 0.00625 0.0109375
1 0.24765625 0.46875 0.0046875 0.009375
1 0.26171875 0.46953125 0.00625 0.0109375
1 0.284375 0.46640625 0.0046875 0.0078125
1 0.31796875 0.465625 0.003125 0.0078125
1 0.3203125 0.46953125 0.00625 0.0109375
1 0.409375 0.46640625 0.00625 0.009375
1 0.43984375 0.46015625 0.003125 0.0078125
1 0.48046875 0.45859375 0.003125 0.0078125
1 0.52421875 0.4625 0.0046875 0.009375
1 0.61640625 0.4578125 0.0046875 0.0078125
1 0.646875 0.45703125 0.0046875 0.0078125
1 0.69296875 0.45625 0.003125 0.0078125
1 0.74140625 0.4546875 0.0046875 0.0078125
1 0.82421875 0.45546875 0.0046875 0.0109375
1 0.81328125 0.4609375 0.0046875 0.0109375
0 0.934375 0.45 0.003125 0.0078125
0 0.93125 0.45 0.0046875 0.0078125
0 0.925 0.4515625 0.0046875 0.0078125
0 0.9140625 0.4515625 0.0046875 0.0078125
0 0.88046875 0.4515625 0.0046875 0.0078125
0 0.803125 0.4515625 0.0046875 0.0078125
0 0.74609375 0.45859375 0.0046875 0.009375
0 0.75625 0.45703125 0.0046875 0.009375
0 0.75078125 0.45625 0.0046875 0.009375
0 0.728125 0.459375 0.0046875 0.0109375
0 0.721875 0.45625 0.0046875 0.0078125
1 0.8921875 0.45234375 0.0046875 0.009375
1 0.83125 0.459375 0.0046875 0.0109375
1 0.83359375 0.45703125 0.0046875 0.0109375
1 0.7828125 0.4546875 0.0046875 0.009375
1 0.78671875 0.45234375 0.003125 0.0078125
0 0.68984375 0.45625 0.003125 0.0078125
1 0.4625 0.4640625 0.003125 0.009375
1 0.38515625 0.4625 0.003125 0.0078125
0 0.46015625 0.4578125 0.003125 0.00625
0 0.49765625 0.4578125 0.003125 0.00625
0 0.5265625 0.45625 0.0015625 0.00625
0 0.55546875 0.4546875 0.003125 0.00625
0 0.5828125 0.4546875 0.0015625 0.0046875
0 0.60625 0.453125 0.003125 0.00625
0 0.6265625 0.453125 0.003125 0.0046875
0 0.64453125 0.45234375 0.0015625 0.0046875
0 0.66171875 0.4515625 0.003125 0.0046875
0 0.70703125 0.45078125 0.003125 0.0046875
0 0.778125 0.45078125 0.003125 0.00625
0 0.76875 0.4515625 0.003125 0.00625
0 0.76640625 0.4515625 0.003125 0.00625
0 0.7640625 0.45078125 0.0015625 0.0046875
0 0.75859375 0.45078125 0.003125 0.0046875
0 0.8390625 0.4515625 0.003125 0.00625
1 0.83203125 0.4515625 0.003125 0.00625
1 0.7328125 0.45078125 0.0015625 0.00625
1 0.734375 0.45078125 0.003125 0.00625
1 0.7203125 0.45078125 0.003125 0.00625
1 0.7296875 0.4515625 0.003125 0.00625
1 0.728125 0.4515625 0.0015625 0.00625
1 0.70390625 0.4515625 0.003125 0.0046875
1 0.66484375 0.4515625 0.003125 0.00625
1 0.6828125 0.4515625 0.0015625 0.0046875
1 0.684375 0.4515625 0.0015625 0.0046875
1 0.64921875 0.453125 0.003125 0.00625
1 0.6296875 0.453125 0.003125 0.00625
1 0.603125 0.45390625 0.003125 0.00625
1 0.575 0.4546875 0.003125 0.00625
1 0.571875 0.459375 0.003125 0.0078125
1 0.54453125 0.45625 0.003125 0.00625
1 0.5203125 0.45703125 0.003125 0.00625
0 0.72421875 0.45 0.003125 0.0046875
1 0.75 0.4515625 0.0015625 0.0046875