1 0.84609375 0.66953125 0.0671875 0.0796875
1 0.778125 0.56875 0.03125 0.0375
1 0.73671875 0.5375 0.01875 0.0265625
1 0.64765625 0.50390625 0.0109375 0.0171875
1 0.571875 0.48125 0.009375 0.015625
1 0.6703125 0.49140625 0.00625 0.0109375
1 0.746875 0.50625 0.00625 0.0109375
1 0.61640625 0.47890625 0.00625 0.009375
1 0.58359375 0.47265625 0.00625 0.009375
1 0.6015625 0.47265625 0.0046875 0.0078125
1 0.6359375 0.47734375 0.0046875 0.0078125
1 0.50703125 0.46484375 0.0078125 0.0140625
1 0.44609375 0.453125 0.00625 0.0109375
1 0.1796875 0.4140625 0.009375 0.015625
1 0.26328125 0.425 0.009375 0.0140625
1 0.3203125 0.4328125 0.0078125 0.0109375
1 0.384375 0.44296875 0.0078125 0.0109375
1 0.80390625 0.51484375 0.00625 0.0109375
1 0.83046875 0.51875 0.00625 0.009375
1 0.84609375 0.51875 0.00625 0.009375
1 0.859375 0.51953125 0.00625 0.0109375
1 0.87890625 0.52265625 0.00625 0.0078125
1 0.9015625 0.52578125 0.00625 0.0078125
0 0.409375 0.56015625 0.046875 0.0640625
0 0.50625 0.52265625 0.028125 0.0375
0 0.54765625 0.50625 0.0171875 0.028125
0 0.53984375 0.49140625 0.0140625 0.0203125
0 0.49609375 0.47421875 0.0109375 0.0171875
0 0.1953125 0.421875 0.0125 0.0171875
0 0.28828125 0.43359375 0.009375 0.0140625
0 0.3453125 0.440625 0.009375 0.0125
0 0.390625 0.44921875 0.009375 0.0140625
0 0.44375 0.459375 0.009375 0.0140625
0 0.9234375 0.52734375 0.0046875 0.00625
0 0.8859375 0.52109375 0.0046875 0.00625
0 0.77578125 0.5046875 0.0046875 0.0078125
0 0.796875 0.50703125 0.0046875 0.0078125
0 0.72890625 0.49921875 0.00625 0.0078125
0 0.690625 0.49296875 0.00625 0.009375
0 0.653125 0.4828125 0.0046875 0.0078125
0 0.6578125 0.48515625 0.00625 0.0078125
0 0.66328125 0.48359375 0.0046875 0.009375
0 0.6765625 0.48515625 0.003125 0.00625
0 0.70234375 0.48671875 0.0046875 0.0046875
0 0.7515625 0.5015625 0.00625 0.0078125
0 0.8109375 0.509375 0.0046875 0.0078125
0 0.68828125 0.4875 0.003125 0.00625
0 0.69140625 0.48671875 0.003125 0.00625
0 0.69453125 0.484375 0.003125 0.00625
0 0.696875 0.48359375 0.003125 0.0046875
0 0.68046875 0.4796875 0.0015625 0.003125
0 0.66953125 0.478125 0.003125 0.0046875
0 0.5671875 0.4609375 0.003125 0.0046875
0 0.36875 0.43125 0.003125 0.0046875
0 0.33515625 0.42578125 0.003125 0.0046875
0 0.28671875 0.41953125 0.003125 0.0046875
0 0.2265625 0.41015625 0.003125 0.0046875
0 0.1546875 0.4 0.0046875 0.00625
0 0.10390625 0.39140625 0.003125 0.0078125
0 0.0734375 0.4140625 0.0046875 0.0046875
1 0.11640625 0.39453125 0.0046875 0.0078125
1 0.17421875 0.40390625 0.003125 0.00625
1 0.26015625 0.415625 0.003125 0.0078125
1 0.32109375 0.425 0.003125 0.00625
1 0.359375 0.43046875 0.003125 0.00625
1 0.384375 0.434375 0.003125 0.0046875
1 0.45546875 0.44375 0.003125 0.0046875
1 0.47421875 0.446875 0.003125 0.0046875
1 0.51875 0.453125 0.003125 0.0046875
1 0.5578125 0.459375 0.0015625 0.003125
1 0.57578125 0.4625 0.003125 0.0046875
1 0.6328125 0.471875 0.003125 0.0046875
1 0.64453125 0.47421875 0.003125 0.0046875
1 0.646875 0.47890625 0.003125 0.0078125
1 0.65234375 0.47578125 0.003125 0.0046875
1 0.65703125 0.4765625 0.003125 0.0046875
1 0.66015625 0.47890625 0.003125 0.00625
1 0.61953125 0.475 0.003125 0.0078125
1 0.58671875 0.47109375 0.0046875 0.0078125
0 0.68828125 0.4828125 0.003125 0.0046875
0 0.590625 0.46484375 0.0015625 0.003125
0 0.546875 0.45703125 0.0015625 0.003125
0 0.52265625 0.453125 0.0015625 0.003125
0 0.4484375 0.4421875 0.0015625 0.003125
0 0.425 0.4390625 0.003125 0.0046875
0 0.40234375 0.43671875 0.003125 0.0046875
0 0.3921875 0.434375 0.0015625 0.003125
1 0.41015625 0.43828125 0.003125 0.0046875
1 0.50078125 0.45078125 0.003125 0.0046875
1 0.5375 0.45625 0.0015625 0.003125
1 0.59453125 0.465625 0.0015625 0.003125
1 0.61328125 0.46875 0.0015625 0.003125
1 0.61640625 0.46875 0.0015625 0.003125