1 0.18125 0.48359375 0.115625 0.171875
1 0.24140625 0.13984375 0.0140625 0.0203125
0 0.2375 0.1328125 0.00625 0.015625
0 0.31484375 0.1421875 0.0109375 0.0171875
0 0.39140625 0.1484375 0.009375 0.0140625
0 0.44296875 0.1515625 0.0078125 0.0140625
0 0.475 0.15390625 0.00625 0.0125
0 0.34609375 0.1375 0.00625 0.0109375
0 0.371875 0.1390625 0.0046875 0.0078125
1 0.3953125 0.1546875 0.0109375 0.01875
1 0.48125 0.159375 0.009375 0.0171875
1 0.53984375 0.16328125 0.0078125 0.015625
0 0.30234375 0.1328125 0.009375 0.0125
0 0.2953125 0.13125 0.00625 0.009375
0 0.3265625 0.134375 0.00625 0.009375
0 0.4015625 0.1421875 0.0046875 0.0078125
0 0.41953125 0.14296875 0.003125 0.00625
0 0.44765625 0.15078125 0.00625 0.0109375
0 0.16171875 0.12421875 0.0125 0.015625
1 0.1421875 0.12734375 0.0171875 0.021875
1 0.45625 0.1484375 0.0046875 0.009375
1 0.46015625 0.1484375 0.0046875 0.009375
1 0.46953125 0.15 0.0046875 0.0078125
1 0.50078125 0.15546875 0.00625 0.0125
1 0.5203125 0.15546875 0.003125 0.00625
1 0.5765625 0.16640625 0.0046875 0.0125
1 0.7171875 0.19375 0.009375 0.0171875
1 0.725 0.18828125 0.0078125 0.0171875
1 0.746875 0.203125 0.0109375 0.0203125
1 0.91328125 0.23203125 0.0140625 0.025
1 0.9609375 0.2140625 0.009375 0.0171875
0 0.94921875 0.21640625 0.009375 0.0171875
0 0.925 0.22109375 0.0140625 0.021875
0 0.88515625 0.21015625 0.009375 0.0171875
0 0.86640625 0.21328125 0.009375 0.0171875
0 0.603125 0.165625 0.003125 0.0078125
0 0.62265625 0.16875 0.003125 0.00625
0 0.640625 0.171875 0.003125 0.00625
1 0.790625 0.1953125 0.0046875 0.0140625
0 0.39609375 0.14296875 0.00625 0.0109375
0 0.484375 0.15546875 0.0046875 0.0109375
1 0.54296875 0.1609375 0.0046875 0.0125
1 0.86640625 0.2046875 0.0078125 0.015625