1 0.7328125 0.78125 0.1546875 0.2203125
1 0.13671875 0.23125 0.0109375 0.0171875
0 0.14296875 0.2265625 0.0078125 0.0109375
0 0.246875 0.2046875 0.0078125 0.0109375
1 0.23203125 0.2140625 0.009375 0.0171875
1 0.36328125 0.1875 0.009375 0.0171875
1 0.471875 0.16796875 0.009375 0.0140625
1 0.55078125 0.1515625 0.00625 0.0109375
1 0.5828125 0.1328125 0.0046875 0.0078125
1 0.58828125 0.1328125 0.0046875 0.0078125
1 0.6296875 0.125 0.0046875 0.0078125
1 0.66796875 0.11875 0.0046875 0.009375
1 0.7859375 0.1140625 0.0109375 0.01875
1 0.80625 0.0953125 0.0078125 0.0109375
1 0.89765625 0.08984375 0.009375 0.0203125
0 0.83125 0.0921875 0.009375 0.015625
0 0.84140625 0.0953125 0.009375 0.0171875
0 0.85 0.08671875 0.00625 0.009375
1 0.85625 0.0859375 0.0078125 0.015625
0 0.76640625 0.10859375 0.0078125 0.0171875
0 0.75859375 0.10546875 0.009375 0.0140625
0 0.675 0.1203125 0.00625 0.0109375
0 0.66171875 0.12109375 0.0046875 0.0109375
1 0.6578125 0.12109375 0.0046875 0.0078125
0 0.61796875 0.13515625 0.0078125 0.0140625
0 0.5984375 0.13125 0.0046875 0.0078125
0 0.5421875 0.1484375 0.009375 0.015625
1 0.6875 0.1328125 0.009375 0.01875