1 0.4390625 0.7265625 0.1390625 0.246875
1 0.10703125 0.4578125 0.0671875 0.1046875
1 0.16484375 0.34140625 0.0375 0.0578125
1 0.38515625 0.265625 0.025 0.040625
1 0.49609375 0.234375 0.0171875 0.0328125
1 0.55625 0.209375 0.015625 0.028125
1 0.52578125 0.20234375 0.0109375 0.0234375
1 0.48984375 0.1921875 0.009375 0.0171875
1 0.4703125 0.18828125 0.0078125 0.0140625
1 0.46015625 0.18671875 0.0078125 0.0140625
0 0.3796875 0.20390625 0.0046875 0.0140625
0 0.378125 0.21328125 0.009375 0.0171875
0 0.36953125 0.2265625 0.0140625 0.0234375
0 0.3140625 0.24609375 0.015625 0.028125
0 0.196875 0.275 0.0203125 0.0328125