1 0.1015625 0.3859375 0.0703125 0.1265625
1 0.2375 0.19453125 0.0265625 0.040625
1 0.34765625 0.196875 0.0203125 0.0328125
1 0.46328125 0.20546875 0.01875 0.028125
0 0.2109375 0.16640625 0.01875 0.0265625
0 0.3609375 0.1796875 0.0140625 0.021875
0 0.5171875 0.1984375 0.0125 0.01875
0 0.6296875 0.2125 0.0109375 0.01875
0 0.75546875 0.2296875 0.0109375 0.01875
0 0.85625 0.24609375 0.0125 0.01875
1 0.82734375 0.25 0.015625 0.025
1 0.5796875 0.21875 0.0140625 0.025
1 0.68046875 0.23046875 0.0140625 0.025
1 0.94921875 0.26796875 0.0171875 0.0234375
0 0.71484375 0.2125 0.00625 0.009375
0 0.73046875 0.2140625 0.0046875 0.0078125
0 0.73359375 0.21484375 0.0046875 0.0078125
0 0.75078125 0.21796875 0.0046875 0.0078125
0 0.7703125 0.221875 0.00625 0.009375
0 0.81796875 0.2296875 0.0046875 0.0078125
0 0.82421875 0.23203125 0.00625 0.0109375
1 0.79140625 0.225 0.00625 0.009375
1 0.7984375 0.22578125 0.00625 0.009375
1 0.840625 0.23359375 0.0078125 0.0125
0 0.884375 0.24140625 0.00625 0.0109375
1 0.9359375 0.2484375 0.0078125 0.0125
0 0.971875 0.2546875 0.00625 0.0109375
0 0.77734375 0.221875 0.0046875 0.0078125