1 0.8859375 0.36953125 0.0125 0.0171875
1 0.81796875 0.3828125 0.009375 0.0140625
1 0.734375 0.4015625 0.0078125 0.0140625
1 0.6640625 0.41796875 0.00625 0.0125
1 0.61484375 0.43203125 0.00625 0.0125
1 0.58359375 0.44375 0.009375 0.0140625
1 0.55390625 0.4625 0.0109375 0.01875
1 0.540625 0.478125 0.015625 0.0234375
1 0.5515625 0.50625 0.021875 0.0359375
1 0.68671875 0.59296875 0.0640625 0.090625
0 0.86328125 0.36875 0.009375 0.0125
0 0.78984375 0.38515625 0.0078125 0.0109375
0 0.6890625 0.4078125 0.00625 0.009375
0 0.6234375 0.425 0.00625 0.009375
0 0.56953125 0.43984375 0.00625 0.009375
0 0.5359375 0.45078125 0.0078125 0.0125
0 0.49375 0.46640625 0.009375 0.0140625
0 0.46171875 0.4796875 0.0109375 0.015625
0 0.4171875 0.50078125 0.0125 0.01875
0 0.29765625 0.5890625 0.03125 0.0453125
0 0.36171875 0.53828125 0.01875 0.028125
0 0.7375 0.39609375 0.0078125 0.0109375