0 0.22265625 0.159375 0.0125 0.0203125
1 0.30078125 0.1734375 0.0140625 0.0234375
0 0.3296875 0.16640625 0.0125 0.0203125
0 0.42734375 0.171875 0.0125 0.0203125
1 0.4625 0.18359375 0.0125 0.0234375
1 0.58515625 0.19140625 0.0125 0.0234375
0 0.60546875 0.18125 0.009375 0.01875
0 0.521875 0.17734375 0.0109375 0.01875
0 0.46953125 0.16015625 0.00625 0.0109375
0 0.45 0.1578125 0.0046875 0.0109375
1 0.14921875 0.16015625 0.0171875 0.025
0 0.4625 0.1578125 0.0046875 0.009375
0 0.4453125 0.15703125 0.0046875 0.0109375
0 0.5046875 0.16015625 0.003125 0.009375
0 0.51796875 0.159375 0.003125 0.0078125
0 0.53046875 0.16484375 0.00625 0.0125
0 0.5515625 0.16171875 0.003125 0.0078125
1 0.565625 0.16328125 0.003125 0.0078125
1 0.571875 0.16640625 0.0046875 0.0125
1 0.58515625 0.16484375 0.003125 0.009375
1 0.590625 0.1640625 0.003125 0.0078125
1 0.5984375 0.165625 0.003125 0.009375
1 0.60390625 0.165625 0.003125 0.0078125
0 0.59453125 0.1703125 0.00625 0.0125
1 0.6265625 0.1671875 0.003125 0.009375
0 0.63203125 0.1671875 0.003125 0.00625
1 0.63515625 0.17109375 0.0046875 0.0125
0 0.66328125 0.175 0.00625 0.0125
0 0.675 0.1828125 0.0078125 0.0171875
1 0.70234375 0.17578125 0.003125 0.0109375
0 0.70859375 0.18046875 0.00625 0.015625
0 0.7140625 0.17890625 0.00625 0.0125
0 0.72109375 0.1796875 0.00625 0.0140625
0 0.7421875 0.1765625 0.003125 0.0046875
1 0.7484375 0.1984375 0.0078125 0.0171875
1 0.8390625 0.1890625 0.00625 0.0171875
1 0.84453125 0.1875 0.00625 0.0140625
1 0.8078125 0.1953125 0.00625 0.015625