0 0.39453125 0.54296875 0.0265625 0.05
0 0.5953125 0.49609375 0.0171875 0.0296875
0 0.68359375 0.48046875 0.0125 0.0234375
0 0.7671875 0.471875 0.009375 0.0171875
0 0.82734375 0.4671875 0.009375 0.0171875
0 0.865625 0.46328125 0.009375 0.015625
0 0.934375 0.4625 0.00625 0.0125
1 0.90390625 0.50703125 0.021875 0.0328125
1 0.87578125 0.5328125 0.0296875 0.04375
1 0.8671875 0.60390625 0.053125 0.0765625
1 0.81328125 0.45078125 0.0046875 0.009375
1 0.74453125 0.45 0.0046875 0.0078125
1 0.7265625 0.446875 0.003125 0.00625
1 0.6953125 0.44921875 0.0046875 0.0078125
1 0.62265625 0.4484375 0.0046875 0.0078125
1 0.59296875 0.44609375 0.003125 0.00625
1 0.56171875 0.44609375 0.003125 0.00625
1 0.6734375 0.44609375 0.003125 0.00625
1 0.77109375 0.44609375 0.003125 0.00625
1 0.87734375 0.44921875 0.0046875 0.0078125
1 0.8984375 0.446875 0.003125 0.0078125
0 0.82109375 0.4515625 0.0046875 0.0078125
0 0.65859375 0.4453125 0.003125 0.00625
0 0.7078125 0.4453125 0.003125 0.0046875
0 0.67578125 0.45 0.003125 0.0078125
0 0.60625 0.44453125 0.003125 0.00625
0 0.5296875 0.4453125 0.003125 0.00625
0 0.54453125 0.4453125 0.003125 0.0046875
0 0.54140625 0.446875 0.003125 0.00625
0 0.5171875 0.44609375 0.003125 0.00625
0 0.51953125 0.4453125 0.003125 0.00625
0 0.57734375 0.44765625 0.003125 0.0078125
0 0.740625 0.45078125 0.0046875 0.0078125
0 0.74921875 0.44609375 0.003125 0.0046875
1 0.853125 0.44609375 0.003125 0.00625
1 0.61796875 0.446875 0.003125 0.00625
0 0.62734375 0.44921875 0.0046875 0.0078125
0 0.87265625 0.4515625 0.0046875 0.009375
1 0.56796875 0.446875 0.003125 0.0046875
1 0.58046875 0.44765625 0.003125 0.00625
0 0.79375 0.446875 0.003125 0.0046875
0 0.83046875 0.44609375 0.003125 0.0046875
0 0.91484375 0.446875 0.003125 0.00625