0 0.2578125 0.61015625 0.053125 0.08125
0 0.40703125 0.50546875 0.0203125 0.03125
0 0.45078125 0.48203125 0.009375 0.0203125
0 0.475 0.4703125 0.0078125 0.0140625
0 0.51015625 0.465625 0.0078125 0.0125
0 0.565625 0.46328125 0.0046875 0.0109375
0 0.62734375 0.46328125 0.0046875 0.0109375
0 0.68125 0.46484375 0.00625 0.0109375
0 0.7578125 0.46875 0.0046875 0.0109375
0 0.86328125 0.4734375 0.0078125 0.0125
1 0.7765625 0.62890625 0.05625 0.08125
1 0.61640625 0.50546875 0.015625 0.028125
1 0.596875 0.484375 0.0078125 0.01875
1 0.58671875 0.4734375 0.0078125 0.015625
1 0.62109375 0.4703125 0.00625 0.0125
1 0.778125 0.47421875 0.0078125 0.0140625
1 0.91328125 0.48203125 0.0109375 0.0171875
1 0.68046875 0.46953125 0.0078125 0.0125