0 0.753125 0.42578125 0.05 0.075
0 0.67421875 0.31953125 0.028125 0.040625
0 0.615625 0.2765625 0.0203125 0.0296875
0 0.5625 0.24765625 0.015625 0.0234375
0 0.18125 0.15625 0.0203125 0.028125
0 0.34765625 0.1921875 0.015625 0.021875
0 0.43046875 0.203125 0.0109375 0.0171875
1 0.23359375 0.1515625 0.015625 0.021875
1 0.33671875 0.17421875 0.0125 0.01875
1 0.49921875 0.20234375 0.0078125 0.0125
1 0.5390625 0.209375 0.00625 0.009375
0 0.52265625 0.21328125 0.009375 0.0140625
0 0.53203125 0.221875 0.009375 0.015625
0 0.5359375 0.2296875 0.0125 0.01875
0 0.5625 0.225 0.009375 0.0140625
0 0.60390625 0.23125 0.0078125 0.0140625
0 0.61484375 0.2265625 0.00625 0.0109375
0 0.57265625 0.22109375 0.00625 0.0109375
0 0.6 0.225 0.00625 0.0109375
0 0.62734375 0.23515625 0.00625 0.0109375
0 0.64453125 0.23828125 0.00625 0.0109375
1 0.70703125 0.284375 0.0140625 0.0234375
1 0.76328125 0.3109375 0.01875 0.0296875
1 0.65234375 0.26015625 0.0125 0.01875
1 0.93203125 0.3859375 0.0359375 0.04375
1 0.634375 0.25078125 0.0109375 0.015625
1 0.66953125 0.2515625 0.009375 0.0140625
1 0.68515625 0.25234375 0.00625 0.0125
1 0.70078125 0.253125 0.00625 0.0109375
0 0.35390625 0.45078125 0.084375 0.1265625
1 0.43515625 0.190625 0.009375 0.015625
1 0.54296875 0.21015625 0.0046875 0.009375
0 0.5765625 0.22109375 0.00625 0.0109375
1 0.56875 0.2140625 0.00625 0.0078125
1 0.6546875 0.25078125 0.0109375 0.015625
0 0.66484375 0.2421875 0.00625 0.009375
1 0.48203125 0.1625 0.00625 0.0109375
1 0.4765625 0.1625 0.0078125 0.0109375