1 0.33125 0.49140625 0.1046875 0.1609375
1 0.25625 0.17265625 0.0140625 0.021875
1 0.403125 0.19140625 0.0125 0.01875
1 0.5140625 0.20390625 0.0125 0.0203125
1 0.671875 0.21875 0.0078125 0.0171875
1 0.73828125 0.2234375 0.009375 0.015625
0 0.2953125 0.16953125 0.0125 0.01875
0 0.38515625 0.18046875 0.0109375 0.0171875
0 0.47109375 0.190625 0.009375 0.01875
0 0.55234375 0.19921875 0.0109375 0.0171875
0 0.62109375 0.20390625 0.009375 0.015625
0 0.19609375 0.1578125 0.0125 0.01875
0 0.43515625 0.1734375 0.00625 0.009375
0 0.4515625 0.1765625 0.00625 0.0125
0 0.56484375 0.19140625 0.00625 0.0125
0 0.52578125 0.18359375 0.0046875 0.0078125
0 0.53046875 0.18359375 0.0046875 0.0078125
0 0.49375 0.17890625 0.0046875 0.009375
0 0.50546875 0.18359375 0.0046875 0.0109375
1 0.496875 0.1796875 0.00625 0.0109375
1 0.515625 0.18203125 0.00625 0.0109375
1 0.5484375 0.18828125 0.00625 0.0109375
1 0.5453125 0.184375 0.0046875 0.009375
1 0.5578125 0.18671875 0.003125 0.0078125
1 0.57421875 0.18984375 0.0046875 0.009375
1 0.58359375 0.19140625 0.0046875 0.009375
1 0.59140625 0.190625 0.003125 0.009375
1 0.60703125 0.1953125 0.00625 0.0125
1 0.5546875 0.1859375 0.003125 0.0078125
0 0.58828125 0.190625 0.003125 0.0078125
0 0.628125 0.2 0.00625 0.0140625
0 0.65859375 0.20625 0.009375 0.015625
0 0.678125 0.20703125 0.00625 0.0125
1 0.67109375 0.2046875 0.00625 0.0125
0 0.67421875 0.20546875 0.00625 0.0109375
1 0.7046875 0.20703125 0.003125 0.0078125
0 0.73125 0.21015625 0.003125 0.0078125
1 0.721875 0.21171875 0.00625 0.0125
1 0.740625 0.2125 0.0046875 0.0078125
1 0.76640625 0.21875 0.00625 0.0125
1 0.778125 0.22109375 0.0078125 0.015625
1 0.79296875 0.221875 0.0078125 0.0140625