1 0.6984375 0.52734375 0.046875 0.0640625
1 0.4734375 0.53984375 0.0328125 0.046875
1 0.26953125 0.5640625 0.0265625 0.040625
1 0.13125 0.57890625 0.028125 0.034375
1 0.08203125 0.57734375 0.0234375 0.028125
1 0.14453125 0.5515625 0.0171875 0.021875
1 0.23828125 0.521875 0.0140625 0.01875
1 0.325 0.5 0.0109375 0.015625
1 0.40078125 0.4796875 0.0078125 0.0140625
1 0.42890625 0.46953125 0.0078125 0.0140625
1 0.41875 0.46796875 0.0078125 0.0109375
1 0.4078125 0.4671875 0.00625 0.0109375
1 0.4015625 0.465625 0.00625 0.0109375
1 0.42265625 0.46015625 0.00625 0.0109375
1 0.4609375 0.4515625 0.0046875 0.0078125
1 0.50078125 0.44296875 0.0046875 0.0078125
1 0.54375 0.434375 0.00625 0.0078125
1 0.57734375 0.4296875 0.0046875 0.009375
1 0.5984375 0.428125 0.00625 0.009375
1 0.6453125 0.42109375 0.00625 0.0109375
1 0.71171875 0.409375 0.0078125 0.0125
1 0.86015625 0.38046875 0.009375 0.0140625
0 0.13515625 0.54140625 0.009375 0.01875
0 0.25625 0.509375 0.0109375 0.015625
0 0.3265625 0.49140625 0.00625 0.0125
0 0.34609375 0.48515625 0.0078125 0.0125
0 0.3375 0.48359375 0.00625 0.0109375
0 0.33984375 0.4796875 0.00625 0.0109375
0 0.35625 0.475 0.0046875 0.0078125
0 0.38203125 0.4671875 0.0046875 0.0078125
0 0.42578125 0.45703125 0.0046875 0.0078125
0 0.46953125 0.44765625 0.003125 0.0078125
0 0.5140625 0.43828125 0.0046875 0.0078125
0 0.56171875 0.4296875 0.0046875 0.0078125
0 0.6 0.42265625 0.003125 0.0078125
0 0.628125 0.41875 0.0046875 0.0078125
0 0.6578125 0.4140625 0.0046875 0.009375
0 0.70703125 0.40625 0.00625 0.009375
0 0.80703125 0.3875 0.00625 0.0109375