0 0.3015625 0.5453125 0.04375 0.0609375
0 0.39609375 0.496875 0.01875 0.03125
0 0.45546875 0.48046875 0.0125 0.021875
0 0.50859375 0.4734375 0.009375 0.015625
0 0.546875 0.471875 0.0078125 0.0125
0 0.596875 0.47421875 0.0078125 0.0109375
0 0.6609375 0.48046875 0.00625 0.009375
0 0.728125 0.4890625 0.00625 0.0109375
0 0.79140625 0.4984375 0.00625 0.0109375
0 0.88203125 0.5109375 0.0078125 0.0125
1 0.6859375 0.59921875 0.0375 0.0609375
1 0.634375 0.53203125 0.021875 0.034375
1 0.6109375 0.50390625 0.0140625 0.025
1 0.61796875 0.49140625 0.0078125 0.0171875
1 0.634375 0.48671875 0.009375 0.015625
1 0.6796875 0.4890625 0.0078125 0.0125
1 0.7546875 0.49765625 0.0078125 0.0140625
1 0.821875 0.50625 0.009375 0.015625
1 0.9046875 0.51796875 0.0109375 0.015625