1 0.665625 0.5140625 0.03125 0.0484375
1 0.621875 0.47890625 0.01875 0.03125
1 0.5984375 0.4640625 0.0140625 0.0203125
1 0.60390625 0.45 0.009375 0.015625
1 0.61875 0.440625 0.0078125 0.0140625
1 0.66171875 0.43125 0.0078125 0.0125
0 0.35859375 0.575 0.028125 0.046875
0 0.4140625 0.51796875 0.01875 0.028125
0 0.45859375 0.4890625 0.0125 0.01875
0 0.50234375 0.46875 0.009375 0.015625
0 0.5359375 0.45546875 0.0078125 0.0125
0 0.5828125 0.4421875 0.0078125 0.0109375
0 0.64453125 0.428125 0.0078125 0.0125
1 0.73359375 0.41484375 0.009375 0.0125
1 0.79609375 0.40078125 0.0078125 0.0140625
1 0.875 0.38671875 0.009375 0.015625
0 0.85390625 0.38515625 0.009375 0.0140625
0 0.76953125 0.40390625 0.00625 0.009375
0 0.7078125 0.41484375 0.00625 0.0109375