1 0.63359375 0.72578125 0.1890625 0.2796875
1 0.09296875 0.309375 0.0125 0.0203125
1 0.17421875 0.27890625 0.0125 0.0203125
1 0.28984375 0.240625 0.0125 0.01875
1 0.38515625 0.209375 0.0109375 0.01875
1 0.45859375 0.18515625 0.0125 0.01875
1 0.578125 0.14921875 0.0125 0.0203125
1 0.67265625 0.11875 0.0125 0.0171875
0 0.10546875 0.2984375 0.0109375 0.015625
0 0.19765625 0.2671875 0.0109375 0.015625
0 0.29921875 0.2328125 0.0109375 0.015625
0 0.46484375 0.178125 0.0078125 0.0125
0 0.53125 0.15625 0.0109375 0.015625
0 0.5078125 0.1578125 0.0078125 0.0109375
0 0.48984375 0.1625 0.00625 0.0078125
0 0.4796875 0.16640625 0.00625 0.009375
0 0.60078125 0.134375 0.009375 0.0140625
1 0.515625 0.1546875 0.00625 0.0078125
1 0.590625 0.13046875 0.00625 0.009375
1 0.62578125 0.11953125 0.00625 0.0078125
1 0.60390625 0.12734375 0.00625 0.009375
1 0.65234375 0.1125 0.0078125 0.0125
1 0.7765625 0.08203125 0.0125 0.01875
1 0.71328125 0.09140625 0.00625 0.009375
0 0.73984375 0.08984375 0.0078125 0.0125
0 0.71875 0.08984375 0.003125 0.00625
0 0.63671875 0.11640625 0.0046875 0.0078125
0 0.68515625 0.103125 0.00625 0.009375
0 0.54375 0.146875 0.00625 0.009375
0 0.58203125 0.13359375 0.0046875 0.00625
0 0.37890625 0.20546875 0.0078125 0.0140625
0 0.75234375 0.08046875 0.00625 0.0109375