0 0.3671875 0.58359375 0.046875 0.071875
0 0.4484375 0.53359375 0.0296875 0.04375
0 0.43125 0.50546875 0.0203125 0.03125
0 0.3328125 0.48828125 0.0171875 0.028125
0 0.18828125 0.48046875 0.0234375 0.0328125
1 0.278125 0.4640625 0.0171875 0.021875
1 0.4171875 0.47578125 0.0125 0.0203125
1 0.52109375 0.48671875 0.0140625 0.0203125
1 0.51171875 0.46953125 0.009375 0.0140625
1 0.59375 0.4796875 0.0078125 0.0140625
0 0.5375 0.46875 0.00625 0.0109375
1 0.640625 0.5140625 0.0171875 0.025
1 0.715625 0.54609375 0.0265625 0.0359375
1 0.8421875 0.61953125 0.0515625 0.0609375
0 0.03671875 0.740625 0.0609375 0.1171875
0 0.128125 0.42421875 0.00625 0.0078125
1 0.16796875 0.42890625 0.00625 0.0109375
0 0.20078125 0.4296875 0.0046875 0.0078125
1 0.246875 0.43359375 0.0046875 0.0078125
0 0.25234375 0.43359375 0.0046875 0.0078125
1 0.29140625 0.4375 0.0046875 0.0078125
0 0.29296875 0.43671875 0.003125 0.00625
1 0.32421875 0.43984375 0.0046875 0.00625
1 0.35546875 0.4421875 0.0046875 0.0078125
0 0.3609375 0.4421875 0.003125 0.00625
1 0.3875 0.44453125 0.0046875 0.00625
0 0.39453125 0.44453125 0.003125 0.00625
1 0.41015625 0.4484375 0.0046875 0.0078125
1 0.41484375 0.4546875 0.00625 0.0125
0 0.41796875 0.44765625 0.003125 0.00625
1 0.425 0.4515625 0.0046875 0.009375
1 0.4296875 0.45078125 0.0046875 0.0078125
0 0.44140625 0.45078125 0.0046875 0.0078125
1 0.44921875 0.46171875 0.0078125 0.0125
0 0.46484375 0.45390625 0.0046875 0.0078125
0 0.471875 0.45546875 0.003125 0.0078125
0 0.47421875 0.45625 0.003125 0.0078125
0 0.4765625 0.4578125 0.003125 0.0078125
0 0.47890625 0.4609375 0.0046875 0.0078125
0 0.4953125 0.46328125 0.00625 0.009375
0 0.6515625 0.48359375 0.0078125 0.0125
0 0.68359375 0.4828125 0.0046875 0.0078125
0 0.69296875 0.48203125 0.0046875 0.00625
0 0.690625 0.48515625 0.00625 0.0078125
0 0.696875 0.4875 0.0046875 0.009375
0 0.6953125 0.48984375 0.00625 0.009375
1 0.6921875 0.49453125 0.009375 0.0140625
0 0.71484375 0.484375 0.00625 0.0078125
1 0.7453125 0.490625 0.0078125 0.0109375
0 0.74375 0.4875 0.003125 0.0078125
1 0.7609375 0.50390625 0.009375 0.0140625
1 0.76015625 0.4953125 0.0078125 0.009375
1 0.7703125 0.4921875 0.00625 0.0078125
1 0.784375 0.5 0.009375 0.0125
0 0.7828125 0.49296875 0.0046875 0.0078125
1 0.79375 0.5046875 0.009375 0.0140625
1 0.81328125 0.49765625 0.00625 0.009375
0 0.8421875 0.5 0.00625 0.0078125
1 0.86015625 0.50390625 0.0078125 0.009375
0 0.89140625 0.50703125 0.00625 0.009375
0 0.91796875 0.51015625 0.0046875 0.0078125
1 0.92265625 0.51328125 0.0078125 0.0109375
0 0.934375 0.5125 0.00625 0.0078125
0 0.59140625 0.47578125 0.00625 0.0109375