0 0.09609375 0.34140625 0.0125 0.01875
0 0.30234375 0.3171875 0.009375 0.0171875
0 0.3625 0.3203125 0.0109375 0.0203125
0 0.39921875 0.32734375 0.0140625 0.025
0 0.53046875 0.33125 0.0171875 0.03125
0 0.753125 0.315625 0.0234375 0.0375
0 0.73671875 0.49609375 0.06875 0.115625
1 0.68671875 0.290625 0.0140625 0.0234375
1 0.55859375 0.2984375 0.0109375 0.01875
1 0.4921875 0.29921875 0.0078125 0.0171875
1 0.43359375 0.2984375 0.0078125 0.015625
1 0.3609375 0.3015625 0.0078125 0.015625
1 0.26484375 0.31171875 0.0078125 0.015625