0 0.36953125 0.73203125 0.09375 0.1921875
0 0.8796875 0.55859375 0.06875 0.1125
0 0.2078125 0.34453125 0.00625 0.0125
0 0.2203125 0.34140625 0.0078125 0.0109375
0 0.23203125 0.34921875 0.00625 0.0140625
0 0.26640625 0.3390625 0.0046875 0.009375
0 0.28203125 0.353125 0.009375 0.015625
0 0.35078125 0.35703125 0.009375 0.0171875
0 0.4625 0.359375 0.009375 0.01875
0 0.44609375 0.33515625 0.0046875 0.0078125
0 0.63046875 0.36328125 0.0109375 0.0203125
0 0.6046875 0.33515625 0.0046875 0.0078125
0 0.66796875 0.33515625 0.0046875 0.0078125
0 0.75078125 0.36328125 0.0109375 0.0203125
0 0.73515625 0.3359375 0.003125 0.00625
0 0.79140625 0.33515625 0.003125 0.0078125
0 0.921875 0.36328125 0.0125 0.0203125
0 0.92109375 0.334375 0.0046875 0.0078125
1 0.53125 0.35234375 0.009375 0.0171875
1 0.446875 0.35 0.0078125 0.015625
1 0.44140625 0.33671875 0.0046875 0.009375
1 0.29765625 0.34453125 0.00625 0.0125
1 0.303125 0.340625 0.00625 0.0109375
1 0.796875 0.353125 0.0078125 0.0171875
1 0.7671875 0.33671875 0.0046875 0.009375
1 0.66328125 0.35546875 0.0078125 0.0171875
1 0.6890625 0.33671875 0.0046875 0.009375
1 0.39921875 0.3375 0.0046875 0.0078125
1 0.3421875 0.34765625 0.0046875 0.0125
1 0.34375 0.33984375 0.0046875 0.009375
0 0.3859375 0.3359375 0.0046875 0.0078125
1 0.81953125 0.3359375 0.0046875 0.0078125
1 0.8921875 0.33515625 0.0046875 0.0078125