0 0.49609375 0.4765625 0.0640625 0.1109375
0 0.8046875 0.36015625 0.040625 0.0703125
0 0.6734375 0.2921875 0.025 0.0375
0 0.596875 0.271875 0.015625 0.028125
0 0.5328125 0.2609375 0.0109375 0.0203125
0 0.3203125 0.27265625 0.0109375 0.01875
0 0.39453125 0.259375 0.009375 0.015625
0 0.49765625 0.253125 0.009375 0.0171875
0 0.48984375 0.24765625 0.009375 0.0140625
0 0.4765625 0.2421875 0.0078125 0.0125
0 0.51640625 0.240625 0.0078125 0.0140625
0 0.55546875 0.234375 0.00625 0.0125
0 0.578125 0.23125 0.00625 0.0125
1 0.7453125 0.25859375 0.015625 0.028125
1 0.67890625 0.25234375 0.0109375 0.0203125
1 0.6171875 0.24609375 0.009375 0.0171875
1 0.59453125 0.24296875 0.0109375 0.015625
1 0.30078125 0.2609375 0.0109375 0.0171875
1 0.2078125 0.27109375 0.0109375 0.0203125
1 0.09609375 0.27890625 0.0125 0.01875
0 0.17109375 0.28359375 0.0078125 0.0125
1 0.62578125 0.2328125 0.0046875 0.0109375
1 0.6390625 0.2296875 0.003125 0.0109375
1 0.653125 0.22578125 0.003125 0.009375
0 0.521875 0.234375 0.003125 0.0078125
0 0.525 0.234375 0.003125 0.009375
0 0.54765625 0.2296875 0.003125 0.0078125
0 0.56171875 0.228125 0.003125 0.0078125
0 0.5953125 0.2296875 0.0046875 0.009375
0 0.61484375 0.2265625 0.003125 0.009375
1 0.3890625 0.2484375 0.0046875 0.0109375
1 0.44921875 0.2390625 0.0046875 0.0109375
1 0.4859375 0.2328125 0.003125 0.0078125
1 0.4890625 0.2328125 0.003125 0.0078125
1 0.5140625 0.23046875 0.003125 0.00625
1 0.6125 0.2390625 0.0046875 0.0125