1 0.10234375 0.5734375 0.0859375 0.140625
1 0.79375 0.1109375 0.0140625 0.01875
1 0.70546875 0.12890625 0.0109375 0.0171875
1 0.63203125 0.14296875 0.0109375 0.015625
1 0.5234375 0.16484375 0.009375 0.0140625
1 0.48671875 0.1734375 0.00625 0.0109375
1 0.44296875 0.18046875 0.0078125 0.0125
1 0.3953125 0.18984375 0.00625 0.009375
0 0.82421875 0.09609375 0.0109375 0.015625
0 0.7265625 0.11953125 0.0078125 0.0140625
0 0.66015625 0.1328125 0.00625 0.0125
0 0.58671875 0.1484375 0.00625 0.0125
0 0.534375 0.159375 0.00625 0.0109375
0 0.434375 0.178125 0.00625 0.0078125
0 0.48125 0.16953125 0.00625 0.009375
0 0.4015625 0.1859375 0.0046875 0.0078125
0 0.3953125 0.18671875 0.003125 0.0078125
0 0.4046875 0.18203125 0.003125 0.00625
0 0.40078125 0.18359375 0.003125 0.0046875
0 0.371875 0.18828125 0.003125 0.0046875
0 0.33984375 0.19609375 0.003125 0.00625
0 0.30234375 0.2046875 0.003125 0.00625
0 0.26171875 0.215625 0.003125 0.0046875
1 0.2734375 0.21328125 0.003125 0.0078125
1 0.30703125 0.2046875 0.0046875 0.0078125
1 0.3328125 0.203125 0.003125 0.0078125
1 0.33671875 0.20078125 0.003125 0.0078125
1 0.3515625 0.2 0.0046875 0.0078125
1 0.34921875 0.19609375 0.003125 0.0078125
1 0.3578125 0.19296875 0.0046875 0.0078125
0 0.39921875 0.18125 0.003125 0.0046875