0 0.265625 0.515625 0.0078125 0.0125
1 0.29609375 0.50546875 0.0078125 0.0125
0 0.1828125 0.53359375 0.0078125 0.0140625
0 0.353125 0.49609375 0.00625 0.0109375
1 0.35859375 0.49140625 0.00625 0.0109375
0 0.43671875 0.47578125 0.00625 0.009375
0 0.08125 0.55546875 0.009375 0.0140625
1 0.09921875 0.5484375 0.009375 0.0140625
0 0.48125 0.46484375 0.0046875 0.009375
0 0.53125 0.45234375 0.003125 0.0078125
0 0.57265625 0.44296875 0.0046875 0.0078125
1 0.42734375 0.4765625 0.003125 0.0078125
1 0.6 0.43359375 0.003125 0.0078125
0 0.5984375 0.4375 0.003125 0.00625
0 0.6296875 0.43046875 0.0046875 0.0078125
0 0.63828125 0.4328125 0.00625 0.009375
0 0.6546875 0.428125 0.0046875 0.0078125
0 0.6640625 0.425 0.0046875 0.0078125
0 0.61953125 0.4375 0.00625 0.009375
0 0.60546875 0.4453125 0.00625 0.0109375
0 0.59921875 0.44921875 0.0078125 0.0140625
0 0.5859375 0.45625 0.009375 0.015625
0 0.56953125 0.465625 0.0109375 0.01875
0 0.51484375 0.48359375 0.0125 0.0203125
0 0.48828125 0.5078125 0.01875 0.0296875
0 0.4171875 0.56015625 0.0328125 0.0484375
1 0.7234375 0.4125 0.0046875 0.0078125
1 0.7328125 0.41484375 0.00625 0.009375
1 0.71875 0.41953125 0.0078125 0.0109375
1 0.70390625 0.42421875 0.00625 0.0109375
1 0.6953125 0.4296875 0.0078125 0.0140625
1 0.70859375 0.43359375 0.009375 0.015625
1 0.73046875 0.4390625 0.0125 0.01875
1 0.69296875 0.4578125 0.015625 0.0265625
1 0.715625 0.471875 0.0203125 0.0328125
1 0.7765625 0.51015625 0.040625 0.05625
1 0.72578125 0.40859375 0.003125 0.0078125
0 0.73046875 0.40703125 0.003125 0.0046875
0 0.765625 0.4 0.003125 0.00625
1 0.7765625 0.4 0.0046875 0.0078125
0 0.79375 0.3953125 0.003125 0.00625
0 0.80078125 0.39375 0.003125 0.00625
0 0.8046875 0.3921875 0.003125 0.0046875
0 0.80625 0.39140625 0.003125 0.0046875
0 0.8203125 0.3890625 0.0015625 0.0046875
1 0.821875 0.39140625 0.003125 0.0078125
0 0.84140625 0.384375 0.003125 0.0046875
1 0.8515625 0.38671875 0.0046875 0.00625
1 0.884375 0.3765625 0.003125 0.00625
0 0.87109375 0.37890625 0.003125 0.0046875
1 0.859375 0.38203125 0.003125 0.00625
1 0.85703125 0.38359375 0.0046875 0.0078125
0 0.90859375 0.37265625 0.003125 0.0046875
0 0.69921875 0.4125 0.003125 0.0046875
1 0.68515625 0.415625 0.003125 0.00625
1 0.684375 0.41796875 0.003125 0.0078125
0 0.67734375 0.41640625 0.003125 0.0046875
0 0.66796875 0.4171875 0.0015625 0.0046875
0 0.665625 0.41796875 0.003125 0.0046875
0 0.66328125 0.41796875 0.0015625 0.0046875
0 0.65703125 0.425 0.003125 0.0078125
1 0.653125 0.421875 0.003125 0.00625
1 0.64609375 0.425 0.003125 0.0078125
1 0.6359375 0.4234375 0.003125 0.0046875
1 0.63203125 0.425 0.003125 0.00625
1 0.6078125 0.428125 0.0015625 0.0046875
1 0.58828125 0.43203125 0.0015625 0.0046875
1 0.57109375 0.4359375 0.003125 0.0046875
1 0.55625 0.44453125 0.0046875 0.0078125
1 0.5375 0.44296875 0.003125 0.0046875
1 0.52734375 0.4515625 0.003125 0.0078125
1 0.51171875 0.44921875 0.003125 0.00625
0 0.490625 0.453125 0.003125 0.0046875
1 0.4828125 0.45546875 0.003125 0.00625
0 0.4625 0.459375 0.003125 0.0046875
1 0.4515625 0.4625 0.003125 0.00625
1 0.4421875 0.4625 0.003125 0.003125
0 0.4328125 0.46640625 0.0015625 0.0046875
1 0.4265625 0.46953125 0.003125 0.00625
0 0.403125 0.47421875 0.003125 0.00625
1 0.38359375 0.478125 0.003125 0.00625
0 0.36171875 0.48203125 0.003125 0.00625
1 0.33828125 0.4890625 0.003125 0.0078125
0 0.31796875 0.4921875 0.003125 0.00625
1 0.2734375 0.5046875 0.0046875 0.0078125
0 0.2546875 0.5078125 0.003125 0.0078125
1 0.18828125 0.52421875 0.00625 0.009375
1 0.18046875 0.53125 0.0046875 0.0125
0 0.17109375 0.5265625 0.0046875 0.0078125
1 0.1421875 0.534375 0.00625 0.0109375
0 0.09921875 0.54296875 0.00625 0.009375
1 0.0875 0.54765625 0.0078125 0.0109375
0 0.64140625 0.421875 0.0015625 0.003125
0 0.56796875 0.4359375 0.0015625 0.0046875
1 0.4796875 0.46171875 0.003125 0.0078125
0 0.51484375 0.4484375 0.0015625 0.003125
0 0.53359375 0.44375 0.0015625 0.0046875
0 0.6265625 0.42421875 0.0015625 0.0046875
1 0.6234375 0.42578125 0.003125 0.0046875
0 0.6578125 0.41875 0.0015625 0.0046875
0 0.55234375 0.440625 0.0015625 0.0046875
0 0.6109375 0.428125 0.0015625 0.003125