0 0.22734375 0.640625 0.0578125 0.075
0 0.34921875 0.53203125 0.021875 0.0328125
0 0.378125 0.50703125 0.015625 0.0234375
0 0.4140625 0.48359375 0.009375 0.0171875
0 0.44921875 0.4703125 0.009375 0.0140625
0 0.4765625 0.46171875 0.00625 0.0125
0 0.51484375 0.45234375 0.00625 0.0109375
0 0.5453125 0.44375 0.0046875 0.009375
0 0.59453125 0.43515625 0.0046875 0.0078125
0 0.65390625 0.42578125 0.0046875 0.0078125
0 0.69765625 0.41953125 0.0046875 0.0078125
0 0.74296875 0.41328125 0.0046875 0.0078125
0 0.80390625 0.40703125 0.00625 0.009375
0 0.89375 0.39609375 0.009375 0.0140625
1 0.6484375 0.5265625 0.0328125 0.053125
1 0.54609375 0.4890625 0.0171875 0.0265625
1 0.52734375 0.47109375 0.0109375 0.01875
1 0.53671875 0.46015625 0.009375 0.015625
1 0.56015625 0.4484375 0.009375 0.0125
1 0.5875 0.440625 0.00625 0.009375
1 0.63203125 0.4328125 0.00625 0.009375
1 0.6953125 0.42265625 0.00625 0.009375
1 0.76484375 0.41484375 0.00625 0.0109375
1 0.81875 0.40859375 0.009375 0.0140625