1 0.60078125 0.175 0.0125 0.021875
1 0.45078125 0.19921875 0.0109375 0.0171875
1 0.36953125 0.2125 0.009375 0.0171875
1 0.3 0.2203125 0.0078125 0.0125
1 0.3203125 0.2109375 0.00625 0.0125
1 0.353125 0.20078125 0.0046875 0.0125
0 0.6265625 0.16171875 0.0078125 0.0171875
0 0.5015625 0.18203125 0.009375 0.0171875
0 0.5109375 0.17265625 0.0078125 0.0125
0 0.43515625 0.1921875 0.009375 0.0171875
0 0.42109375 0.1921875 0.009375 0.015625
0 0.56796875 0.1625 0.00625 0.0125
1 0.55859375 0.16171875 0.00625 0.0125
1 0.48828125 0.175 0.0046875 0.0140625
1 0.17109375 0.23828125 0.0078125 0.0125
1 0.21328125 0.225 0.0046875 0.009375
1 0.2359375 0.22265625 0.0078125 0.0125
0 0.19921875 0.228125 0.00625 0.0109375
0 0.20703125 0.2265625 0.00625 0.0109375
0 0.2234375 0.2234375 0.0046875 0.009375
1 0.25703125 0.21640625 0.0046875 0.0109375
1 0.2875 0.2109375 0.0046875 0.0109375
1 0.3 0.209375 0.0046875 0.0109375
1 0.31328125 0.20390625 0.0046875 0.0078125
1 0.28203125 0.209375 0.0046875 0.0078125
1 0.34296875 0.19765625 0.0046875 0.0078125
1 0.3734375 0.1921875 0.0046875 0.0078125
1 0.3890625 0.18984375 0.0046875 0.0078125
1 0.396875 0.1875 0.0046875 0.0078125
0 0.359375 0.19453125 0.0046875 0.0078125
1 0.42578125 0.18671875 0.00625 0.0125
0 0.45703125 0.1828125 0.0078125 0.0140625
0 0.44296875 0.1796875 0.003125 0.0078125
0 0.4671875 0.17578125 0.003125 0.0078125
1 0.45 0.17890625 0.0046875 0.0078125
1 0.41640625 0.18515625 0.0046875 0.0078125
1 0.61640625 0.1515625 0.0046875 0.0125
0 0.62109375 0.15234375 0.00625 0.0140625
0 0.69296875 0.140625 0.00625 0.0140625
1 0.68515625 0.13984375 0.00625 0.0125
0 0.775 0.1359375 0.009375 0.0203125
1 0.79765625 0.14453125 0.0125 0.0234375