0 0.3515625 0.60859375 0.046875 0.0625
0 0.4234375 0.5359375 0.028125 0.0390625
0 0.36328125 0.5171875 0.0140625 0.021875
0 0.30078125 0.52734375 0.0125 0.01875
0 0.2375 0.5421875 0.0125 0.0171875
0 0.17734375 0.559375 0.0125 0.0171875
0 0.08671875 0.5890625 0.015625 0.0203125
0 0.4125 0.5171875 0.0125 0.0265625
1 0.728125 0.4828125 0.0390625 0.05
1 0.65625 0.4625 0.0234375 0.0328125
1 0.54296875 0.465625 0.0140625 0.0203125
1 0.45625 0.48046875 0.0109375 0.0171875
1 0.3828125 0.4953125 0.0109375 0.015625
1 0.31328125 0.5125 0.009375 0.0140625
1 0.15 0.5625 0.0125 0.015625
1 0.0890625 0.56875 0.0078125 0.009375
1 0.821875 0.36015625 0.00625 0.0078125
1 0.79140625 0.36796875 0.0046875 0.0078125
1 0.76015625 0.378125 0.00625 0.0078125
1 0.74296875 0.3828125 0.0046875 0.0078125
1 0.728125 0.3890625 0.00625 0.0078125
1 0.71875 0.3921875 0.00625 0.0078125
1 0.70390625 0.39921875 0.0078125 0.0109375
1 0.6859375 0.40625 0.0078125 0.0125
1 0.63671875 0.421875 0.009375 0.0125
1 0.5609375 0.440625 0.0078125 0.0140625
1 0.50390625 0.45390625 0.0078125 0.0125
1 0.4890625 0.45390625 0.00625 0.009375
1 0.47421875 0.4578125 0.00625 0.0109375
1 0.46875 0.46171875 0.0078125 0.0125
0 0.61640625 0.421875 0.00625 0.009375
0 0.65703125 0.4078125 0.0046875 0.0078125
0 0.675 0.4015625 0.0046875 0.00625
0 0.5796875 0.43125 0.0078125 0.0125
0 0.54140625 0.43984375 0.00625 0.009375
0 0.54609375 0.4390625 0.00625 0.009375
0 0.55078125 0.4359375 0.0046875 0.0078125
0 0.56328125 0.43203125 0.0046875 0.0078125
1 0.5078125 0.44765625 0.00625 0.0078125
1 0.5234375 0.44296875 0.0046875 0.0078125
0 0.6859375 0.3984375 0.0046875 0.0078125
0 0.70390625 0.3921875 0.003125 0.00625
0 0.7453125 0.3796875 0.0046875 0.0078125
0 0.775 0.371875 0.00625 0.0078125
0 0.128125 0.55625 0.00625 0.0078125
1 0.1734375 0.54375 0.00625 0.0078125
0 0.1921875 0.5375 0.0046875 0.0078125
1 0.23828125 0.5359375 0.00625 0.0125
1 0.25390625 0.51875 0.0046875 0.0078125
0 0.2765625 0.51171875 0.003125 0.0046875
1 0.22265625 0.52890625 0.003125 0.00625
1 0.31171875 0.50078125 0.0046875 0.00625
1 0.33671875 0.49296875 0.003125 0.00625
0 0.3296875 0.49453125 0.003125 0.0046875
0 0.303125 0.503125 0.003125 0.0046875
0 0.36796875 0.48203125 0.003125 0.0046875
1 0.3578125 0.4859375 0.003125 0.00625
1 0.38671875 0.47734375 0.003125 0.0046875
1 0.40546875 0.471875 0.003125 0.0046875
0 0.41015625 0.4703125 0.003125 0.0046875
0 0.38828125 0.4765625 0.003125 0.0046875
0 0.42421875 0.465625 0.003125 0.0046875
1 0.44453125 0.46015625 0.003125 0.0046875
0 0.434375 0.4625 0.003125 0.0046875
0 0.45546875 0.45625 0.003125 0.0046875
1 0.46328125 0.4546875 0.003125 0.0046875
0 0.47890625 0.45 0.003125 0.0046875
1 0.48203125 0.4484375 0.0015625 0.003125
1 0.534375 0.43828125 0.003125 0.00625
1 0.54765625 0.43203125 0.003125 0.00625
0 0.5546875 0.428125 0.003125 0.0046875
0 0.56484375 0.425 0.003125 0.0046875
0 0.575 0.428125 0.003125 0.00625
0 0.5875 0.42109375 0.003125 0.0046875
0 0.58125 0.421875 0.003125 0.0046875
0 0.578125 0.42578125 0.003125 0.0046875
0 0.57265625 0.4234375 0.003125 0.0046875
0 0.57890625 0.42421875 0.003125 0.00625
0 0.6375 0.41484375 0.0046875 0.0078125
0 0.80234375 0.3640625 0.0046875 0.00625
0 0.9 0.3390625 0.003125 0.00625
1 0.86171875 0.34921875 0.003125 0.00625