1 0.27421875 0.40078125 0.1 0.1390625
1 0.2453125 0.26640625 0.0515625 0.0796875
1 0.2546875 0.17734375 0.028125 0.040625
1 0.27578125 0.15 0.01875 0.028125
1 0.29609375 0.1390625 0.0140625 0.0234375
1 0.3109375 0.13203125 0.0109375 0.01875
1 0.31640625 0.12890625 0.0109375 0.0171875
1 0.32578125 0.12578125 0.009375 0.015625
0 0.1796875 0.11171875 0.015625 0.021875
0 0.20390625 0.1109375 0.0125 0.0171875
0 0.234375 0.1109375 0.0109375 0.015625
0 0.2546875 0.1109375 0.0109375 0.0140625
0 0.26640625 0.11015625 0.0078125 0.0125
0 0.278125 0.11015625 0.0078125 0.0109375
1 0.915625 0.23203125 0.0140625 0.0203125
1 0.83046875 0.21328125 0.0109375 0.01875
1 0.803125 0.2046875 0.0109375 0.0171875
1 0.78828125 0.19765625 0.0078125 0.0140625
1 0.33203125 0.1234375 0.0078125 0.0125
1 0.3375 0.12109375 0.0078125 0.0109375
1 0.3453125 0.1203125 0.00625 0.009375
1 0.3765625 0.12265625 0.00625 0.009375
1 0.35078125 0.11875 0.00625 0.0109375
1 0.4140625 0.128125 0.00625 0.009375
1 0.46171875 0.1359375 0.00625 0.0078125
1 0.50859375 0.14296875 0.0046875 0.0078125
1 0.53984375 0.1484375 0.0046875 0.0078125
1 0.60625 0.1609375 0.0046875 0.0078125
1 0.57421875 0.1546875 0.00625 0.0078125
1 0.68203125 0.1734375 0.0046875 0.0109375
1 0.7484375 0.1828125 0.00625 0.0109375
1 0.88359375 0.20859375 0.00625 0.0125
1 0.871875 0.203125 0.00625 0.0109375
1 0.8359375 0.2015625 0.0078125 0.0125
0 0.28984375 0.1109375 0.00625 0.009375
0 0.31171875 0.1125 0.00625 0.009375
0 0.3921875 0.1234375 0.0046875 0.0078125
0 0.42734375 0.12890625 0.0046875 0.0078125
0 0.47109375 0.13515625 0.003125 0.0078125
0 0.51875 0.14296875 0.003125 0.0078125
0 0.5515625 0.1484375 0.003125 0.0078125
0 0.57890625 0.153125 0.003125 0.0078125
0 0.63359375 0.16328125 0.0046875 0.0078125
0 0.6703125 0.16953125 0.0046875 0.009375
0 0.7203125 0.178125 0.0046875 0.0078125
0 0.7578125 0.1828125 0.003125 0.0078125
0 0.7671875 0.1859375 0.0046875 0.0078125
0 0.765625 0.1828125 0.003125 0.00625
0 0.7734375 0.184375 0.0046875 0.0078125
0 0.7890625 0.1875 0.0046875 0.0078125
0 0.8 0.1890625 0.0046875 0.0078125
0 0.80703125 0.1921875 0.00625 0.009375
0 0.828125 0.19609375 0.0046875 0.009375
0 0.8953125 0.21796875 0.009375 0.0125
0 0.90703125 0.21640625 0.0078125 0.0125