1 0.6546875 0.54140625 0.0484375 0.06875
1 0.77265625 0.40234375 0.015625 0.021875
1 0.71171875 0.4078125 0.0125 0.0171875
1 0.3609375 0.5859375 0.0328125 0.0453125
0 0.87578125 0.36328125 0.015625 0.01875
0 0.83515625 0.36953125 0.0125 0.0171875
0 0.828125 0.36796875 0.009375 0.0140625
0 0.815625 0.36484375 0.0078125 0.0109375
0 0.82265625 0.365625 0.009375 0.0125
1 0.715625 0.40234375 0.0109375 0.0140625
1 0.73203125 0.3921875 0.009375 0.0125
1 0.73984375 0.3859375 0.009375 0.0125
0 0.1828125 0.5640625 0.0078125 0.0125
1 0.18046875 0.56875 0.0109375 0.0140625
1 0.26953125 0.53671875 0.0078125 0.0125
1 0.36875 0.503125 0.00625 0.0109375
1 0.45234375 0.475 0.00625 0.0109375
1 0.5234375 0.45 0.00625 0.009375
1 0.5703125 0.434375 0.00625 0.0078125
1 0.60859375 0.42109375 0.00625 0.0078125
1 0.64375 0.41015625 0.00625 0.009375
1 0.6828125 0.39765625 0.00625 0.009375
1 0.7125 0.39140625 0.0078125 0.0109375
0 0.8 0.36640625 0.0078125 0.0125
0 0.7609375 0.3765625 0.00625 0.0078125
0 0.72578125 0.38515625 0.00625 0.009375
0 0.69375 0.39375 0.00625 0.009375
0 0.653125 0.40546875 0.0046875 0.0078125
0 0.6109375 0.41875 0.00625 0.0078125
0 0.57734375 0.42890625 0.00625 0.009375
0 0.4890625 0.459375 0.00625 0.009375
0 0.4296875 0.47890625 0.00625 0.0109375
0 0.35625 0.5046875 0.00625 0.0109375
0 0.275 0.5328125 0.009375 0.0125
0 0.53671875 0.44375 0.00625 0.009375