0 0.91015625 0.4703125 0.00625 0.0109375
0 0.83359375 0.46640625 0.00625 0.009375
0 0.77890625 0.46328125 0.0046875 0.009375
0 0.72890625 0.46171875 0.0046875 0.0078125
0 0.6625 0.46015625 0.0046875 0.0078125
0 0.6078125 0.46015625 0.0046875 0.009375
0 0.57578125 0.46171875 0.0046875 0.009375
0 0.53515625 0.46484375 0.0046875 0.0109375
0 0.50546875 0.46875 0.00625 0.0125
0 0.4671875 0.4765625 0.0078125 0.015625
0 0.425 0.49453125 0.0125 0.0234375
0 0.3859375 0.51953125 0.01875 0.034375
0 0.19453125 0.646875 0.0671875 0.09375
0 0.096875 0.4546875 0.0046875 0.0078125
0 0.1125 0.45546875 0.0046875 0.009375
0 0.12109375 0.45703125 0.0046875 0.0078125
0 0.11875 0.46171875 0.00625 0.009375
0 0.10546875 0.4640625 0.0078125 0.0125
0 0.09921875 0.46875 0.0109375 0.0140625
1 0.93203125 0.47734375 0.0078125 0.0140625
1 0.86171875 0.47265625 0.0078125 0.0125
1 0.77734375 0.4671875 0.00625 0.0109375
1 0.70390625 0.46484375 0.0046875 0.0109375
1 0.65546875 0.46484375 0.0046875 0.0125
1 0.62578125 0.46796875 0.0046875 0.0125
1 0.6 0.47578125 0.00625 0.015625
1 0.58984375 0.4859375 0.0078125 0.01875
1 0.61171875 0.51171875 0.0140625 0.028125
1 0.7609375 0.59921875 0.0453125 0.065625