1 0.10390625 0.159375 0.0109375 0.0171875
1 0.7203125 0.23046875 0.0140625 0.028125
1 0.8890625 0.26953125 0.028125 0.04375
0 0.68046875 0.3359375 0.040625 0.071875
0 0.59453125 0.25 0.021875 0.040625
0 0.47890625 0.21953125 0.015625 0.03125
0 0.39921875 0.1984375 0.0125 0.0234375
0 0.3578125 0.18671875 0.0109375 0.0203125
0 0.30859375 0.17734375 0.009375 0.0171875
0 0.1921875 0.1703125 0.0125 0.01875
0 0.0734375 0.165625 0.009375 0.01875
1 0.5984375 0.20625 0.0109375 0.0265625
1 0.50390625 0.19375 0.009375 0.0203125
1 0.4421875 0.184375 0.0078125 0.0203125
1 0.38125 0.17578125 0.0078125 0.0171875
1 0.30234375 0.16953125 0.00625 0.0171875
1 0.22578125 0.165625 0.009375 0.01875