1 0.88828125 0.4171875 0.0078125 0.0140625
0 0.87265625 0.41484375 0.0078125 0.0109375
0 0.78828125 0.42421875 0.0078125 0.0109375
0 0.7265625 0.43046875 0.00625 0.0109375
0 0.6640625 0.43828125 0.00625 0.0109375
0 0.6046875 0.446875 0.00625 0.009375
0 0.5578125 0.45546875 0.0078125 0.0125
0 0.525 0.46484375 0.0078125 0.0125
0 0.484375 0.47890625 0.0109375 0.01875
0 0.4453125 0.4984375 0.0140625 0.0234375
0 0.40625 0.53046875 0.021875 0.0359375
1 0.8109375 0.42421875 0.0078125 0.0125
1 0.74765625 0.43125 0.0078125 0.0125
1 0.678125 0.44140625 0.0078125 0.0125
1 0.6359375 0.4484375 0.0078125 0.0140625
1 0.61953125 0.45703125 0.0078125 0.0140625
1 0.61171875 0.46640625 0.009375 0.01875
1 0.625 0.4796875 0.015625 0.0265625
1 0.6484375 0.5046875 0.021875 0.0375
1 0.90703125 0.68359375 0.10625 0.1359375
1 0.1328125 0.47578125 0.0140625 0.01875
1 0.1171875 0.471875 0.009375 0.0140625
1 0.1234375 0.47734375 0.00625 0.0171875