1 0.92578125 0.25546875 0.00703125 0.0109375
1 0.90859375 0.26875 0.00859375 0.01640625
1 0.89921875 0.26484375 0.00703125 0.0140625
1 0.896875 0.28359375 0.01328125 0.0203125
1 0.878125 0.2609375 0.00703125 0.0125
1 0.884375 0.25859375 0.00625 0.0125
1 0.8234375 0.2921875 0.01484375 0.02421875
0 0.90078125 0.31015625 0.0203125 0.03203125
0 0.790625 0.3234375 0.02109375 0.03359375
0 0.8375 0.43046875 0.05703125 0.07890625
0 0.65 0.334375 0.02109375 0.03515625
1 0.74140625 0.30078125 0.0140625 0.025
1 0.609375 0.31328125 0.01328125 0.02734375