0 0.3046875 0.56328125 0.0375 0.0546875
0 0.40078125 0.5109375 0.0203125 0.0328125
0 0.49296875 0.49453125 0.0140625 0.0234375
0 0.52265625 0.48203125 0.009375 0.01875
0 0.54375 0.47734375 0.0078125 0.015625
0 0.55234375 0.47109375 0.00625 0.0140625
0 0.571875 0.465625 0.00625 0.0125
0 0.58515625 0.4578125 0.003125 0.0078125
0 0.59375 0.4625 0.0046875 0.009375
0 0.5203125 0.459375 0.0046875 0.009375
0 0.4703125 0.4625 0.0046875 0.009375
0 0.40703125 0.465625 0.0046875 0.0125
0 0.6125 0.46171875 0.0046875 0.009375
0 0.62265625 0.46015625 0.0046875 0.009375
0 0.615625 0.45859375 0.0046875 0.009375
0 0.3484375 0.46875 0.00625 0.0125
0 0.228125 0.4734375 0.0078125 0.015625
0 0.0890625 0.478125 0.0109375 0.0171875
1 0.15546875 0.471875 0.009375 0.0140625
1 0.24921875 0.46875 0.0078125 0.0125
1 0.34375 0.46484375 0.00625 0.0109375
1 0.41171875 0.4609375 0.0046875 0.009375
1 0.7125 0.5765625 0.0390625 0.059375
1 0.66328125 0.52734375 0.0203125 0.0375
1 0.7078125 0.49921875 0.015625 0.025
1 0.67578125 0.484375 0.009375 0.01875
1 0.6578125 0.47578125 0.009375 0.015625
1 0.6671875 0.46953125 0.0078125 0.0125
1 0.68359375 0.4671875 0.0078125 0.0109375
1 0.696875 0.4640625 0.0046875 0.0109375
1 0.7375 0.45625 0.0046875 0.0078125
1 0.871875 0.45546875 0.003125 0.0078125
1 0.8375 0.4546875 0.003125 0.00625
1 0.81015625 0.45703125 0.003125 0.0078125
1 0.8140625 0.45625 0.003125 0.0078125
1 0.8078125 0.4546875 0.003125 0.00625
1 0.78125 0.45703125 0.0046875 0.0078125
1 0.684375 0.459375 0.0046875 0.009375
1 0.6953125 0.4609375 0.003125 0.009375
1 0.64453125 0.45625 0.003125 0.0078125
1 0.60390625 0.45546875 0.0046875 0.0078125
1 0.246875 0.45859375 0.0046875 0.0078125
1 0.30625 0.45703125 0.003125 0.0078125
1 0.36015625 0.45546875 0.0046875 0.0078125
1 0.38984375 0.4546875 0.003125 0.0078125
1 0.50390625 0.4578125 0.0046875 0.0078125
1 0.553125 0.45546875 0.003125 0.0078125
1 0.15625 0.46171875 0.0046875 0.009375
0 0.82421875 0.45390625 0.003125 0.00625
0 0.796875 0.453125 0.0015625 0.00625
0 0.7765625 0.453125 0.003125 0.00625
0 0.7640625 0.45390625 0.003125 0.00625
0 0.76015625 0.45390625 0.003125 0.00625
0 0.753125 0.4546875 0.003125 0.00625
0 0.725 0.45390625 0.003125 0.0078125
0 0.1359375 0.4609375 0.0046875 0.0078125
0 0.2234375 0.4578125 0.0046875 0.0078125
0 0.28203125 0.45625 0.003125 0.00625
0 0.334375 0.45546875 0.003125 0.00625
0 0.55078125 0.4578125 0.003125 0.0078125
0 0.6359375 0.45234375 0.003125 0.00625
0 0.85859375 0.4546875 0.003125 0.00625
1 0.459375 0.4515625 0.0015625 0.00625
1 0.42734375 0.453125 0.003125 0.00625
1 0.90625 0.45625 0.003125 0.0078125
1 0.46796875 0.45859375 0.003125 0.0078125
1 0.6859375 0.453125 0.003125 0.00625
1 0.61015625 0.453125 0.003125 0.0078125
1 0.5921875 0.4515625 0.003125 0.00625
1 0.58828125 0.4515625 0.0015625 0.0046875
1 0.5796875 0.45 0.003125 0.0046875
0 0.690625 0.45390625 0.003125 0.00625
0 0.659375 0.45390625 0.003125 0.00625
0 0.62578125 0.4515625 0.0015625 0.0046875
0 0.62109375 0.4515625 0.0015625 0.0046875
0 0.62265625 0.4515625 0.0015625 0.0046875
0 0.62421875 0.4515625 0.0015625 0.0046875
0 0.5828125 0.45 0.0015625 0.0046875
0 0.5671875 0.45 0.0015625 0.0046875
1 0.5640625 0.45 0.0015625 0.0046875
1 0.54296875 0.45 0.0015625 0.00625
0 0.5453125 0.45 0.0015625 0.00625
0 0.521875 0.45 0.003125 0.0046875
0 0.5046875 0.45 0.003125 0.0046875
1 0.50859375 0.45078125 0.0015625 0.0046875
1 0.525 0.45078125 0.003125 0.00625
0 0.48515625 0.45078125 0.0015625 0.0046875
1 0.4890625 0.4515625 0.0015625 0.00625
0 0.46328125 0.45078125 0.0015625 0.0046875
0 0.4375 0.45234375 0.0015625 0.0046875
0 0.40546875 0.45390625 0.003125 0.0046875
0 0.3703125 0.45390625 0.003125 0.0046875
1 0.58984375 0.45234375 0.0015625 0.00625
1 0.64375 0.453125 0.0015625 0.0046875
0 0.61640625 0.45078125 0.0015625 0.0046875
0 0.59921875 0.45078125 0.0015625 0.0046875