0 0.42890625 0.51328125 0.0265625 0.0390625
0 0.53203125 0.503125 0.015625 0.0265625
0 0.6109375 0.50234375 0.0125 0.01875
0 0.66171875 0.50390625 0.0109375 0.015625
0 0.690625 0.50390625 0.0078125 0.0140625
0 0.73984375 0.50859375 0.0078125 0.0140625
0 0.76484375 0.5109375 0.009375 0.0125
0 0.7859375 0.5125 0.0078125 0.0125
1 0.76796875 0.5375 0.0171875 0.025
1 0.7265625 0.5546875 0.025 0.034375
1 0.70859375 0.58828125 0.0359375 0.0515625
1 0.8 0.53359375 0.0140625 0.0203125
1 0.81484375 0.53125 0.0125 0.01875
1 0.88515625 0.53828125 0.0125 0.015625
1 0.9203125 0.5328125 0.009375 0.0125
0 0.87734375 0.521875 0.00625 0.0078125
0 0.853125 0.51796875 0.0078125 0.009375
0 0.8578125 0.51640625 0.0046875 0.0078125
0 0.8 0.51328125 0.0078125 0.0109375
0 0.82578125 0.51484375 0.0078125 0.009375
1 0.7203125 0.709375 0.06875 0.1109375
0 0.0703125 0.5671875 0.06875 0.0921875
0 0.3703125 0.44140625 0.0046875 0.0078125
0 0.3734375 0.44140625 0.0046875 0.0078125
0 0.38515625 0.4421875 0.0046875 0.00625
0 0.396875 0.44609375 0.0046875 0.0078125
0 0.40078125 0.44453125 0.0046875 0.0046875
0 0.43359375 0.45234375 0.0046875 0.0078125
1 0.41875 0.4484375 0.0046875 0.0078125
1 0.42578125 0.44921875 0.0046875 0.0078125
1 0.4375 0.45234375 0.0046875 0.0078125
1 0.4515625 0.45234375 0.0046875 0.00625
1 0.4765625 0.45546875 0.0046875 0.00625
1 0.4796875 0.4578125 0.0046875 0.0078125
0 0.465625 0.453125 0.003125 0.0046875
0 0.484375 0.46015625 0.0046875 0.0078125
0 0.53125 0.46796875 0.0046875 0.0078125
1 0.54921875 0.46953125 0.0046875 0.0078125
1 0.57734375 0.46953125 0.003125 0.0046875
1 0.59296875 0.47578125 0.0046875 0.0078125
0 0.5890625 0.4765625 0.00625 0.0078125
0 0.653125 0.4859375 0.0046875 0.0078125
1 0.64765625 0.484375 0.0046875 0.0078125
1 0.6953125 0.48984375 0.0046875 0.0078125
0 0.69296875 0.49140625 0.0046875 0.0078125
1 0.77578125 0.50234375 0.0046875 0.0078125
0 0.78828125 0.50625 0.0046875 0.0078125
0 0.8203125 0.509375 0.0046875 0.0078125
1 0.8296875 0.5109375 0.0046875 0.0078125
1 0.8875 0.5328125 0.0078125 0.0140625
1 0.89375 0.53125 0.0078125 0.0125
0 0.89375 0.52265625 0.0046875 0.00625
0 0.890625 0.521875 0.0046875 0.0078125
1 0.93671875 0.52734375 0.00625 0.0078125