0 0.70234375 0.45078125 0.00625 0.0109375
1 0.68203125 0.45625 0.0078125 0.0125
1 0.58203125 0.45625 0.00625 0.0125
0 0.44296875 0.45546875 0.003125 0.0078125
0 0.39296875 0.45625 0.0046875 0.0078125
0 0.35 0.4578125 0.0046875 0.0078125
0 0.3140625 0.46015625 0.0046875 0.0078125
0 0.2734375 0.4625 0.0046875 0.0078125
0 0.2078125 0.46796875 0.0046875 0.0078125
0 0.14453125 0.47265625 0.00625 0.009375
0 0.1015625 0.47734375 0.00625 0.0109375
1 0.48203125 0.4578125 0.0046875 0.0109375
1 0.39765625 0.45859375 0.0046875 0.0109375
1 0.36328125 0.46015625 0.0046875 0.009375
1 0.309375 0.46171875 0.0046875 0.0109375
1 0.2484375 0.4671875 0.0046875 0.009375
1 0.19921875 0.47109375 0.0046875 0.0109375
1 0.16640625 0.47578125 0.00625 0.0125
1 0.13984375 0.484375 0.00625 0.015625
1 0.13046875 0.4921875 0.009375 0.0171875
1 0.1578125 0.50234375 0.0125 0.0234375
1 0.24140625 0.5125 0.015625 0.028125
1 0.3859375 0.540625 0.025 0.0421875
1 0.59921875 0.590625 0.040625 0.0703125
0 0.51953125 0.45390625 0.0046875 0.009375
0 0.61015625 0.45234375 0.0046875 0.009375
1 0.834375 0.4546875 0.0125 0.0171875
0 0.83203125 0.44921875 0.00625 0.0125