0 0.1796875 0.62578125 0.0796875 0.1046875
0 0.44140625 0.54140625 0.03125 0.0484375
0 0.54765625 0.5171875 0.01875 0.03125
0 0.5640625 0.49609375 0.0140625 0.0234375
0 0.53203125 0.47421875 0.0078125 0.015625
0 0.51015625 0.4625 0.00625 0.0125
0 0.49765625 0.45625 0.0046875 0.009375
0 0.490625 0.45234375 0.0046875 0.009375
1 0.9046875 0.67109375 0.0390625 0.0828125
1 0.88984375 0.59140625 0.0390625 0.0515625
1 0.8078125 0.53671875 0.021875 0.0296875
1 0.70625 0.50625 0.0140625 0.021875
1 0.61640625 0.47734375 0.0078125 0.0140625
1 0.575 0.46640625 0.00625 0.0109375
1 0.55625 0.46015625 0.00625 0.009375
1 0.5453125 0.4578125 0.0046875 0.009375
1 0.53515625 0.45390625 0.0046875 0.009375
0 0.48515625 0.4484375 0.0046875 0.0078125
0 0.48125 0.446875 0.003125 0.0078125
0 0.478125 0.4453125 0.003125 0.00625
0 0.475 0.4421875 0.0015625 0.0046875
0 0.48671875 0.4421875 0.0015625 0.0046875
0 0.49609375 0.44140625 0.003125 0.0046875
1 0.5265625 0.45078125 0.003125 0.0078125
1 0.51953125 0.45 0.003125 0.00625
1 0.5140625 0.4484375 0.003125 0.0046875
1 0.51171875 0.44609375 0.0015625 0.00625
1 0.51015625 0.44609375 0.0015625 0.00625
1 0.521875 0.44453125 0.0015625 0.0046875
1 0.9359375 0.49140625 0.003125 0.00625
1 0.91796875 0.4890625 0.003125 0.00625
1 0.9015625 0.4875 0.003125 0.00625
1 0.89296875 0.48984375 0.0046875 0.00625
1 0.8859375 0.48515625 0.0046875 0.00625
1 0.87265625 0.48359375 0.003125 0.00625
1 0.8625 0.484375 0.003125 0.0078125
1 0.8578125 0.48125 0.003125 0.00625
1 0.8328125 0.48125 0.0046875 0.00625
1 0.79453125 0.47578125 0.0046875 0.00625
1 0.759375 0.471875 0.003125 0.0078125
1 0.70625 0.46484375 0.0015625 0.0046875
1 0.68671875 0.4625 0.003125 0.00625
1 0.66484375 0.459375 0.003125 0.00625
1 0.63828125 0.45625 0.003125 0.0046875
1 0.6203125 0.4546875 0.0015625 0.00625
1 0.6015625 0.45234375 0.0015625 0.0046875
1 0.58125 0.45078125 0.0015625 0.0046875
1 0.53828125 0.44609375 0.0015625 0.0046875
1 0.5609375 0.4484375 0.0015625 0.0046875
0 0.93125 0.490625 0.003125 0.00625
0 0.91484375 0.4890625 0.003125 0.0078125
0 0.89453125 0.48671875 0.003125 0.0046875
0 0.89140625 0.4859375 0.003125 0.00625
0 0.86953125 0.4828125 0.003125 0.00625
0 0.86171875 0.48203125 0.0015625 0.0046875
0 0.84375 0.48046875 0.003125 0.0046875
0 0.81953125 0.478125 0.003125 0.00625
0 0.825 0.47734375 0.003125 0.0046875
0 0.828125 0.47734375 0.0015625 0.0046875
0 0.83046875 0.478125 0.0015625 0.0046875
0 0.7921875 0.475 0.003125 0.0046875
0 0.76953125 0.471875 0.003125 0.00625
0 0.74765625 0.46875 0.003125 0.00625
0 0.73203125 0.4671875 0.003125 0.0046875
0 0.70546875 0.46328125 0.003125 0.0046875
0 0.6828125 0.4609375 0.003125 0.0046875
0 0.65625 0.4578125 0.003125 0.0046875
0 0.634375 0.45546875 0.0015625 0.003125
0 0.60703125 0.45234375 0.0015625 0.003125