0 0.2296875 0.6453125 0.059375 0.075
0 0.35 0.53515625 0.021875 0.0328125
0 0.378125 0.509375 0.015625 0.025
0 0.4140625 0.48515625 0.0109375 0.0171875
0 0.4484375 0.47109375 0.009375 0.0140625
0 0.47578125 0.46171875 0.00625 0.0125
0 0.5140625 0.4515625 0.00625 0.0109375
0 0.54375 0.44296875 0.0046875 0.009375
0 0.59296875 0.43359375 0.0046875 0.0078125
0 0.65234375 0.42265625 0.0046875 0.0078125
0 0.69609375 0.415625 0.0046875 0.0078125
0 0.74140625 0.40859375 0.0046875 0.0078125
0 0.80234375 0.4015625 0.00625 0.009375
0 0.8921875 0.3890625 0.009375 0.0140625
1 0.6484375 0.52421875 0.034375 0.053125
1 0.5453125 0.48828125 0.0171875 0.0265625
1 0.52734375 0.4703125 0.0125 0.01875
1 0.5359375 0.459375 0.009375 0.015625
1 0.55859375 0.446875 0.009375 0.0125
1 0.58671875 0.4390625 0.00625 0.009375
1 0.63046875 0.43046875 0.00625 0.009375
1 0.69375 0.41953125 0.00625 0.009375
1 0.76328125 0.41015625 0.00625 0.0109375
1 0.8171875 0.403125 0.009375 0.0140625