1 0.1578125 0.23125 0.0125 0.0171875
1 0.2703125 0.2453125 0.009375 0.0171875
1 0.37265625 0.2578125 0.0078125 0.015625
1 0.44609375 0.27265625 0.009375 0.015625
1 0.503125 0.28515625 0.009375 0.015625
1 0.56796875 0.30078125 0.0109375 0.01875
1 0.6921875 0.32265625 0.0125 0.0234375
1 0.95234375 0.35625 0.0171875 0.028125
0 0.69296875 0.53046875 0.0703125 0.1140625
0 0.746875 0.36015625 0.025 0.0359375
0 0.534375 0.32578125 0.01875 0.0328125
0 0.40546875 0.29296875 0.015625 0.0265625
0 0.36875 0.27734375 0.0140625 0.021875
0 0.3078125 0.26015625 0.0109375 0.01875