0 0.41484375 0.53125 0.040625 0.053125
0 0.62109375 0.54453125 0.025 0.0359375
0 0.7296875 0.56015625 0.021875 0.0296875
0 0.8234375 0.5765625 0.0203125 0.0265625
0 0.85859375 0.57578125 0.0171875 0.021875
0 0.8421875 0.55703125 0.0125 0.015625
0 0.8265625 0.5453125 0.009375 0.0125
0 0.8171875 0.53828125 0.00625 0.0109375
0 0.8109375 0.534375 0.00625 0.0109375
1 0.8265625 0.70859375 0.071875 0.090625
1 0.9140625 0.5671875 0.009375 0.0125
1 0.89375 0.55859375 0.009375 0.0109375
1 0.88203125 0.553125 0.00625 0.0109375
1 0.87109375 0.54765625 0.00625 0.0109375
1 0.8625 0.54296875 0.00625 0.0078125
1 0.85390625 0.53984375 0.00625 0.009375
0 0.8078125 0.5296875 0.0046875 0.0078125
0 0.80390625 0.52734375 0.0046875 0.0078125
0 0.80234375 0.52421875 0.0046875 0.0078125
0 0.8 0.521875 0.003125 0.00625
0 0.81640625 0.525 0.003125 0.00625
0 0.8296875 0.52734375 0.003125 0.00625
1 0.84921875 0.5375 0.0046875 0.0078125
1 0.8453125 0.534375 0.0046875 0.0078125
1 0.86328125 0.5375 0.0046875 0.0078125
1 0.8875 0.54296875 0.003125 0.00625
1 0.92421875 0.5515625 0.0046875 0.0078125