0 0.31875 0.62109375 0.0953125 0.1515625
0 0.75 0.59140625 0.059375 0.0921875
0 0.9296875 0.48828125 0.01875 0.025
0 0.7484375 0.44375 0.0140625 0.025
0 0.57265625 0.39765625 0.0171875 0.025
0 0.44296875 0.36484375 0.015625 0.025
0 0.2640625 0.3171875 0.0171875 0.0234375
0 0.153125 0.2828125 0.0171875 0.021875
1 0.91171875 0.4703125 0.0125 0.01875
1 0.80625 0.44296875 0.0109375 0.01875
1 0.66484375 0.4078125 0.0125 0.01875
1 0.525 0.3734375 0.0125 0.01875
1 0.38828125 0.3390625 0.0125 0.01875
1 0.30390625 0.31484375 0.0125 0.01875
1 0.2046875 0.28359375 0.0109375 0.015625
1 0.171875 0.271875 0.0109375 0.015625
1 0.19453125 0.27421875 0.009375 0.0125
0 0.16796875 0.2640625 0.0078125 0.0109375
0 0.21875 0.275 0.0078125 0.0109375
0 0.26484375 0.28671875 0.0078125 0.0109375
0 0.31953125 0.29921875 0.00625 0.009375
1 0.25703125 0.28671875 0.0078125 0.0125
1 0.32421875 0.303125 0.0078125 0.0109375
1 0.371875 0.31484375 0.00625 0.0109375
1 0.56015625 0.3609375 0.00625 0.009375
0 0.55234375 0.35625 0.0046875 0.0078125
0 0.615625 0.37265625 0.0046875 0.0078125
1 0.6296875 0.378125 0.0078125 0.0125
1 0.70625 0.39765625 0.00625 0.009375
0 0.68203125 0.38984375 0.00625 0.009375
0 0.73671875 0.40390625 0.0046875 0.0078125
1 0.75625 0.4109375 0.00625 0.009375
1 0.82421875 0.42734375 0.00625 0.009375
0 0.79453125 0.41953125 0.0046875 0.0078125
0 0.85546875 0.434375 0.0046875 0.0078125
0 0.9140625 0.44765625 0.00625 0.009375
1 0.89375 0.44375 0.0078125 0.0109375
0 0.3859375 0.315625 0.00625 0.009375