1 0.18671875 0.5609375 0.0953125 0.1625
1 0.16171875 0.21328125 0.0125 0.01875
0 0.15703125 0.20703125 0.0046875 0.015625
0 0.23359375 0.19765625 0.009375 0.015625
0 0.31015625 0.18515625 0.00625 0.0140625
0 0.36015625 0.17578125 0.0046875 0.0140625
0 0.3921875 0.1703125 0.0046875 0.0125
0 0.26328125 0.18515625 0.0046875 0.0109375
0 0.28828125 0.18125 0.0046875 0.0078125
1 0.31484375 0.190625 0.009375 0.0171875
1 0.39921875 0.17421875 0.0078125 0.0171875
1 0.45703125 0.16328125 0.0046875 0.015625
0 0.21953125 0.19140625 0.0078125 0.0109375
0 0.2125 0.1921875 0.0046875 0.009375
0 0.24375 0.1875 0.0046875 0.009375
0 0.31796875 0.1765625 0.003125 0.0078125
0 0.3359375 0.17265625 0.003125 0.00625
0 0.36484375 0.1734375 0.0046875 0.0109375
0 0.08046875 0.21796875 0.009375 0.015625
1 0.0625 0.225 0.0140625 0.0203125
1 0.37265625 0.16953125 0.003125 0.009375
1 0.3765625 0.16875 0.003125 0.009375
1 0.3859375 0.16796875 0.003125 0.0078125
1 0.4171875 0.165625 0.0046875 0.0125
1 0.4359375 0.1609375 0.003125 0.00625
1 0.49375 0.1578125 0.003125 0.0125
1 0.63671875 0.15 0.00625 0.0171875
1 0.64296875 0.14296875 0.00625 0.0171875
1 0.66796875 0.15234375 0.0078125 0.01875
1 0.8359375 0.13984375 0.0109375 0.0234375
1 0.878125 0.1109375 0.0078125 0.0171875
0 0.8671875 0.11640625 0.0078125 0.015625
0 0.8453125 0.1265625 0.0109375 0.0203125
0 0.803125 0.12578125 0.0078125 0.0171875
0 0.7859375 0.1328125 0.0078125 0.015625
0 0.51953125 0.15078125 0.0015625 0.0078125
0 0.5390625 0.14921875 0.0015625 0.00625
0 0.55625 0.14765625 0.0015625 0.00625
1 0.70859375 0.13359375 0.003125 0.0140625
0 0.3125 0.17890625 0.0046875 0.0109375
0 0.4015625 0.16953125 0.003125 0.0109375
1 0.459375 0.1609375 0.003125 0.0125
1 0.78359375 0.12421875 0.00625 0.0140625