1 0.21640625 0.5640625 0.0875 0.1578125
1 0.1359375 0.40234375 0.0546875 0.0875
1 0.1140625 0.3 0.025 0.0421875
1 0.128125 0.2640625 0.015625 0.0265625
1 0.14453125 0.246875 0.0125 0.021875
1 0.15625 0.23671875 0.0109375 0.01875
1 0.775 0.165625 0.0125 0.0203125
1 0.6953125 0.16875 0.009375 0.0171875
1 0.6578125 0.1703125 0.0078125 0.0125
1 0.640625 0.16796875 0.0046875 0.0109375
0 0.784375 0.15625 0.0078125 0.0140625
0 0.746875 0.15703125 0.0078125 0.0140625
1 0.16328125 0.2328125 0.0078125 0.0140625
1 0.171875 0.2265625 0.0078125 0.0125
1 0.1765625 0.22265625 0.00625 0.009375
1 0.18203125 0.21875 0.0046875 0.0109375
1 0.18828125 0.215625 0.0046875 0.0109375
1 0.19453125 0.21328125 0.0046875 0.009375
1 0.2203125 0.20859375 0.0046875 0.009375
1 0.259375 0.20390625 0.003125 0.009375
1 0.30703125 0.19765625 0.0046875 0.009375
0 0.31796875 0.19453125 0.0046875 0.0078125
0 0.27421875 0.20078125 0.0046875 0.0078125
0 0.2375 0.20625 0.003125 0.0078125
1 0.3578125 0.19140625 0.0046875 0.009375
1 0.38984375 0.1890625 0.0046875 0.009375
1 0.4234375 0.184375 0.0046875 0.0109375
1 0.45703125 0.18203125 0.0046875 0.009375
0 0.36640625 0.1890625 0.003125 0.0078125
0 0.40078125 0.18515625 0.0046875 0.0078125
0 0.428125 0.1828125 0.0046875 0.0078125
0 0.484375 0.1765625 0.0046875 0.009375
0 0.52109375 0.17265625 0.00625 0.009375
1 0.53359375 0.1734375 0.00625 0.0109375
0 0.5703125 0.1671875 0.0046875 0.0078125
1 0.59921875 0.165625 0.0046875 0.0109375
1 0.66171875 0.1578125 0.003125 0.0078125
1 0.684375 0.159375 0.0046875 0.0109375
0 0.60546875 0.16171875 0.003125 0.0078125
0 0.6125 0.1609375 0.003125 0.0078125
0 0.615625 0.16171875 0.0046875 0.009375
0 0.6203125 0.15859375 0.003125 0.0078125
0 0.63671875 0.15859375 0.0046875 0.0078125
0 0.6546875 0.1578125 0.0046875 0.0078125
1 0.6453125 0.15703125 0.003125 0.0078125
1 0.71796875 0.1515625 0.00625 0.0125
0 0.6765625 0.15546875 0.0046875 0.009375
1 0.73125 0.15234375 0.0046875 0.0109375
1 0.73984375 0.14921875 0.00625 0.0125
0 0.75625 0.1546875 0.0078125 0.0125
0 0.8046875 0.1484375 0.0078125 0.0125
1 0.81171875 0.14453125 0.00625 0.0125
1 0.9 0.16171875 0.0140625 0.0234375
0 0.86953125 0.15078125 0.0109375 0.0171875
0 0.86015625 0.1421875 0.0078125 0.0125
1 0.8765625 0.1375 0.00625 0.0109375
0 0.071875 0.2375 0.0078125 0.0125
0 0.09375 0.23125 0.00625 0.0109375
0 0.1046875 0.22734375 0.0046875 0.009375
0 0.1171875 0.22421875 0.0046875 0.009375
0 0.12890625 0.22109375 0.0046875 0.0078125
0 0.15234375 0.21640625 0.0046875 0.0078125