0 0.40703125 0.5171875 0.0203125 0.0375
0 0.46875 0.48125 0.0109375 0.021875
0 0.496875 0.4671875 0.0078125 0.015625
0 0.51015625 0.4609375 0.00625 0.0125
0 0.5265625 0.45625 0.0046875 0.0109375
0 0.5359375 0.453125 0.0046875 0.009375
1 0.596875 0.459375 0.0046875 0.009375
1 0.60234375 0.46640625 0.00625 0.0109375
1 0.609375 0.47265625 0.0078125 0.015625
1 0.62890625 0.490625 0.0125 0.021875
1 0.67109375 0.5328125 0.021875 0.0390625
0 0.53984375 0.45078125 0.003125 0.0078125
0 0.5453125 0.44921875 0.003125 0.0078125
0 0.55078125 0.44765625 0.003125 0.00625
1 0.59296875 0.45546875 0.0046875 0.0078125
0 0.5640625 0.44765625 0.003125 0.00625
0 0.5890625 0.44765625 0.003125 0.00625
1 0.58984375 0.453125 0.003125 0.00625
1 0.61015625 0.44921875 0.003125 0.00625
1 0.63671875 0.45078125 0.003125 0.0046875
0 0.61875 0.44921875 0.003125 0.0046875
0 0.64453125 0.45078125 0.003125 0.0046875
0 0.67734375 0.45234375 0.003125 0.0046875
0 0.7171875 0.4546875 0.003125 0.0046875
0 0.75 0.4578125 0.003125 0.00625
0 0.77890625 0.459375 0.0046875 0.00625
0 0.81015625 0.46171875 0.0046875 0.0078125
0 0.84375 0.4625 0.0046875 0.0078125
0 0.8875 0.465625 0.0046875 0.0078125
1 0.91875 0.46953125 0.00625 0.009375
1 0.825 0.4640625 0.0046875 0.0078125
1 0.7859375 0.46015625 0.003125 0.0078125
1 0.74609375 0.45703125 0.003125 0.00625
1 0.71484375 0.45546875 0.003125 0.00625
1 0.6734375 0.453125 0.003125 0.00625
1 0.5921875 0.45 0.003125 0.00625