0 0.4015625 0.64609375 0.0953125 0.146875
0 0.58984375 0.45859375 0.0390625 0.0609375
0 0.64140625 0.3859375 0.0203125 0.03125
0 0.66328125 0.359375 0.015625 0.0234375
0 0.6734375 0.34921875 0.0125 0.01875
0 0.69375 0.3390625 0.009375 0.015625
0 0.7234375 0.33125 0.009375 0.0140625
0 0.75 0.32578125 0.009375 0.0140625
0 0.7921875 0.31953125 0.009375 0.0125
0 0.8328125 0.31328125 0.0078125 0.0109375
0 0.13828125 0.46015625 0.034375 0.04375
0 0.2640625 0.42421875 0.0234375 0.0328125
0 0.3453125 0.3984375 0.0171875 0.025
0 0.38515625 0.3796875 0.0109375 0.01875
0 0.39609375 0.37265625 0.009375 0.015625
0 0.4078125 0.36640625 0.009375 0.0140625
0 0.415625 0.3625 0.0078125 0.0109375
0 0.4375 0.35703125 0.0046875 0.0109375
0 0.4234375 0.35234375 0.0046875 0.0078125
0 0.4140625 0.353125 0.0046875 0.0078125
0 0.3984375 0.35234375 0.0046875 0.0078125
1 0.90546875 0.365625 0.028125 0.0359375
1 0.8234375 0.346875 0.0171875 0.025
1 0.80703125 0.33515625 0.0125 0.01875
1 0.81796875 0.32734375 0.0109375 0.015625
1 0.85 0.31796875 0.009375 0.0140625
1 0.890625 0.3109375 0.009375 0.0140625
1 0.1671875 0.4203125 0.01875 0.025
1 0.26015625 0.39609375 0.0140625 0.01875
1 0.28984375 0.38515625 0.009375 0.015625
1 0.30703125 0.37890625 0.0078125 0.0125
1 0.3546875 0.36875 0.0046875 0.0109375
1 0.36015625 0.36484375 0.00625 0.0109375
1 0.0890625 0.39375 0.00625 0.009375
1 0.146875 0.3859375 0.0046875 0.0078125
1 0.19921875 0.37890625 0.00625 0.0078125
1 0.24140625 0.3734375 0.00625 0.00625
1 0.27734375 0.36875 0.003125 0.00625
1 0.3375 0.3609375 0.0046875 0.0078125
0 0.06015625 0.396875 0.0046875 0.0078125
0 0.18515625 0.38046875 0.003125 0.00625
0 0.125 0.38828125 0.003125 0.00625
0 0.23203125 0.3734375 0.003125 0.00625
0 0.346875 0.359375 0.003125 0.00625
1 0.3109375 0.3640625 0.003125 0.0078125
1 0.35625 0.359375 0.003125 0.0078125
0 0.9046875 0.30703125 0.0078125 0.009375
0 0.4296875 0.3546875 0.00625 0.0109375
1 0.36640625 0.3625 0.0046875 0.0078125
1 0.36796875 0.359375 0.003125 0.0078125
1 0.3640625 0.35859375 0.003125 0.0078125
0 0.31484375 0.3625 0.003125 0.00625
0 0.37578125 0.35546875 0.0046875 0.0078125