0 0.41796875 0.51328125 0.0109375 0.0171875
0 0.5046875 0.51875 0.0109375 0.015625
0 0.62890625 0.521875 0.009375 0.0171875
0 0.75 0.52109375 0.0109375 0.0171875
0 0.84453125 0.515625 0.009375 0.015625
0 0.36640625 0.50625 0.009375 0.0140625
0 0.346875 0.49921875 0.0078125 0.0125
1 0.453125 0.49765625 0.0078125 0.0109375
1 0.5046875 0.5046875 0.009375 0.0140625
1 0.59765625 0.5078125 0.009375 0.0140625
1 0.6828125 0.5078125 0.009375 0.0140625
1 0.76484375 0.5046875 0.0078125 0.0125
1 0.8328125 0.503125 0.0078125 0.0109375
1 0.89453125 0.50390625 0.00625 0.0109375