0 0.79453125 0.525 0.0140625 0.0234375
0 0.71796875 0.51640625 0.0140625 0.021875
0 0.6921875 0.5046875 0.0109375 0.0171875
1 0.83359375 0.49375 0.009375 0.015625
1 0.8109375 0.4890625 0.0078125 0.0125
1 0.76171875 0.4796875 0.00625 0.009375
1 0.72421875 0.478125 0.0046875 0.0078125
0 0.6953125 0.49765625 0.0078125 0.0125
0 0.69609375 0.490625 0.0078125 0.0109375
0 0.678125 0.48671875 0.00625 0.009375
1 0.66875 0.48046875 0.00625 0.0078125
0 0.653125 0.4859375 0.00625 0.009375
0 0.6046875 0.48828125 0.00625 0.0078125
1 0.60078125 0.48515625 0.0046875 0.0078125
1 0.53828125 0.48984375 0.0046875 0.0078125
0 0.54453125 0.49296875 0.00625 0.0078125
0 0.4890625 0.496875 0.00625 0.0078125
1 0.48046875 0.49375 0.0046875 0.0078125
1 0.43125 0.4984375 0.0046875 0.0078125
0 0.43828125 0.50078125 0.00625 0.009375
0 0.39140625 0.5046875 0.00625 0.0078125
1 0.38203125 0.50234375 0.0046875 0.00625
1 0.33203125 0.50859375 0.0046875 0.00625
0 0.3359375 0.5109375 0.0046875 0.0078125
1 0.28984375 0.5140625 0.003125 0.0078125
0 0.27421875 0.51796875 0.0046875 0.0078125
1 0.25546875 0.5171875 0.00625 0.0078125
0 0.22265625 0.5234375 0.00625 0.0078125
1 0.228125 0.51953125 0.0046875 0.0078125
1 0.20234375 0.52109375 0.0046875 0.0078125
0 0.17890625 0.5265625 0.0046875 0.0078125
0 0.1484375 0.528125 0.0046875 0.00625
1 0.11171875 0.525 0.0046875 0.00625