1 0.53671875 0.62265625 0.034375 0.0421875
1 0.61875 0.5671875 0.0203125 0.0265625
1 0.728125 0.521875 0.0125 0.0203125
1 0.8328125 0.4921875 0.0125 0.0171875
0 0.8453125 0.5109375 0.0125 0.021875
0 0.8015625 0.5484375 0.01875 0.028125
0 0.80703125 0.596875 0.03125 0.046875
0 0.38046875 0.56015625 0.01875 0.025
0 0.3984375 0.5578125 0.01875 0.025
1 0.30625 0.84453125 0.075 0.0984375
0 0.903125 0.74765625 0.0796875 0.103125
0 0.115625 0.60234375 0.00625 0.0078125
0 0.15234375 0.5921875 0.00625 0.0078125
0 0.1765625 0.58515625 0.0046875 0.0078125
0 0.18125 0.58359375 0.0046875 0.0078125
0 0.1734375 0.58359375 0.0046875 0.0078125
0 0.15703125 0.5859375 0.003125 0.00625
0 0.1359375 0.5890625 0.0046875 0.0078125
1 0.10234375 0.596875 0.0046875 0.0078125
1 0.1140625 0.59609375 0.00625 0.0078125