0 0.40703125 0.71484375 0.04375 0.065625
1 0.86171875 0.6578125 0.05 0.065625
0 0.103125 0.584375 0.00625 0.009375
0 0.16484375 0.5765625 0.0078125 0.0109375
1 0.128125 0.575 0.00625 0.009375
1 0.20078125 0.565625 0.00625 0.0109375
0 0.2265625 0.56796875 0.0078125 0.0109375
0 0.2828125 0.55703125 0.00625 0.009375
1 0.2484375 0.55625 0.00625 0.009375
0 0.31953125 0.5484375 0.0078125 0.009375
0 0.340625 0.54296875 0.00625 0.0078125
0 0.3265625 0.540625 0.00625 0.009375
0 0.303125 0.54296875 0.0046875 0.0078125
0 0.28203125 0.54453125 0.0046875 0.0078125
1 0.265625 0.5515625 0.00625 0.0078125
0 0.25390625 0.54765625 0.0046875 0.0078125
1 0.2125 0.55546875 0.0046875 0.0078125
1 0.17734375 0.55859375 0.0046875 0.0078125
1 0.11640625 0.565625 0.0046875 0.0078125
1 0.1421875 0.56171875 0.0046875 0.0078125