0 0.4734375 0.4640625 0.0046875 0.00625
1 0.50390625 0.471875 0.0046875 0.00625
0 0.5328125 0.48671875 0.0046875 0.00625
0 0.55859375 0.49453125 0.00625 0.0078125
1 0.58046875 0.496875 0.0046875 0.00625
1 0.60390625 0.50234375 0.00625 0.0078125
0 0.5984375 0.50546875 0.0078125 0.009375
0 0.64609375 0.5171875 0.0078125 0.009375
1 0.6609375 0.51875 0.00625 0.0078125
1 0.7046875 0.528125 0.00625 0.0078125
0 0.70703125 0.53203125 0.00625 0.0078125
0 0.7640625 0.54609375 0.0078125 0.009375
1 0.7546875 0.540625 0.00625 0.0078125
1 0.80546875 0.5546875 0.00625 0.0078125
0 0.8125 0.559375 0.00625 0.009375
0 0.86796875 0.57578125 0.0078125 0.009375
1 0.859375 0.56953125 0.00625 0.009375