0 0.2484375 0.609375 0.0234375 0.0359375
0 0.2734375 0.55078125 0.0125 0.0203125
1 0.41640625 0.553125 0.0125 0.021875
1 0.46796875 0.571875 0.01875 0.0265625
1 0.63359375 0.578125 0.0203125 0.0296875
1 0.734375 0.56640625 0.0171875 0.0234375
1 0.7546875 0.55234375 0.0140625 0.0203125
1 0.7078125 0.53984375 0.0125 0.0171875
1 0.465625 0.52890625 0.0109375 0.0171875
0 0.69609375 0.64453125 0.03125 0.0484375
0 0.878125 0.546875 0.0109375 0.0171875
0 0.79921875 0.53359375 0.0109375 0.015625
0 0.3625 0.5296875 0.0078125 0.0140625
0 0.3890625 0.5125 0.0046875 0.009375
0 0.40546875 0.51875 0.00625 0.0109375
1 0.4609375 0.51015625 0.00625 0.009375
1 0.4875 0.5171875 0.00625 0.0125
1 0.61953125 0.5234375 0.0078125 0.0125
0 0.7 0.51953125 0.0078125 0.0125
0 0.65703125 0.5109375 0.00625 0.0109375
1 0.59296875 0.5125 0.00625 0.0109375
0 0.64609375 0.5078125 0.00625 0.009375
1 0.58359375 0.5078125 0.00625 0.009375
1 0.5875 0.50546875 0.003125 0.0078125