1 0.51875 0.67265625 0.040625 0.05625
1 0.7890625 0.58125 0.0421875 0.0515625
1 0.88203125 0.51328125 0.028125 0.0359375
1 0.77734375 0.503125 0.0203125 0.0234375
1 0.6234375 0.53359375 0.0140625 0.0203125
1 0.45703125 0.5734375 0.0125 0.0171875
1 0.3078125 0.609375 0.0125 0.015625
1 0.165625 0.6453125 0.0140625 0.01875
0 0.2296875 0.67421875 0.0203125 0.028125
0 0.26328125 0.63828125 0.0140625 0.021875
0 0.43203125 0.596875 0.0171875 0.021875
0 0.48828125 0.61640625 0.0234375 0.0328125
0 0.63984375 0.57265625 0.021875 0.03125
0 0.68125 0.54609375 0.0203125 0.0265625
0 0.60625 0.55390625 0.015625 0.0234375