0 0.30859375 0.5578125 0.021875 0.0328125
0 0.37265625 0.51640625 0.0140625 0.021875
0 0.4 0.5 0.009375 0.0140625
1 0.52578125 0.51015625 0.009375 0.0140625
1 0.546875 0.53046875 0.0140625 0.021875
1 0.5953125 0.57890625 0.0234375 0.034375
1 0.79453125 0.76875 0.0703125 0.0921875
0 0.4109375 0.4890625 0.0078125 0.0125
1 0.50078125 0.49296875 0.00625 0.0109375
1 0.4359375 0.4828125 0.00625 0.009375
0 0.371875 0.48203125 0.00625 0.0109375
1 0.31796875 0.47265625 0.00625 0.009375
0 0.30234375 0.475 0.00625 0.009375
0 0.2234375 0.471875 0.00625 0.009375
1 0.1890625 0.46640625 0.00625 0.009375
0 0.1296875 0.471875 0.00625 0.0109375