0 0.13046875 0.6109375 0.0296875 0.0390625
0 0.43203125 0.62265625 0.0265625 0.0390625
0 0.4703125 0.56953125 0.015625 0.021875
0 0.28984375 0.56328125 0.0171875 0.021875
0 0.28515625 0.5421875 0.0109375 0.01875
0 0.4421875 0.5453125 0.0109375 0.01875
1 0.54765625 0.546875 0.009375 0.0140625
1 0.62734375 0.575 0.0140625 0.021875
1 0.70859375 0.63359375 0.0265625 0.0390625
0 0.25390625 0.8125 0.0765625 0.1046875
0 0.3828125 0.53046875 0.009375 0.0140625
0 0.33828125 0.5234375 0.0078125 0.0125
0 0.29140625 0.51875 0.00625 0.0109375
1 0.33203125 0.515625 0.0078125 0.0109375
1 0.39921875 0.521875 0.0078125 0.0109375
1 0.4609375 0.53046875 0.009375 0.0125