0 0.6296875 0.628125 0.0328125 0.040625
0 0.3421875 0.58046875 0.034375 0.0421875
0 0.43984375 0.54296875 0.01875 0.025
0 0.4875 0.528125 0.0140625 0.01875
0 0.61484375 0.57421875 0.015625 0.0234375
1 0.1078125 0.52421875 0.034375 0.040625
1 0.2859375 0.50546875 0.01875 0.0234375
1 0.378125 0.5015625 0.0125 0.0171875
1 0.7625 0.6015625 0.01875 0.0234375
1 0.71484375 0.5703125 0.0125 0.0171875
0 0.85703125 0.77890625 0.028125 0.059375
1 0.68828125 0.55625 0.0109375 0.0140625
1 0.63671875 0.5390625 0.009375 0.0125
0 0.621875 0.55234375 0.0125 0.015625
0 0.60859375 0.54140625 0.0109375 0.015625
0 0.57421875 0.53203125 0.009375 0.0140625
0 0.52890625 0.525 0.0109375 0.015625
1 0.540625 0.51796875 0.009375 0.0125
1 0.45546875 0.50546875 0.0109375 0.0140625