0 0.23203125 0.5953125 0.0375 0.053125
0 0.30390625 0.53125 0.01875 0.028125
0 0.27109375 0.5046875 0.0140625 0.0203125
0 0.1734375 0.4875 0.0140625 0.01875
1 0.2375 0.48125 0.0125 0.015625
1 0.39609375 0.50703125 0.0140625 0.01875
1 0.4953125 0.5390625 0.0171875 0.0234375
1 0.6078125 0.621875 0.0359375 0.046875
1 0.84453125 0.553125 0.009375 0.0140625
0 0.7921875 0.55078125 0.0109375 0.015625
1 0.7421875 0.53203125 0.00625 0.0109375
0 0.6890625 0.52890625 0.009375 0.0125
1 0.66875 0.51796875 0.00625 0.0109375
0 0.6171875 0.5140625 0.0078125 0.0109375
1 0.6109375 0.50703125 0.00625 0.009375
0 0.56015625 0.503125 0.0078125 0.0109375