0 0.2328125 0.6203125 0.0234375 0.0359375
0 0.4421875 0.5578125 0.01875 0.028125
0 0.5046875 0.52109375 0.0125 0.0203125
1 0.6546875 0.6015625 0.040625 0.0609375
1 0.76328125 0.521875 0.0234375 0.034375
1 0.7796875 0.490625 0.015625 0.0234375
1 0.71875 0.48984375 0.0140625 0.0203125
1 0.9140625 0.76796875 0.078125 0.1359375
1 0.6640625 0.4875 0.0109375 0.0171875
1 0.621875 0.48828125 0.009375 0.0140625
0 0.43828125 0.52578125 0.009375 0.0171875
0 0.30078125 0.54375 0.009375 0.0140625
0 0.17109375 0.56640625 0.0078125 0.0140625