0 0.21875 0.675 0.04609375 0.0671875
0 0.38828125 0.54453125 0.01796875 0.028125
0 0.44609375 0.50546875 0.01171875 0.0171875
1 0.62265625 0.5 0.01015625 0.01640625
1 0.68046875 0.5171875 0.0125 0.0203125
1 0.78984375 0.54140625 0.01875 0.0296875
1 0.5875 0.484375 0.0078125 0.0125
1 0.5625 0.47734375 0.00625 0.01015625
1 0.525 0.475 0.00546875 0.009375
0 0.46796875 0.4890625 0.00859375 0.01484375
0 0.46796875 0.4796875 0.00703125 0.0109375
0 0.10859375 0.51484375 0.01015625 0.01875
0 0.10234375 0.4953125 0.0078125 0.0125