1 0.67890625 0.66484375 0.05625 0.075
1 0.50234375 0.5578125 0.0234375 0.03125
1 0.4171875 0.53046875 0.015625 0.0203125
1 0.33125 0.528125 0.0109375 0.015625
0 0.24296875 0.60390625 0.025 0.0359375
0 0.265625 0.5609375 0.01875 0.0234375
0 0.228125 0.55234375 0.0140625 0.01875
0 0.1359375 0.5609375 0.0125 0.0171875
1 0.1859375 0.54296875 0.0109375 0.015625
0 0.471875 0.49140625 0.00625 0.009375
1 0.51875 0.4828125 0.00625 0.0078125
0 0.5234375 0.4875 0.00625 0.009375
1 0.57109375 0.4796875 0.00625 0.0109375
0 0.5859375 0.484375 0.00625 0.0109375
1 0.63671875 0.475 0.00625 0.009375
0 0.675 0.48046875 0.0078125 0.0125
1 0.7234375 0.4703125 0.00625 0.0109375
0 0.79765625 0.4734375 0.0109375 0.015625
1 0.8359375 0.46328125 0.0078125 0.0125