0 0.24609375 0.7125 0.0546875 0.0734375
0 0.3953125 0.559375 0.021875 0.0296875
0 0.44765625 0.51328125 0.0140625 0.01875
1 0.62109375 0.4828125 0.0125 0.0171875
1 0.68125 0.4921875 0.015625 0.021875
1 0.79296875 0.50078125 0.0234375 0.03125
1 0.584375 0.47265625 0.009375 0.0140625
1 0.55859375 0.46875 0.0078125 0.0109375
1 0.52109375 0.471875 0.00625 0.009375
0 0.46640625 0.49375 0.0109375 0.015625
0 0.465625 0.484375 0.0078125 0.0125
0 0.11484375 0.56953125 0.0125 0.0203125
0 0.10546875 0.55078125 0.009375 0.0140625