0 0.13203125 0.6390625 0.028125 0.0421875
0 0.4921875 0.7671875 0.0640625 0.090625
1 0.2984375 0.58671875 0.01875 0.0296875
1 0.64296875 0.6234375 0.028125 0.04375
1 0.815625 0.553125 0.0140625 0.021875
1 0.5734375 0.5578125 0.0125 0.021875
1 0.37265625 0.54921875 0.0125 0.01875
1 0.26015625 0.5453125 0.009375 0.015625
0 0.87109375 0.53671875 0.0109375 0.015625
0 0.74921875 0.53828125 0.0109375 0.015625
0 0.56640625 0.5390625 0.0109375 0.015625
0 0.4171875 0.5375 0.0078125 0.0140625
0 0.15234375 0.51796875 0.00625 0.0140625
0 0.1609375 0.51796875 0.00625 0.0140625
1 0.20625 0.54140625 0.0078125 0.0140625
0 0.29609375 0.53359375 0.0078125 0.0125
0 0.34375 0.5359375 0.009375 0.0140625