0 0.384375 0.621875 0.0296875 0.040625
0 0.44296875 0.5578125 0.0203125 0.0234375
0 0.35625 0.56953125 0.015625 0.01875
0 0.19140625 0.60859375 0.0140625 0.0171875
1 0.87109375 0.7015625 0.1 0.1234375
1 0.83515625 0.52421875 0.0375 0.05
1 0.78671875 0.48515625 0.025 0.03125
1 0.69453125 0.49140625 0.01875 0.025
1 0.61796875 0.4984375 0.0140625 0.0203125
1 0.5609375 0.50390625 0.0109375 0.015625
1 0.4765625 0.51875 0.009375 0.0125
1 0.36640625 0.54609375 0.0078125 0.0125
1 0.271875 0.571875 0.009375 0.0109375
1 0.1453125 0.60859375 0.0078125 0.0109375