0 0.11796875 0.59296875 0.034375 0.0453125
0 0.459375 0.7640625 0.075 0.096875
1 0.2890625 0.5609375 0.021875 0.03125
1 0.62734375 0.63984375 0.034375 0.046875
1 0.80703125 0.59140625 0.0171875 0.0234375
1 0.565625 0.56640625 0.015625 0.021875
1 0.3671875 0.53359375 0.0140625 0.0203125
1 0.25625 0.515625 0.0109375 0.0171875
0 0.8640625 0.58203125 0.0125 0.0171875
0 0.74296875 0.56796875 0.0125 0.0171875
0 0.5609375 0.546875 0.0125 0.0171875
0 0.41328125 0.52734375 0.009375 0.015625
0 0.15234375 0.47578125 0.0078125 0.0140625
0 0.1609375 0.4765625 0.0078125 0.0140625
1 0.203125 0.50546875 0.009375 0.015625
0 0.29375 0.50859375 0.009375 0.0125
0 0.340625 0.51640625 0.0109375 0.015625