0 0.6484375 0.60625 0.0265625 0.0375
0 0.35703125 0.60390625 0.028125 0.0390625
0 0.44765625 0.5515625 0.015625 0.0234375
0 0.49140625 0.5296875 0.0125 0.0171875
0 0.625 0.55546875 0.0125 0.021875
1 0.11640625 0.58515625 0.028125 0.0375
1 0.2890625 0.5390625 0.015625 0.021875
1 0.38046875 0.5203125 0.0109375 0.015625
1 0.77578125 0.559375 0.015625 0.021875
1 0.72265625 0.5359375 0.0109375 0.015625
0 0.89609375 0.71953125 0.0203125 0.05625
1 0.69453125 0.52578125 0.009375 0.0140625
1 0.64140625 0.5171875 0.0078125 0.0125
0 0.628125 0.5328125 0.0109375 0.015625
0 0.61328125 0.52421875 0.009375 0.0140625
0 0.57890625 0.5203125 0.0078125 0.0125
0 0.5328125 0.5203125 0.009375 0.0140625
1 0.54296875 0.51171875 0.0078125 0.0125
1 0.45703125 0.5125 0.009375 0.0140625