0 0.88046875 0.6046875 0.0109375 0.015625
0 0.796875 0.578125 0.0109375 0.0140625
0 0.7515625 0.56328125 0.009375 0.0125
0 0.7328125 0.55390625 0.0078125 0.0109375
0 0.73671875 0.55 0.00625 0.009375
0 0.7546875 0.55234375 0.0078125 0.009375
0 0.76953125 0.55234375 0.0078125 0.009375
1 0.83671875 0.58125 0.009375 0.0125
1 0.81875 0.57109375 0.0078125 0.0109375
1 0.82890625 0.57109375 0.0078125 0.009375
1 0.84453125 0.5734375 0.0078125 0.009375
1 0.82734375 0.56328125 0.00625 0.0078125
1 0.81015625 0.55625 0.00625 0.0078125
0 0.7671875 0.5484375 0.0046875 0.0078125
1 0.7734375 0.54609375 0.00625 0.0078125
0 0.75390625 0.54375 0.00625 0.0078125