1 0.703125 0.54921875 0.0171875 0.025
1 0.66171875 0.528125 0.0125 0.01875
1 0.62265625 0.515625 0.0109375 0.0140625
0 0.4171875 0.521875 0.0171875 0.0234375
0 0.2 0.62578125 0.0515625 0.0671875
0 0.43515625 0.50234375 0.0109375 0.0171875
0 0.4421875 0.4921875 0.009375 0.0140625
0 0.40703125 0.484375 0.0078125 0.0125
1 0.62734375 0.5125 0.009375 0.015625
1 0.759375 0.534375 0.0109375 0.01875
0 0.7890625 0.525 0.009375 0.0140625
0 0.70703125 0.5125 0.009375 0.0140625
1 0.58359375 0.50234375 0.009375 0.0140625
1 0.55625 0.49609375 0.0078125 0.0109375
0 0.9046875 0.54140625 0.0078125 0.0140625