1 0.26953125 0.6953125 0.040625 0.0578125
1 0.1140625 0.60703125 0.0203125 0.03125
1 0.228125 0.5640625 0.0109375 0.0171875
0 0.1 0.57109375 0.0109375 0.0171875
1 0.4140625 0.584375 0.015625 0.028125
1 0.46875 0.55390625 0.0109375 0.01875
0 0.61328125 0.53828125 0.009375 0.0140625
0 0.5953125 0.55 0.0125 0.01875
0 0.59375 0.571875 0.015625 0.025
0 0.66171875 0.6484375 0.03125 0.0484375
1 0.51015625 0.54140625 0.0078125 0.0140625
0 0.37890625 0.51875 0.0078125 0.0140625
0 0.3890625 0.51796875 0.00625 0.0140625
0 0.1 0.53984375 0.0046875 0.0078125
0 0.10859375 0.5359375 0.0046875 0.00625
0 0.11875 0.53671875 0.0046875 0.00625