1 0.26875 0.6578125 0.028125 0.04375
1 0.10390625 0.646875 0.025 0.040625
1 0.1515625 0.59140625 0.015625 0.021875
0 0.23046875 0.55859375 0.009375 0.015625
1 0.259375 0.5734375 0.0125 0.01875
1 0.36953125 0.56640625 0.0125 0.0171875
0 0.41484375 0.5515625 0.009375 0.0171875
0 0.5828125 0.553125 0.009375 0.0171875
1 0.5625 0.56953125 0.015625 0.0203125
1 0.72890625 0.628125 0.0265625 0.040625
1 0.8234375 0.56484375 0.015625 0.021875
0 0.75546875 0.55 0.009375 0.0171875
0 0.89921875 0.5390625 0.009375 0.0140625
1 0.0953125 0.61640625 0.0125 0.028125