1 0.65390625 0.5703125 0.028125 0.0390625
1 0.4875 0.54140625 0.0203125 0.025
1 0.43828125 0.52890625 0.0125 0.021875
0 0.14609375 0.59296875 0.0234375 0.034375
0 0.178125 0.553125 0.0171875 0.021875
0 0.13984375 0.540625 0.0109375 0.0171875
1 0.39765625 0.51796875 0.0109375 0.01875
1 0.4125 0.5140625 0.0125 0.01875
1 0.1453125 0.52109375 0.00625 0.0109375
1 0.30625 0.515625 0.0078125 0.0140625
0 0.76015625 0.51171875 0.0125 0.021875
0 0.65234375 0.509375 0.0125 0.01875
0 0.58828125 0.49765625 0.0078125 0.0140625
0 0.5546875 0.4921875 0.00625 0.0125
1 0.40390625 0.50703125 0.0078125 0.0140625