0 0.48984375 0.5859375 0.025 0.0375
0 0.18515625 0.5734375 0.0265625 0.0390625
0 0.22421875 0.53203125 0.0171875 0.025
0 0.45234375 0.53515625 0.0140625 0.021875
0 0.3796875 0.5125 0.009375 0.015625
1 0.48125 0.5125 0.0109375 0.0140625
1 0.6 0.5375 0.0125 0.021875
1 0.74765625 0.59296875 0.028125 0.0375
0 0.359375 0.82265625 0.0921875 0.128125
0 0.27578125 0.49765625 0.0078125 0.0125
0 0.3265625 0.503125 0.0078125 0.015625
1 0.33046875 0.4953125 0.00625 0.0125
1 0.40703125 0.5015625 0.009375 0.0140625