0 0.34453125 0.6390625 0.0359375 0.05
0 0.26953125 0.59453125 0.021875 0.028125
0 0.20546875 0.58125 0.0140625 0.0203125
1 0.34140625 0.5421875 0.0140625 0.01875
1 0.45078125 0.5359375 0.01875 0.0234375
1 0.66328125 0.54140625 0.034375 0.0421875
0 0.10234375 0.57421875 0.0078125 0.009375
0 0.11796875 0.57265625 0.0078125 0.009375
0 0.13515625 0.571875 0.0078125 0.0109375
0 0.14140625 0.5765625 0.009375 0.0140625
1 0.22890625 0.55078125 0.009375 0.0125
1 0.20703125 0.55078125 0.0078125 0.0109375
1 0.18203125 0.5546875 0.0078125 0.0109375
1 0.1578125 0.5578125 0.00625 0.009375
1 0.12578125 0.5640625 0.00625 0.0078125