0 0.296875 0.74140625 0.05625 0.0703125
0 0.91015625 0.60234375 0.0484375 0.0640625
0 0.84765625 0.4875 0.0140625 0.01875
1 0.27890625 0.5984375 0.015625 0.021875
1 0.36484375 0.63125 0.028125 0.0390625
1 0.48828125 0.55 0.015625 0.0203125
1 0.5703125 0.5328125 0.0140625 0.01875
1 0.65 0.52109375 0.0125 0.0203125
1 0.72890625 0.515625 0.0171875 0.021875
1 0.78046875 0.5265625 0.01875 0.0265625
1 0.71015625 0.5640625 0.03125 0.0375
0 0.72578125 0.49765625 0.0109375 0.015625
0 0.6046875 0.5140625 0.0109375 0.015625
0 0.53125 0.52890625 0.009375 0.015625
0 0.43046875 0.55078125 0.009375 0.015625
0 0.26640625 0.5859375 0.0109375 0.0171875
0 0.11015625 0.615625 0.0125 0.0171875