1 0.3578125 0.584375 0.025 0.0421875
1 0.40234375 0.525 0.0109375 0.015625
1 0.3984375 0.54140625 0.0171875 0.028125
1 0.43359375 0.50703125 0.0078125 0.015625
1 0.44296875 0.4984375 0.0078125 0.0125
1 0.4484375 0.4921875 0.00625 0.0109375
1 0.45078125 0.4890625 0.0046875 0.0109375
1 0.46015625 0.48515625 0.0046875 0.009375
1 0.49296875 0.4796875 0.0046875 0.0078125
0 0.52578125 0.48046875 0.0046875 0.009375
0 0.534375 0.48359375 0.00625 0.0109375
0 0.546875 0.48828125 0.00625 0.0125
0 0.5609375 0.49453125 0.009375 0.015625
0 0.58359375 0.5046875 0.0125 0.0203125
0 0.61640625 0.52109375 0.015625 0.0265625
1 0.534375 0.47421875 0.0046875 0.0078125
0 0.55546875 0.47578125 0.0046875 0.0078125
1 0.58515625 0.46875 0.0046875 0.0078125
0 0.60546875 0.46796875 0.0046875 0.0078125
1 0.6453125 0.46171875 0.0046875 0.0078125
0 0.6640625 0.4625 0.0046875 0.0078125
1 0.7125 0.45546875 0.0046875 0.0078125
0 0.7296875 0.45625 0.0046875 0.0078125
0 0.8 0.45078125 0.0046875 0.0078125
1 0.77578125 0.4515625 0.0046875 0.0078125
1 0.84140625 0.4453125 0.0046875 0.0078125
0 0.89140625 0.44296875 0.0046875 0.0078125
1 0.90859375 0.43984375 0.0046875 0.0078125