0 0.48359375 0.33515625 0.0078125 0.0125
0 0.4703125 0.34140625 0.0078125 0.0109375
0 0.47265625 0.34296875 0.00625 0.0140625
0 0.46796875 0.3484375 0.009375 0.0171875
0 0.4609375 0.3578125 0.0109375 0.0203125
0 0.440625 0.37578125 0.0140625 0.01875
1 0.559375 0.32421875 0.0078125 0.0125
1 0.56875 0.32578125 0.00625 0.0140625
1 0.57578125 0.33125 0.009375 0.0109375
1 0.578125 0.3328125 0.00625 0.015625
1 0.57578125 0.34375 0.0125 0.0203125
1 0.59921875 0.34453125 0.0140625 0.021875
1 0.6140625 0.35546875 0.0140625 0.025