0 0.778125 0.67578125 0.04375 0.078125
0 0.62421875 0.5703125 0.021875 0.0359375
0 0.4671875 0.5390625 0.015625 0.0265625
0 0.44921875 0.5140625 0.009375 0.01875
0 0.51015625 0.50703125 0.00625 0.0140625
1 0.49453125 0.5015625 0.00625 0.0140625
1 0.21640625 0.6734375 0.05 0.078125
1 0.275 0.57734375 0.0234375 0.040625
1 0.21328125 0.553125 0.01875 0.0328125
1 0.246875 0.51640625 0.0109375 0.01875
1 0.115625 0.54140625 0.015625 0.0265625
1 0.1359375 0.5296875 0.0125 0.0171875
1 0.35078125 0.51015625 0.009375 0.0171875
0 0.365625 0.5234375 0.0109375 0.021875
1 0.41640625 0.5015625 0.00625 0.0125
1 0.4109375 0.50546875 0.00625 0.0140625