1 0.590625 0.3890625 0.0109375 0.0171875
1 0.6109375 0.39765625 0.0125 0.0203125
1 0.6234375 0.40859375 0.015625 0.01875
1 0.6328125 0.41953125 0.0203125 0.028125
1 0.6453125 0.45546875 0.0265625 0.04375
1 0.70859375 0.47265625 0.034375 0.05
1 0.81875 0.56171875 0.0546875 0.0859375
0 0.4734375 0.39609375 0.0109375 0.01875
0 0.44609375 0.40703125 0.0125 0.0171875
0 0.4421875 0.41484375 0.0171875 0.028125
0 0.4234375 0.43046875 0.021875 0.034375
0 0.38125 0.46484375 0.028125 0.0484375
0 0.2421875 0.55859375 0.0625 0.065625