1 0.91484375 0.734375 0.071875 0.1171875
1 0.82109375 0.553125 0.0328125 0.0453125
1 0.65234375 0.48671875 0.0203125 0.0296875
1 0.5953125 0.43203125 0.0078125 0.0125
1 0.4828125 0.41640625 0.0078125 0.0140625
1 0.415625 0.43359375 0.015625 0.025
1 0.38125 0.40625 0.0109375 0.015625
1 0.3390625 0.409375 0.0125 0.01875
0 0.32109375 0.39453125 0.009375 0.0140625
0 0.23984375 0.4140625 0.01875 0.0265625
0 0.23359375 0.39296875 0.0109375 0.0171875
0 0.3875 0.534375 0.046875 0.0671875
0 0.509375 0.48203125 0.0234375 0.0359375
0 0.46015625 0.409375 0.0078125 0.0125
0 0.609375 0.43046875 0.0078125 0.0109375
0 0.73046875 0.4515625 0.0078125 0.0125
1 0.7109375 0.4515625 0.009375 0.0140625
1 0.82578125 0.47421875 0.0109375 0.015625
0 0.87421875 0.47890625 0.009375 0.0140625
1 0.91171875 0.4953125 0.0125 0.01875