1 0.64296875 0.475 0.028125 0.040625
1 0.59296875 0.45390625 0.01875 0.028125
1 0.56171875 0.44140625 0.0140625 0.0203125
1 0.5421875 0.4359375 0.0109375 0.015625
1 0.48828125 0.44140625 0.009375 0.0140625
1 0.39453125 0.46015625 0.0078125 0.0140625
1 0.26328125 0.4921875 0.0078125 0.0125
1 0.16875 0.51875 0.0109375 0.015625
1 0.1015625 0.54453125 0.0125 0.0171875
0 0.35390625 0.54375 0.0265625 0.040625
0 0.39609375 0.49921875 0.0171875 0.0265625
0 0.428125 0.4625 0.0109375 0.015625
0 0.42421875 0.475 0.0140625 0.0203125
0 0.35078125 0.47734375 0.009375 0.0140625
0 0.24921875 0.50703125 0.0109375 0.015625