1 0.12734375 0.5390625 0.01875 0.0234375
0 0.146875 0.55078125 0.025 0.03125
1 0.26015625 0.48984375 0.0140625 0.01875
0 0.30703125 0.48359375 0.0140625 0.0203125
0 0.51875 0.425 0.015625 0.0203125
1 0.49765625 0.421875 0.0140625 0.01875
1 0.65234375 0.38203125 0.0125 0.01875
1 0.696875 0.35 0.0078125 0.0109375
1 0.71953125 0.3421875 0.00625 0.0109375
1 0.73984375 0.34453125 0.009375 0.0125
1 0.75625 0.35390625 0.0109375 0.01875
0 0.753125 0.36484375 0.0171875 0.021875
0 0.7609375 0.33359375 0.0078125 0.0109375
0 0.76875 0.3296875 0.0078125 0.009375
0 0.8046875 0.32734375 0.0078125 0.0125
1 0.8046875 0.31796875 0.00625 0.0078125
1 0.8125 0.3296875 0.009375 0.0140625
0 0.82265625 0.31484375 0.0078125 0.009375
1 0.84140625 0.33046875 0.0140625 0.01875
1 0.85546875 0.32265625 0.0125 0.0171875
0 0.9296875 0.315625 0.015625 0.0171875
0 0.89921875 0.30703125 0.0109375 0.0140625
1 0.90078125 0.29296875 0.00625 0.009375
0 0.9046875 0.29375 0.0078125 0.009375