1 0.49375 0.57578125 0.003125 0.0046875
1 0.496875 0.5765625 0.003125 0.0078125
1 0.49296875 0.57890625 0.003125 0.0078125
1 0.503125 0.57421875 0.003125 0.0078125
1 0.51015625 0.5703125 0.0015625 0.00625
1 0.50859375 0.57109375 0.003125 0.00625
1 0.50625 0.57265625 0.003125 0.00625
1 0.5140625 0.56953125 0.003125 0.00625
0 0.54921875 0.57265625 0.003125 0.00625
0 0.55078125 0.57421875 0.003125 0.00625
0 0.55234375 0.575 0.003125 0.00625
0 0.55390625 0.5765625 0.003125 0.00625
0 0.55546875 0.578125 0.003125 0.0078125
0 0.5578125 0.5796875 0.003125 0.0078125
1 0.5328125 0.5703125 0.003125 0.00625
1 0.5578125 0.571875 0.003125 0.00625
0 0.5671875 0.57265625 0.003125 0.00625
0 0.5984375 0.57421875 0.003125 0.00625
1 0.5890625 0.57265625 0.003125 0.00625
1 0.62734375 0.575 0.003125 0.0046875
0 0.63515625 0.57578125 0.003125 0.00625
0 0.675 0.578125 0.003125 0.0046875
1 0.66953125 0.57734375 0.003125 0.0046875
1 0.70703125 0.58046875 0.003125 0.0046875
0 0.71640625 0.58125 0.003125 0.00625
0 0.765625 0.584375 0.003125 0.0046875
1 0.746875 0.58203125 0.003125 0.00625
1 0.78203125 0.58359375 0.003125 0.0046875