0 0.59296875 0.5953125 0.0484375 0.071875
1 0.096875 0.7140625 0.0640625 0.084375
1 0.1015625 0.5875 0.025 0.0296875
1 0.2984375 0.52578125 0.0140625 0.021875
0 0.22890625 0.5796875 0.028125 0.0359375
0 0.4640625 0.4890625 0.015625 0.0203125
0 0.38515625 0.51953125 0.0171875 0.0265625
1 0.3875 0.49609375 0.0109375 0.0171875
1 0.4 0.4859375 0.009375 0.0140625
1 0.40703125 0.47890625 0.0078125 0.0125
1 0.4109375 0.47421875 0.0078125 0.0109375
1 0.41484375 0.4703125 0.00625 0.009375
0 0.50859375 0.46875 0.0109375 0.015625