0 0.2203125 0.89609375 0.0875 0.1484375
0 0.18984375 0.75234375 0.0640625 0.06875
1 0.9453125 0.4234375 0.021875 0.03125
1 0.87890625 0.609375 0.06875 0.0953125
1 0.734375 0.50859375 0.0265625 0.0421875
1 0.78125 0.46328125 0.01875 0.0296875
0 0.428125 0.6421875 0.0390625 0.0609375
0 0.425 0.5828125 0.028125 0.0390625
0 0.49609375 0.55390625 0.021875 0.034375
0 0.51171875 0.525 0.0171875 0.0265625
0 0.553125 0.49609375 0.0125 0.01875
0 0.59140625 0.490625 0.0140625 0.021875
0 0.5828125 0.4765625 0.009375 0.015625