1 0.12734375 0.46015625 0.015625 0.021875
0 0.14375 0.4765625 0.0203125 0.028125
1 0.26796875 0.43984375 0.0109375 0.0171875
0 0.31484375 0.44375 0.0109375 0.01875
0 0.53359375 0.43046875 0.0109375 0.01875
1 0.5140625 0.4234375 0.0109375 0.0171875
1 0.6734375 0.41640625 0.009375 0.0171875
1 0.72421875 0.39453125 0.00625 0.0109375
1 0.74765625 0.390625 0.0046875 0.009375
1 0.7671875 0.39765625 0.0078125 0.0125
1 0.78125 0.4109375 0.0078125 0.0171875
0 0.77578125 0.4203125 0.0125 0.0203125
0 0.78984375 0.3921875 0.00625 0.009375
0 0.7984375 0.3890625 0.00625 0.009375
0 0.834375 0.39453125 0.00625 0.0109375
1 0.8359375 0.38515625 0.0046875 0.0078125
1 0.84140625 0.3984375 0.0078125 0.0140625
0 0.8546875 0.3859375 0.00625 0.0078125
1 0.86953125 0.40546875 0.0109375 0.0171875
1 0.884375 0.4 0.0109375 0.015625
0 0.95859375 0.409375 0.0125 0.0140625
0 0.93125 0.39375 0.009375 0.0125
1 0.93515625 0.38046875 0.0046875 0.009375
0 0.93828125 0.38203125 0.00625 0.009375