1 0.39453125 0.1046875 0.0125 0.0234375
1 0.38125 0.11484375 0.0140625 0.028125
1 0.3671875 0.12734375 0.015625 0.034375
1 0.35703125 0.14453125 0.025 0.040625
1 0.3125 0.175 0.034375 0.0546875
1 0.23359375 0.24140625 0.0578125 0.0859375
0 0.5328125 0.1234375 0.0125 0.021875
0 0.54921875 0.13515625 0.015625 0.0265625
0 0.5703125 0.15 0.0171875 0.03125
0 0.6015625 0.17421875 0.0203125 0.0390625
0 0.659375 0.2140625 0.0296875 0.0515625
0 0.72578125 0.290625 0.05 0.0765625
1 0.0359375 0.5109375 0.0421875 0.065625