1 0.4921875 0.3640625 0.0109375 0.01875
1 0.503125 0.371875 0.0109375 0.0203125
1 0.5140625 0.38203125 0.0140625 0.0234375
1 0.5234375 0.3953125 0.015625 0.028125
1 0.553125 0.41640625 0.0234375 0.0359375
1 0.59375 0.45703125 0.0328125 0.0484375
1 0.69140625 0.5546875 0.0515625 0.08125
0 0.36953125 0.3515625 0.0125 0.021875
0 0.34765625 0.35625 0.0140625 0.0234375
0 0.3375 0.365625 0.0171875 0.028125
0 0.3171875 0.3796875 0.0203125 0.0359375
0 0.2734375 0.409375 0.0296875 0.05
0 0.15859375 0.4875 0.0578125 0.0859375