1 0.28828125 0.63515625 0.0578125 0.0890625
1 0.3 0.5296875 0.028125 0.046875
1 0.4234375 0.49453125 0.0171875 0.0296875
1 0.48515625 0.53828125 0.0296875 0.0453125
1 0.48984375 0.47421875 0.0125 0.021875
1 0.5625 0.503125 0.0203125 0.0296875
1 0.5734375 0.46875 0.0109375 0.0171875
1 0.61015625 0.48515625 0.0140625 0.0234375
1 0.67109375 0.4765625 0.0109375 0.01875
0 0.51015625 0.44765625 0.00625 0.0109375
0 0.4875 0.45390625 0.0078125 0.0140625
0 0.46640625 0.45078125 0.0078125 0.0140625
0 0.4125 0.4546875 0.009375 0.015625
0 0.3765625 0.46171875 0.0109375 0.01875
0 0.328125 0.46171875 0.0125 0.0203125
0 0.296875 0.4734375 0.015625 0.025
0 0.18671875 0.475 0.021875 0.021875
0 0.18828125 0.4875 0.0203125 0.0328125