1 0.60703125 0.4046875 0.0140625 0.01875
1 0.625 0.415625 0.015625 0.021875
1 0.6359375 0.42890625 0.0171875 0.0203125
1 0.64375 0.440625 0.025 0.03125
1 0.65078125 0.47890625 0.0328125 0.046875
1 0.71015625 0.50546875 0.040625 0.053125
1 0.8046875 0.61015625 0.0671875 0.090625
0 0.48984375 0.39375 0.0140625 0.0203125
0 0.46171875 0.4 0.0140625 0.01875
0 0.45625 0.40625 0.0203125 0.0296875
0 0.43515625 0.41953125 0.028125 0.0375
0 0.38828125 0.446875 0.034375 0.0515625
0 0.2359375 0.51796875 0.0703125 0.0734375