1 0.1953125 0.73046875 0.0609375 0.1046875
1 0.2234375 0.60703125 0.0328125 0.053125
1 0.1484375 0.56875 0.021875 0.0359375
1 0.2140625 0.5421875 0.015625 0.0203125
1 0.3671875 0.51796875 0.0125 0.021875
0 0.5109375 0.5296875 0.0171875 0.0296875
1 0.5046875 0.50390625 0.0109375 0.01875
1 0.58359375 0.4953125 0.009375 0.015625
1 0.59140625 0.4890625 0.0078125 0.0140625
1 0.6890625 0.4859375 0.0078125 0.0140625
0 0.7109375 0.49453125 0.009375 0.0171875
0 0.65859375 0.56875 0.0265625 0.0453125
0 0.63125 0.50859375 0.0125 0.021875