1 0.11015625 0.50859375 0.015625 0.025
1 0.15859375 0.525 0.0203125 0.0328125
1 0.11484375 0.6203125 0.0421875 0.06875
0 0.30703125 0.5 0.0125 0.0234375
1 0.4140625 0.54375 0.0234375 0.0421875
1 0.45234375 0.5171875 0.0171875 0.0328125
0 0.42421875 0.4953125 0.0140625 0.0234375
0 0.4484375 0.484375 0.009375 0.01875
0 0.56328125 0.4796875 0.009375 0.01875
0 0.5578125 0.47578125 0.009375 0.0125
1 0.62265625 0.5109375 0.01875 0.03125
1 0.62890625 0.49140625 0.0109375 0.0234375
0 0.62578125 0.471875 0.0078125 0.015625
0 0.64765625 0.465625 0.0078125 0.0140625
0 0.68359375 0.4640625 0.0078125 0.0125
1 0.728125 0.49140625 0.0171875 0.025
1 0.70703125 0.478125 0.0109375 0.01875
0 0.71484375 0.459375 0.00625 0.0125
0 0.76484375 0.45390625 0.00625 0.0109375
1 0.76640625 0.46640625 0.009375 0.015625
0 0.78125 0.45546875 0.00625 0.0125
0 0.809375 0.45 0.0046875 0.0109375
1 0.803125 0.47890625 0.0140625 0.0203125
1 0.9375 0.46171875 0.009375 0.015625
1 0.8609375 0.46875 0.0109375 0.01875
1 0.84765625 0.4609375 0.009375 0.0140625