0 0.446875 0.453125 0.0171875 0.025
0 0.5328125 0.44765625 0.0125 0.01875
0 0.5265625 0.4265625 0.0078125 0.0109375
0 0.5125 0.41953125 0.00625 0.009375
0 0.55390625 0.42109375 0.00625 0.0078125
1 0.5671875 0.42734375 0.00625 0.009375
0 0.5890625 0.44609375 0.0109375 0.015625
1 0.590625 0.42734375 0.00625 0.0078125
1 0.60546875 0.43515625 0.0078125 0.0109375
0 0.640625 0.43203125 0.0046875 0.0078125
1 0.653125 0.434375 0.00625 0.0078125
0 0.63671875 0.44609375 0.0078125 0.0140625
1 0.63515625 0.471875 0.015625 0.0234375
1 0.66640625 0.50703125 0.025 0.0359375
1 0.75078125 0.5890625 0.040625 0.0640625
1 0.68125 0.4640625 0.0125 0.0171875
1 0.70625 0.453125 0.0078125 0.0125
1 0.73828125 0.4640625 0.0109375 0.0140625
1 0.728125 0.44375 0.0046875 0.0078125
0 0.7421875 0.44453125 0.0046875 0.0078125
1 0.803125 0.45546875 0.00625 0.009375
0 0.82578125 0.4578125 0.00625 0.0078125
1 0.8703125 0.4671875 0.0078125 0.0109375
1 0.90078125 0.4734375 0.0078125 0.0109375
0 0.91640625 0.471875 0.00625 0.009375
0 0.98046875 0.4828125 0.009375 0.0109375