1 0.1109375 0.82265625 0.0796875 0.1421875
1 0.17890625 0.6203125 0.0328125 0.053125
1 0.1546875 0.56484375 0.0234375 0.0328125
1 0.31015625 0.49296875 0.00625 0.009375
1 0.3265625 0.49609375 0.0078125 0.0109375
0 0.35390625 0.559375 0.0203125 0.0328125
0 0.365625 0.49140625 0.00625 0.009375
1 0.36328125 0.48828125 0.0046875 0.0078125
0 0.38828125 0.49296875 0.0046875 0.009375
0 0.3953125 0.48828125 0.0046875 0.0078125
1 0.41171875 0.52421875 0.0125 0.0203125
1 0.42421875 0.496875 0.0078125 0.0109375
1 0.43515625 0.48515625 0.0046875 0.0078125
0 0.453125 0.4859375 0.0046875 0.0078125
0 0.4625 0.49375 0.00625 0.0109375
1 0.51640625 0.496875 0.0078125 0.0125
0 0.53984375 0.528125 0.015625 0.021875
1 0.5390625 0.51171875 0.0109375 0.0171875
0 0.5640625 0.49375 0.00625 0.0109375
1 0.58125 0.496875 0.0078125 0.0125
1 0.59609375 0.50546875 0.0078125 0.015625
1 0.6140625 0.5 0.0078125 0.0140625
0 0.67734375 0.62109375 0.0359375 0.0578125
0 0.65546875 0.49453125 0.0078125 0.0125
0 0.68046875 0.5109375 0.0109375 0.0171875
0 0.71015625 0.5015625 0.0109375 0.0109375