0 0.49765625 0.334375 0.00625 0.01171875
0 0.484375 0.3390625 0.00625 0.01015625
0 0.48671875 0.34140625 0.00546875 0.0140625
0 0.48125 0.34609375 0.00859375 0.01640625
0 0.4734375 0.3546875 0.009375 0.01953125
0 0.4515625 0.37109375 0.01328125 0.01796875
1 0.57421875 0.3296875 0.00625 0.01171875
1 0.58359375 0.3328125 0.0046875 0.01328125
1 0.58984375 0.33828125 0.00859375 0.01015625
1 0.5921875 0.340625 0.00546875 0.015625
1 0.5890625 0.35078125 0.01015625 0.01875
1 0.6125 0.35390625 0.01171875 0.0203125
1 0.6265625 0.365625 0.0125 0.0234375