1 0.928125 0.478125 0.00625 0.0109375
1 0.83203125 0.4765625 0.00625 0.0109375
1 0.73125 0.47578125 0.00625 0.0109375
1 0.64140625 0.4765625 0.00625 0.0109375
1 0.565625 0.4796875 0.0078125 0.0125
1 0.5015625 0.4828125 0.0078125 0.0140625
1 0.44296875 0.4890625 0.0109375 0.0171875
1 0.41953125 0.5015625 0.0125 0.0203125
1 0.40625 0.5125 0.0140625 0.025
1 0.371875 0.54296875 0.0234375 0.0359375
1 0.2640625 0.63671875 0.04375 0.0734375
0 0.81015625 0.64140625 0.0515625 0.075
0 0.64921875 0.5421875 0.021875 0.0359375
0 0.59375 0.51171875 0.015625 0.0234375
0 0.5640625 0.4953125 0.0125 0.01875
0 0.60625 0.4859375 0.0078125 0.0140625
0 0.6828125 0.48125 0.00625 0.0125
0 0.7703125 0.48046875 0.00625 0.0125
0 0.87265625 0.48046875 0.00625 0.0125