1 0.1828125 0.5484375 0.028125 0.0390625
0 0.29765625 0.57421875 0.034375 0.0546875
1 0.503125 0.49296875 0.01875 0.03125
1 0.64921875 0.46484375 0.015625 0.0265625
1 0.6890625 0.43828125 0.0125 0.01875
1 0.71875 0.44375 0.015625 0.021875
0 0.75625 0.4796875 0.0234375 0.0359375
0 0.88359375 0.4390625 0.0203125 0.01875
0 0.8171875 0.42421875 0.0140625 0.01875
0 0.69296875 0.42890625 0.00625 0.015625
0 0.56015625 0.43828125 0.0078125 0.0140625
1 0.60703125 0.44140625 0.0109375 0.0171875
1 0.49140625 0.45 0.009375 0.0140625
0 0.484375 0.44140625 0.00625 0.0125
0 0.4765625 0.43828125 0.00625 0.009375
1 0.4046875 0.4515625 0.0078125 0.0125
1 0.4125 0.4453125 0.00625 0.0109375
1 0.49609375 0.43203125 0.0046875 0.009375
0 0.525 0.43046875 0.0046875 0.009375
1 0.58828125 0.42109375 0.0046875 0.0078125
0 0.60234375 0.4203125 0.00625 0.009375