0 0.03359375 0.6875 0.0671875 0.121875
0 0.10078125 0.52890625 0.0359375 0.05
0 0.1234375 0.4828125 0.021875 0.03125
0 0.13984375 0.46015625 0.0140625 0.021875
0 0.1484375 0.44765625 0.0109375 0.0171875
0 0.153125 0.43984375 0.009375 0.0140625
1 0.54765625 0.565625 0.0359375 0.0578125
1 0.43828125 0.5171875 0.0265625 0.040625
1 0.35703125 0.4828125 0.015625 0.0265625
1 0.31328125 0.4625 0.0109375 0.0203125
1 0.30078125 0.4515625 0.009375 0.0109375
1 0.271875 0.4421875 0.009375 0.0140625
1 0.2578125 0.4375 0.0078125 0.0125