0 0.4671875 0.634375 0.00703125 0.02109375
0 0.4515625 0.6234375 0.009375 0.01875
0 0.43671875 0.6171875 0.009375 0.0171875
0 0.415625 0.60546875 0.00703125 0.01484375
1 0.3625 0.60234375 0.00625 0.0140625
1 0.38984375 0.596875 0.00546875 0.01171875
1 0.42421875 0.596875 0.00546875 0.01171875
1 0.475 0.6046875 0.00703125 0.01484375
1 0.5046875 0.60859375 0.0078125 0.0171875
1 0.5265625 0.61484375 0.00859375 0.0171875
0 0.56171875 0.621875 0.009375 0.01875
0 0.5921875 0.6328125 0.0109375 0.02109375